Month , Day , Year , High , Low , Open , Close
6 , 24 , 2021 , 230.04 , 226.67 , 228.46 , 229.93 
6 , 25 , 2021 , 227.82 , 223.22 , 226.97 , 224.54 
6 , 28 , 2021 , 248.06 , 226.13 , 227.64 , 246.69 
6 , 29 , 2021 , 261.15 , 250.01 , 250.20 , 254.90 
6 , 30 , 2021 , 254.67 , 247.00 , 248.30 , 253.30 
7 , 1 , 2021 , 255.15 , 240.53 , 251.09 , 241.44 
7 , 2 , 2021 , 246.80 , 238.88 , 242.00 , 240.72 
7 , 6 , 2021 , 243.00 , 234.02 , 243.00 , 235.41 
7 , 7 , 2021 , 252.99 , 232.34 , 238.96 , 251.97 
7 , 8 , 2021 , 246.60 , 233.61 , 239.00 , 244.29 
7 , 9 , 2021 , 256.99 , 244.21 , 246.91 , 253.88 
7 , 12 , 2021 , 254.89 , 246.83 , 254.00 , 247.67 
7 , 13 , 2021 , 249.15 , 242.93 , 245.51 , 243.31 
7 , 14 , 2021 , 247.45 , 229.16 , 244.90 , 229.94 
7 , 15 , 2021 , 234.47 , 220.37 , 229.94 , 224.63 
7 , 16 , 2021 , 231.30 , 220.66 , 227.20 , 225.01 
7 , 19 , 2021 , 221.89 , 213.22 , 216.92 , 220.61 
7 , 20 , 2021 , 226.89 , 213.23 , 216.71 , 224.96 
7 , 21 , 2021 , 237.15 , 229.19 , 231.70 , 230.87 
7 , 22 , 2021 , 232.32 , 224.50 , 232.00 , 226.08 
7 , 23 , 2021 , 227.35 , 222.73 , 226.22 , 224.92 
7 , 26 , 2021 , 249.80 , 237.88 , 240.08 , 245.45 
7 , 27 , 2021 , 243.21 , 229.12 , 243.00 , 235.08 
7 , 28 , 2021 , 242.87 , 238.03 , 240.30 , 241.75 
7 , 29 , 2021 , 245.16 , 235.33 , 241.77 , 235.78 
7 , 30 , 2021 , 238.07 , 231.90 , 233.28 , 236.58 
8 , 2 , 2021 , 240.38 , 233.80 , 237.28 , 235.40 
8 , 3 , 2021 , 235.69 , 226.91 , 233.87 , 230.18 
8 , 4 , 2021 , 245.47 , 229.85 , 231.06 , 244.36 
8 , 5 , 2021 , 258.31 , 237.59 , 239.76 , 255.50 
8 , 6 , 2021 , 263.90 , 250.23 , 255.50 , 258.26 
8 , 9 , 2021 , 282.43 , 267.50 , 268.00 , 280.47 
8 , 10 , 2021 , 281.50 , 264.25 , 280.67 , 269.67 
8 , 11 , 2021 , 294.00 , 274.35 , 282.34 , 278.40 
8 , 12 , 2021 , 267.75 , 255.20 , 266.39 , 256.50 
8 , 13 , 2021 , 266.50 , 259.97 , 262.82 , 261.25 
8 , 16 , 2021 , 265.43 , 253.60 , 265.26 , 256.83 
8 , 17 , 2021 , 260.74 , 246.23 , 253.14 , 250.80 
8 , 18 , 2021 , 254.40 , 243.76 , 249.00 , 244.39 
8 , 19 , 2021 , 249.77 , 239.19 , 240.60 , 248.24 
8 , 20 , 2021 , 260.62 , 251.42 , 252.00 , 257.32 
8 , 23 , 2021 , 266.50 , 255.00 , 263.67 , 256.00 
8 , 24 , 2021 , 260.25 , 253.20 , 256.99 , 259.28 
8 , 25 , 2021 , 262.11 , 256.00 , 257.00 , 256.77 
8 , 26 , 2021 , 255.20 , 248.50 , 253.21 , 248.54 
8 , 27 , 2021 , 259.67 , 248.09 , 249.39 , 259.12 
8 , 30 , 2021 , 263.34 , 256.25 , 256.35 , 262.66 
8 , 31 , 2021 , 263.40 , 257.18 , 260.02 , 259.00 
9 , 1 , 2021 , 272.10 , 258.63 , 260.31 , 265.90 
9 , 2 , 2021 , 275.66 , 266.00 , 272.54 , 268.18 
9 , 3 , 2021 , 280.61 , 270.03 , 272.00 , 278.44 
9 , 7 , 2021 , 278.87 , 262.60 , 277.00 , 266.81 
9 , 8 , 2021 , 262.95 , 253.88 , 257.00 , 258.20 
9 , 9 , 2021 , 263.81 , 255.70 , 260.30 , 256.42 
9 , 10 , 2021 , 258.87 , 247.40 , 257.31 , 248.32 
9 , 13 , 2021 , 251.88 , 239.60 , 246.51 , 242.84 
9 , 14 , 2021 , 248.79 , 241.27 , 247.25 , 243.00 
9 , 15 , 2021 , 249.47 , 242.05 , 244.00 , 247.07 
9 , 16 , 2021 , 247.46 , 239.61 , 247.38 , 243.21 
9 , 17 , 2021 , 245.63 , 238.75 , 243.43 , 245.19 
9 , 20 , 2021 , 237.36 , 231.15 , 234.45 , 236.53 
9 , 21 , 2021 , 240.26 , 234.26 , 237.01 , 238.46 
9 , 22 , 2021 , 243.20 , 237.76 , 239.91 , 241.85 
9 , 23 , 2021 , 245.80 , 237.07 , 244.57 , 237.50 
9 , 24 , 2021 , 235.31 , 229.17 , 231.00 , 231.82 
9 , 27 , 2021 , 233.40 , 227.35 , 231.88 , 232.24 
9 , 28 , 2021 , 232.51 , 227.52 , 229.68 , 229.84 
9 , 29 , 2021 , 233.77 , 225.04 , 231.00 , 225.28 
9 , 30 , 2021 , 229.99 , 225.28 , 227.00 , 227.48 
10 , 1 , 2021 , 235.76 , 226.93 , 232.89 , 231.15 
10 , 4 , 2021 , 233.10 , 224.51 , 231.49 , 229.31 
10 , 5 , 2021 , 240.09 , 230.79 , 231.61 , 240.09 
10 , 6 , 2021 , 252.14 , 242.20 , 242.40 , 250.38 
10 , 7 , 2021 , 253.00 , 245.65 , 248.00 , 251.59 
10 , 8 , 2021 , 256.18 , 246.90 , 253.53 , 248.14 
10 , 11 , 2021 , 263.19 , 248.49 , 249.57 , 256.50 
10 , 12 , 2021 , 256.37 , 246.08 , 254.26 , 249.33 
10 , 13 , 2021 , 249.73 , 244.56 , 246.50 , 246.78 
10 , 14 , 2021 , 262.95 , 249.10 , 250.90 , 260.00 
10 , 15 , 2021 , 281.72 , 266.53 , 266.60 , 280.61 
10 , 18 , 2021 , 296.98 , 271.50 , 275.74 , 293.34 
10 , 19 , 2021 , 307.85 , 294.11 , 300.00 , 305.63 
10 , 20 , 2021 , 317.37 , 303.96 , 306.66 , 314.71 
10 , 21 , 2021 , 317.18 , 298.00 , 311.96 , 300.01 
10 , 22 , 2021 , 306.00 , 293.62 , 302.00 , 300.84 
10 , 25 , 2021 , 327.00 , 305.11 , 306.76 , 325.54 
10 , 26 , 2021 , 328.48 , 315.51 , 328.15 , 319.49 
10 , 27 , 2021 , 320.28 , 306.50 , 309.33 , 311.67 
10 , 28 , 2021 , 327.72 , 311.00 , 319.81 , 319.13 
10 , 29 , 2021 , 326.50 , 316.14 , 319.32 , 319.42 
11 , 1 , 2021 , 338.43 , 323.90 , 324.77 , 330.99 
11 , 2 , 2021 , 345.25 , 332.14 , 336.33 , 336.34 
11 , 3 , 2021 , 344.47 , 328.31 , 335.26 , 344.38 
11 , 4 , 2021 , 345.85 , 333.88 , 340.74 , 344.45 
11 , 5 , 2021 , 345.23 , 333.44 , 345.23 , 337.05 
11 , 8 , 2021 , 363.17 , 345.56 , 349.50 , 353.92 
11 , 9 , 2021 , 368.90 , 345.06 , 367.39 , 357.39 
11 , 10 , 2021 , 348.98 , 320.00 , 327.22 , 328.60 
11 , 11 , 2021 , 342.49 , 327.00 , 327.43 , 336.39 
11 , 12 , 2021 , 344.00 , 332.56 , 339.25 , 342.98 
11 , 15 , 2021 , 355.20 , 339.03 , 345.10 , 345.36 
11 , 16 , 2021 , 347.40 , 331.58 , 333.14 , 342.12 
11 , 17 , 2021 , 348.49 , 338.18 , 342.03 , 346.52 
11 , 18 , 2021 , 344.84 , 323.41 , 342.79 , 323.57 
11 , 19 , 2021 , 339.41 , 325.40 , 325.56 , 332.55 
11 , 22 , 2021 , 335.90 , 310.67 , 333.33 , 315.48 
11 , 23 , 2021 , 319.70 , 304.60 , 312.50 , 317.20 
11 , 24 , 2021 , 316.32 , 305.88 , 308.16 , 312.38 
11 , 26 , 2021 , 307.92 , 299.15 , 301.30 , 303.19 
11 , 29 , 2021 , 321.58 , 306.75 , 312.22 , 319.39 
11 , 30 , 2021 , 331.70 , 310.98 , 320.75 , 315.00 
12 , 1 , 2021 , 323.00 , 293.70 , 318.60 , 294.50 
12 , 2 , 2021 , 305.32 , 283.82 , 295.16 , 284.71 
12 , 3 , 2021 , 286.00 , 258.16 , 286.00 , 265.65 
12 , 6 , 2021 , 267.23 , 244.46 , 253.13 , 263.24 
12 , 7 , 2021 , 290.19 , 274.91 , 277.65 , 286.42 
12 , 8 , 2021 , 290.00 , 278.29 , 284.44 , 287.48 
12 , 9 , 2021 , 284.99 , 258.92 , 284.97 , 263.91 
12 , 10 , 2021 , 269.19 , 250.15 , 266.30 , 255.76 
12 , 13 , 2021 , 256.50 , 244.80 , 253.00 , 251.37 
12 , 14 , 2021 , 260.50 , 243.50 , 247.28 , 255.86 
12 , 15 , 2021 , 261.17 , 242.26 , 254.49 , 258.30 
12 , 16 , 2021 , 268.26 , 244.63 , 264.46 , 247.17 
12 , 17 , 2021 , 250.48 , 236.00 , 240.00 , 243.35 
12 , 20 , 2021 , 239.37 , 231.77 , 236.56 , 238.05 
12 , 21 , 2021 , 248.12 , 239.59 , 244.15 , 247.69 
12 , 22 , 2021 , 254.79 , 245.64 , 248.51 , 254.55 
12 , 23 , 2021 , 269.31 , 253.50 , 256.56 , 268.15 
12 , 27 , 2021 , 281.99 , 270.20 , 270.26 , 280.27 
12 , 28 , 2021 , 270.98 , 259.69 , 270.00 , 261.33 
12 , 29 , 2021 , 263.01 , 251.37 , 256.67 , 252.60 
12 , 30 , 2021 , 260.00 , 252.04 , 252.60 , 256.79 
12 , 31 , 2021 , 259.22 , 251.52 , 255.81 , 252.37 
1 , 3 , 2022 , 257.03 , 250.64 , 256.28 , 251.05 
1 , 4 , 2022 , 258.81 , 244.14 , 253.50 , 250.15 
1 , 5 , 2022 , 248.69 , 232.86 , 247.72 , 234.23 
1 , 6 , 2022 , 235.98 , 224.88 , 233.19 , 234.00 
1 , 7 , 2022 , 238.48 , 227.59 , 233.63 , 232.33 
1 , 10 , 2022 , 225.26 , 214.64 , 224.43 , 225.01 
1 , 11 , 2022 , 238.00 , 222.18 , 225.50 , 237.23 
1 , 12 , 2022 , 246.27 , 234.42 , 242.11 , 234.70 
1 , 13 , 2022 , 242.87 , 227.19 , 241.99 , 228.23 
1 , 14 , 2022 , 232.00 , 222.30 , 226.62 , 230.03 
1 , 18 , 2022 , 227.19 , 219.60 , 226.82 , 222.00 
1 , 19 , 2022 , 227.17 , 218.82 , 224.25 , 219.50 
1 , 20 , 2022 , 232.00 , 220.84 , 222.30 , 221.62 
1 , 21 , 2022 , 210.19 , 186.86 , 209.98 , 191.97 
1 , 24 , 2022 , 191.86 , 162.51 , 173.18 , 191.48 
1 , 25 , 2022 , 193.12 , 177.15 , 185.17 , 185.63 
1 , 26 , 2022 , 198.05 , 177.00 , 193.60 , 178.64 
1 , 27 , 2022 , 182.75 , 168.58 , 182.03 , 170.20 
1 , 28 , 2022 , 181.75 , 162.20 , 169.10 , 177.58 
1 , 31 , 2022 , 192.00 , 175.03 , 177.87 , 190.15 
2 , 1 , 2022 , 201.45 , 188.62 , 197.97 , 197.73 
2 , 2 , 2022 , 197.00 , 181.73 , 195.81 , 187.37 
2 , 3 , 2022 , 189.30 , 179.00 , 182.26 , 181.31 
2 , 4 , 2022 , 197.00 , 177.45 , 181.02 , 194.44 
2 , 7 , 2022 , 211.11 , 198.20 , 198.70 , 205.74 
2 , 8 , 2022 , 209.25 , 196.75 , 200.31 , 208.73 
2 , 9 , 2022 , 215.25 , 207.61 , 210.18 , 214.50 
2 , 10 , 2022 , 217.49 , 202.86 , 210.57 , 204.77 
2 , 11 , 2022 , 205.98 , 191.02 , 205.80 , 194.53 
2 , 14 , 2022 , 203.56 , 193.46 , 193.48 , 195.25 
2 , 15 , 2022 , 209.31 , 201.18 , 202.31 , 208.95 
2 , 16 , 2022 , 214.02 , 203.83 , 205.38 , 207.96 
2 , 17 , 2022 , 206.31 , 188.93 , 202.10 , 191.92 
2 , 18 , 2022 , 192.72 , 180.54 , 191.08 , 189.16 
2 , 22 , 2022 , 185.75 , 173.16 , 180.87 , 176.76 
2 , 23 , 2022 , 183.34 , 171.77 , 180.69 , 172.74 
2 , 24 , 2022 , 183.00 , 155.92 , 159.08 , 179.56 
2 , 25 , 2022 , 182.09 , 170.40 , 180.24 , 176.83 
2 , 28 , 2022 , 192.23 , 172.09 , 172.50 , 190.77 
3 , 1 , 2022 , 205.88 , 189.63 , 196.28 , 196.17 
3 , 2 , 2022 , 196.15 , 189.51 , 192.26 , 194.50 
3 , 3 , 2022 , 194.92 , 177.15 , 194.57 , 178.03 
3 , 4 , 2022 , 178.66 , 162.16 , 177.61 , 165.75 
3 , 7 , 2022 , 172.98 , 160.23 , 168.25 , 161.14 
3 , 8 , 2022 , 168.35 , 156.53 , 160.10 , 161.99 
3 , 9 , 2022 , 181.45 , 173.51 , 174.26 , 178.97 
3 , 10 , 2022 , 174.49 , 168.10 , 173.14 , 172.97 
3 , 11 , 2022 , 175.75 , 160.00 , 175.35 , 160.07 
3 , 14 , 2022 , 161.70 , 150.42 , 159.72 , 153.19 
3 , 15 , 2022 , 156.42 , 150.12 , 152.90 , 155.98 
3 , 16 , 2022 , 173.07 , 160.00 , 160.47 , 172.53 
3 , 17 , 2022 , 177.50 , 168.00 , 170.73 , 177.22 
3 , 18 , 2022 , 186.69 , 175.00 , 175.03 , 185.94 
3 , 21 , 2022 , 183.59 , 171.70 , 181.62 , 176.81 
3 , 22 , 2022 , 188.81 , 178.50 , 180.50 , 186.08 
3 , 23 , 2022 , 189.55 , 181.80 , 184.72 , 183.11 
3 , 24 , 2022 , 192.00 , 179.50 , 185.26 , 190.19 
3 , 25 , 2022 , 195.70 , 182.80 , 192.26 , 186.71 
3 , 28 , 2022 , 203.27 , 193.01 , 193.31 , 201.41 
3 , 29 , 2022 , 206.79 , 194.05 , 199.00 , 204.53 
3 , 30 , 2022 , 206.33 , 194.76 , 201.29 , 196.70 
3 , 31 , 2022 , 198.08 , 189.56 , 197.25 , 189.86 
4 , 1 , 2022 , 191.87 , 184.39 , 189.86 , 186.96 
4 , 4 , 2022 , 193.07 , 186.16 , 187.34 , 191.65 
4 , 5 , 2022 , 191.33 , 176.26 , 189.76 , 177.17 
4 , 6 , 2022 , 174.33 , 165.01 , 172.83 , 166.84 
4 , 7 , 2022 , 169.42 , 160.68 , 166.71 , 166.19 
4 , 8 , 2022 , 166.00 , 160.13 , 165.21 , 160.94 
4 , 11 , 2022 , 157.56 , 151.73 , 156.57 , 153.87 
4 , 12 , 2022 , 162.44 , 149.41 , 158.07 , 149.85 
4 , 13 , 2022 , 156.16 , 147.80 , 149.03 , 154.79 
4 , 14 , 2022 , 154.00 , 146.82 , 153.54 , 147.29 
4 , 18 , 2022 , 149.50 , 140.53 , 145.45 , 145.16 
4 , 19 , 2022 , 152.10 , 144.45 , 146.02 , 151.27 
4 , 20 , 2022 , 154.96 , 144.85 , 154.93 , 147.13 
4 , 21 , 2022 , 153.44 , 135.31 , 151.97 , 137.32 
4 , 22 , 2022 , 141.20 , 131.25 , 137.29 , 131.52 
4 , 25 , 2022 , 137.35 , 129.29 , 130.01 , 135.14 
4 , 26 , 2022 , 136.77 , 126.52 , 135.31 , 127.15 
4 , 27 , 2022 , 130.71 , 121.98 , 125.28 , 122.55 
4 , 28 , 2022 , 126.39 , 113.32 , 123.69 , 122.69 
4 , 29 , 2022 , 129.09 , 112.14 , 121.10 , 112.71 
5 , 2 , 2022 , 122.29 , 111.80 , 113.07 , 121.34 
5 , 3 , 2022 , 129.40 , 119.97 , 120.23 , 123.56 
5 , 4 , 2022 , 132.81 , 116.20 , 124.00 , 130.15 
5 , 5 , 2022 , 125.64 , 112.05 , 125.00 , 114.25 
5 , 6 , 2022 , 112.50 , 100.25 , 112.50 , 103.74 
5 , 9 , 2022 , 96.43 , 81.78 , 96.00 , 83.51 
5 , 10 , 2022 , 89.38 , 70.19 , 87.00 , 72.99 
5 , 11 , 2022 , 61.28 , 50.15 , 54.85 , 53.72 
5 , 12 , 2022 , 60.30 , 40.83 , 48.55 , 58.50 
5 , 13 , 2022 , 74.25 , 65.50 , 69.26 , 67.87 
5 , 16 , 2022 , 68.08 , 60.51 , 68.06 , 61.70 
5 , 17 , 2022 , 70.50 , 63.11 , 66.20 , 70.00 
5 , 18 , 2022 , 71.81 , 61.94 , 67.69 , 63.03 
5 , 19 , 2022 , 70.99 , 63.61 , 65.00 , 67.42 
5 , 20 , 2022 , 70.74 , 62.05 , 69.37 , 66.15 
5 , 23 , 2022 , 68.65 , 62.35 , 65.54 , 66.10 
5 , 24 , 2022 , 64.56 , 59.12 , 64.56 , 61.36 
5 , 25 , 2022 , 68.50 , 60.99 , 61.07 , 67.17 
5 , 26 , 2022 , 71.17 , 62.30 , 63.97 , 69.87 
5 , 27 , 2022 , 77.18 , 69.84 , 69.84 , 75.32 
5 , 31 , 2022 , 83.32 , 75.60 , 80.00 , 78.10 
6 , 1 , 2022 , 77.80 , 67.80 , 77.50 , 68.63 
6 , 2 , 2022 , 74.48 , 67.28 , 67.80 , 73.82 
6 , 3 , 2022 , 70.50 , 65.61 , 69.39 , 66.69 
6 , 6 , 2022 , 74.11 , 68.43 , 70.76 , 70.67 
6 , 7 , 2022 , 69.97 , 64.36 , 67.31 , 69.57 
6 , 8 , 2022 , 72.98 , 68.30 , 69.23 , 69.20 
6 , 9 , 2022 , 69.38 , 63.12 , 69.08 , 63.76 
6 , 10 , 2022 , 61.63 , 57.77 , 60.00 , 58.71 
6 , 13 , 2022 , 54.30 , 46.00 , 46.18 , 52.01 
6 , 14 , 2022 , 53.29 , 48.81 , 52.50 , 51.58 
6 , 15 , 2022 , 56.66 , 50.45 , 50.94 , 55.01 
6 , 16 , 2022 , 54.43 , 50.08 , 52.58 , 51.05 
6 , 17 , 2022 , 52.80 , 49.28 , 50.12 , 51.22 
6 , 21 , 2022 , 60.75 , 54.10 , 54.20 , 57.49 
6 , 22 , 2022 , 56.75 , 51.57 , 53.87 , 51.91 
6 , 23 , 2022 , 59.62 , 51.83 , 53.60 , 58.88 
6 , 24 , 2022 , 64.09 , 59.33 , 60.00 , 62.71 
6 , 27 , 2022 , 60.45 , 55.02 , 59.56 , 55.96 
6 , 28 , 2022 , 57.25 , 50.33 , 56.26 , 51.18 
6 , 29 , 2022 , 51.46 , 48.59 , 50.50 , 49.75 
6 , 30 , 2022 , 48.40 , 44.15 , 48.20 , 47.02 
7 , 1 , 2022 , 50.16 , 47.52 , 47.99 , 49.04 
7 , 5 , 2022 , 55.82 , 45.95 , 48.13 , 55.41 
7 , 6 , 2022 , 56.27 , 51.40 , 54.15 , 51.71 
7 , 7 , 2022 , 57.65 , 52.14 , 52.14 , 57.46 
7 , 8 , 2022 , 63.70 , 54.51 , 55.61 , 60.29 
7 , 11 , 2022 , 58.43 , 53.30 , 57.54 , 53.88 
7 , 12 , 2022 , 56.11 , 52.62 , 53.70 , 54.24 
7 , 13 , 2022 , 54.73 , 50.40 , 51.68 , 53.10 
7 , 14 , 2022 , 54.71 , 50.34 , 52.34 , 53.42 
7 , 15 , 2022 , 56.55 , 51.93 , 54.35 , 53.79 
7 , 18 , 2022 , 63.38 , 56.69 , 56.71 , 58.67 
7 , 19 , 2022 , 65.98 , 57.78 , 60.86 , 65.83 
7 , 20 , 2022 , 79.00 , 67.05 , 67.08 , 75.27 
7 , 21 , 2022 , 76.62 , 70.28 , 71.00 , 73.98 
7 , 22 , 2022 , 76.57 , 69.09 , 76.20 , 70.82 
7 , 25 , 2022 , 69.98 , 66.30 , 68.93 , 67.07 
7 , 26 , 2022 , 62.89 , 52.63 , 61.69 , 52.93 
7 , 27 , 2022 , 60.61 , 53.12 , 54.87 , 58.83 
7 , 28 , 2022 , 62.95 , 55.59 , 58.24 , 62.25 
7 , 29 , 2022 , 64.23 , 59.77 , 60.14 , 62.96 
8 , 1 , 2022 , 63.62 , 59.42 , 61.19 , 62.70 
8 , 2 , 2022 , 69.59 , 60.80 , 60.91 , 67.23 
8 , 3 , 2022 , 82.25 , 67.61 , 69.05 , 80.81 
8 , 4 , 2022 , 116.30 , 86.79 , 106.10 , 88.90 
8 , 5 , 2022 , 98.87 , 86.52 , 86.58 , 93.05 
8 , 8 , 2022 , 103.55 , 93.81 , 97.84 , 98.02 
8 , 9 , 2022 , 93.89 , 85.60 , 93.89 , 87.68 
8 , 10 , 2022 , 95.00 , 88.00 , 89.98 , 94.14 
8 , 11 , 2022 , 98.70 , 82.31 , 97.25 , 84.00 
8 , 12 , 2022 , 92.48 , 83.29 , 85.23 , 90.49 
8 , 15 , 2022 , 93.68 , 88.59 , 89.11 , 91.97 
8 , 16 , 2022 , 95.50 , 84.24 , 90.55 , 90.39 
8 , 17 , 2022 , 88.64 , 84.77 , 87.64 , 85.44 
8 , 18 , 2022 , 86.36 , 81.42 , 86.33 , 83.47 
8 , 19 , 2022 , 78.25 , 74.01 , 76.00 , 74.06 
8 , 22 , 2022 , 74.94 , 70.29 , 70.91 , 71.47 
8 , 23 , 2022 , 76.41 , 70.60 , 71.95 , 71.18 
8 , 24 , 2022 , 74.32 , 70.71 , 71.88 , 71.48 
8 , 25 , 2022 , 72.45 , 68.52 , 71.84 , 71.37 
8 , 26 , 2022 , 71.80 , 65.34 , 71.71 , 66.74 
8 , 29 , 2022 , 69.40 , 65.46 , 65.51 , 66.34 
8 , 30 , 2022 , 69.45 , 64.63 , 67.97 , 67.03 
8 , 31 , 2022 , 70.38 , 66.66 , 68.70 , 66.80 
9 , 1 , 2022 , 65.99 , 61.91 , 65.55 , 65.53 
9 , 2 , 2022 , 68.14 , 63.82 , 67.71 , 65.26 
9 , 6 , 2022 , 66.88 , 62.60 , 65.56 , 62.78 
9 , 7 , 2022 , 68.77 , 61.83 , 62.00 , 68.25 
9 , 8 , 2022 , 73.33 , 65.50 , 66.36 , 73.08 
9 , 9 , 2022 , 81.04 , 75.15 , 78.20 , 80.87 
9 , 12 , 2022 , 84.58 , 80.60 , 82.60 , 82.55 
9 , 13 , 2022 , 78.09 , 74.35 , 75.34 , 75.25 
9 , 14 , 2022 , 79.20 , 74.11 , 75.30 , 78.70 
9 , 15 , 2022 , 82.00 , 76.63 , 77.63 , 77.23 
9 , 16 , 2022 , 76.37 , 73.60 , 75.15 , 74.00 
9 , 19 , 2022 , 72.54 , 67.00 , 71.88 , 69.93 
9 , 20 , 2022 , 69.80 , 66.17 , 68.09 , 67.94 
9 , 21 , 2022 , 72.24 , 67.43 , 68.90 , 67.64 
9 , 22 , 2022 , 68.98 , 62.31 , 67.40 , 62.94 
9 , 23 , 2022 , 63.15 , 59.43 , 61.56 , 61.88 
9 , 26 , 2022 , 66.33 , 62.18 , 62.98 , 62.28 
9 , 27 , 2022 , 67.55 , 61.88 , 65.29 , 63.05 
9 , 28 , 2022 , 67.74 , 62.76 , 62.80 , 67.31 
9 , 29 , 2022 , 65.03 , 60.26 , 64.62 , 61.94 
9 , 30 , 2022 , 67.59 , 61.07 , 61.25 , 64.49 
10 , 3 , 2022 , 67.86 , 61.92 , 64.95 , 65.95 
10 , 4 , 2022 , 74.63 , 69.08 , 69.09 , 74.50 
10 , 5 , 2022 , 73.48 , 69.28 , 71.80 , 72.97 
10 , 6 , 2022 , 76.28 , 71.34 , 73.07 , 73.91 
10 , 7 , 2022 , 71.10 , 65.50 , 70.85 , 67.00 
10 , 10 , 2022 , 69.26 , 65.43 , 67.58 , 67.04 
10 , 11 , 2022 , 72.69 , 65.03 , 67.61 , 70.16 
10 , 12 , 2022 , 71.85 , 67.82 , 69.74 , 69.95 
10 , 13 , 2022 , 69.63 , 61.06 , 63.66 , 69.26 
10 , 14 , 2022 , 73.79 , 63.38 , 71.85 , 63.59 
10 , 17 , 2022 , 70.95 , 66.34 , 66.48 , 69.17 
10 , 18 , 2022 , 73.90 , 65.30 , 72.90 , 66.21 
10 , 19 , 2022 , 66.89 , 62.55 , 64.82 , 63.19 
10 , 20 , 2022 , 67.43 , 62.70 , 63.14 , 63.59 
10 , 21 , 2022 , 66.63 , 61.70 , 63.40 , 66.38 
10 , 24 , 2022 , 68.15 , 63.68 , 67.40 , 66.39 
10 , 25 , 2022 , 75.40 , 66.96 , 67.01 , 75.05 
10 , 26 , 2022 , 78.29 , 73.10 , 75.28 , 73.81 
10 , 27 , 2022 , 75.65 , 71.51 , 74.51 , 72.47 
10 , 28 , 2022 , 73.72 , 69.35 , 72.00 , 72.07 
10 , 31 , 2022 , 74.65 , 66.15 , 72.37 , 66.25 
11 , 1 , 2022 , 69.71 , 63.13 , 69.00 , 63.29 
11 , 2 , 2022 , 66.21 , 60.55 , 63.40 , 60.71 
11 , 3 , 2022 , 61.88 , 55.75 , 59.40 , 55.80 
11 , 4 , 2022 , 63.43 , 56.40 , 60.40 , 58.82 
11 , 7 , 2022 , 60.99 , 54.22 , 60.00 , 56.97 
11 , 8 , 2022 , 58.45 , 47.69 , 54.50 , 50.83 
11 , 9 , 2022 , 49.69 , 44.62 , 47.09 , 45.98 
11 , 10 , 2022 , 53.93 , 49.02 , 51.04 , 50.92 
11 , 11 , 2022 , 58.29 , 46.25 , 47.50 , 57.46 
11 , 14 , 2022 , 55.74 , 52.60 , 55.70 , 53.22 
11 , 15 , 2022 , 58.00 , 54.60 , 55.00 , 55.53 
11 , 16 , 2022 , 54.03 , 48.00 , 52.83 , 48.83 
11 , 17 , 2022 , 49.97 , 45.18 , 46.67 , 48.79 
11 , 18 , 2022 , 49.00 , 44.31 , 48.80 , 45.26 
11 , 21 , 2022 , 44.64 , 40.61 , 43.60 , 41.23 
11 , 22 , 2022 , 44.40 , 41.61 , 42.35 , 43.39 
11 , 23 , 2022 , 46.17 , 42.21 , 43.85 , 45.57 
11 , 25 , 2022 , 45.24 , 43.70 , 44.80 , 44.28 
11 , 28 , 2022 , 44.90 , 42.02 , 43.30 , 42.51 
11 , 29 , 2022 , 44.65 , 42.70 , 42.91 , 43.11 
11 , 30 , 2022 , 45.88 , 41.51 , 43.71 , 45.73 
12 , 1 , 2022 , 47.19 , 44.44 , 45.82 , 45.27 
12 , 2 , 2022 , 47.70 , 43.73 , 43.97 , 47.67 
12 , 5 , 2022 , 49.85 , 45.63 , 47.98 , 46.00 
12 , 6 , 2022 , 46.65 , 41.73 , 45.60 , 42.41 
12 , 7 , 2022 , 43.20 , 40.55 , 41.88 , 41.26 
12 , 8 , 2022 , 43.90 , 40.30 , 41.56 , 42.81 
12 , 9 , 2022 , 42.32 , 40.15 , 41.60 , 40.24 
12 , 12 , 2022 , 42.65 , 39.65 , 39.98 , 42.60 
12 , 13 , 2022 , 46.33 , 38.50 , 46.01 , 38.69 
12 , 14 , 2022 , 41.90 , 38.82 , 39.41 , 40.19 
12 , 15 , 2022 , 39.60 , 37.44 , 38.95 , 37.98 
12 , 16 , 2022 , 38.01 , 34.71 , 37.40 , 36.60 
12 , 19 , 2022 , 36.68 , 34.51 , 35.97 , 35.17 
12 , 20 , 2022 , 36.86 , 34.35 , 34.75 , 34.97 
12 , 21 , 2022 , 36.10 , 34.80 , 35.31 , 35.15 
12 , 22 , 2022 , 35.35 , 32.95 , 34.93 , 34.59 
12 , 23 , 2022 , 35.98 , 33.67 , 34.77 , 35.49 
12 , 27 , 2022 , 34.56 , 32.44 , 34.50 , 32.65 
12 , 28 , 2022 , 33.48 , 31.83 , 32.58 , 32.53 
12 , 29 , 2022 , 35.33 , 33.37 , 33.46 , 34.78 
12 , 30 , 2022 , 35.87 , 33.63 , 33.96 , 35.39 
1 , 3 , 2023 , 36.93 , 33.37 , 36.49 , 33.60 
1 , 4 , 2023 , 38.50 , 34.54 , 34.59 , 37.70 
1 , 5 , 2023 , 35.26 , 32.75 , 34.71 , 33.53 
1 , 6 , 2023 , 33.75 , 31.55 , 33.67 , 33.26 
1 , 9 , 2023 , 39.38 , 34.72 , 35.19 , 38.27 
1 , 10 , 2023 , 43.29 , 37.74 , 37.76 , 43.23 
1 , 11 , 2023 , 43.84 , 40.63 , 41.96 , 43.79 
1 , 12 , 2023 , 47.65 , 41.67 , 45.15 , 47.55 
1 , 13 , 2023 , 50.63 , 45.38 , 46.24 , 49.98 
1 , 17 , 2023 , 54.98 , 50.70 , 53.31 , 54.14 
1 , 18 , 2023 , 57.33 , 50.00 , 54.22 , 50.21 
1 , 19 , 2023 , 51.00 , 47.92 , 49.21 , 49.42 
1 , 20 , 2023 , 55.19 , 48.80 , 50.38 , 55.16 
1 , 23 , 2023 , 56.69 , 53.21 , 55.00 , 55.96 
1 , 24 , 2023 , 56.47 , 53.34 , 54.20 , 53.56 
1 , 25 , 2023 , 53.41 , 49.60 , 51.50 , 52.76 
1 , 26 , 2023 , 56.10 , 51.97 , 56.06 , 53.02 
1 , 27 , 2023 , 62.29 , 52.41 , 52.94 , 61.37 
1 , 30 , 2023 , 61.86 , 55.67 , 60.01 , 56.16 
1 , 31 , 2023 , 60.44 , 55.91 , 57.70 , 58.48 
2 , 1 , 2023 , 66.22 , 56.65 , 59.08 , 65.70 
2 , 2 , 2023 , 85.54 , 68.31 , 68.46 , 81.46 
2 , 3 , 2023 , 87.63 , 73.02 , 73.72 , 74.63 
2 , 6 , 2023 , 75.98 , 70.52 , 73.18 , 74.59 
2 , 7 , 2023 , 73.48 , 67.30 , 73.43 , 71.42 
2 , 8 , 2023 , 73.97 , 68.30 , 70.83 , 69.44 
2 , 9 , 2023 , 68.93 , 59.00 , 68.49 , 59.63 
2 , 10 , 2023 , 61.74 , 55.97 , 58.26 , 57.09 
2 , 13 , 2023 , 57.09 , 53.66 , 55.52 , 56.40 
2 , 14 , 2023 , 61.08 , 55.03 , 56.33 , 59.03 
2 , 15 , 2023 , 69.46 , 59.46 , 60.21 , 69.34 
2 , 16 , 2023 , 73.30 , 63.91 , 65.90 , 65.59 
2 , 17 , 2023 , 67.90 , 61.51 , 64.94 , 65.20 
2 , 21 , 2023 , 66.87 , 61.85 , 63.32 , 62.07 
2 , 22 , 2023 , 67.48 , 57.35 , 62.50 , 61.18 
2 , 23 , 2023 , 64.65 , 59.89 , 63.96 , 62.36 
2 , 24 , 2023 , 61.59 , 56.80 , 60.88 , 58.44 
2 , 27 , 2023 , 60.97 , 58.17 , 59.94 , 58.96 
2 , 28 , 2023 , 67.50 , 59.42 , 59.68 , 64.83 
3 , 1 , 2023 , 66.79 , 63.09 , 65.30 , 64.67 
3 , 2 , 2023 , 63.90 , 57.50 , 61.07 , 63.70 
3 , 3 , 2023 , 65.56 , 61.38 , 61.64 , 64.51 
3 , 6 , 2023 , 69.82 , 62.64 , 64.60 , 62.77 
3 , 7 , 2023 , 64.66 , 60.59 , 62.80 , 61.89 
3 , 8 , 2023 , 65.46 , 60.35 , 61.20 , 63.01 
3 , 9 , 2023 , 64.12 , 57.21 , 62.39 , 58.09 
3 , 10 , 2023 , 56.41 , 51.57 , 56.39 , 53.44 
3 , 13 , 2023 , 61.10 , 50.77 , 54.71 , 59.17 
3 , 14 , 2023 , 66.21 , 61.10 , 65.45 , 62.65 
3 , 15 , 2023 , 66.29 , 61.18 , 61.90 , 64.47 
3 , 16 , 2023 , 68.62 , 63.12 , 64.40 , 67.78 
3 , 17 , 2023 , 76.80 , 69.10 , 70.52 , 74.98 
3 , 20 , 2023 , 77.06 , 72.87 , 76.76 , 75.14 
3 , 21 , 2023 , 85.05 , 75.77 , 76.24 , 83.99 
3 , 22 , 2023 , 85.38 , 76.86 , 84.25 , 77.14 
3 , 23 , 2023 , 70.00 , 61.51 , 61.85 , 66.30 
3 , 24 , 2023 , 68.73 , 63.53 , 64.18 , 67.83 
3 , 27 , 2023 , 67.60 , 60.51 , 67.20 , 62.54 
3 , 28 , 2023 , 64.05 , 61.11 , 62.32 , 63.04 
3 , 29 , 2023 , 68.63 , 63.77 , 65.42 , 65.30 
3 , 30 , 2023 , 67.17 , 63.68 , 66.53 , 64.16 
3 , 31 , 2023 , 68.57 , 63.93 , 64.70 , 67.57 
4 , 3 , 2023 , 68.33 , 62.70 , 66.01 , 63.61 
4 , 4 , 2023 , 65.40 , 60.95 , 64.66 , 62.54 
4 , 5 , 2023 , 63.05 , 59.22 , 62.54 , 60.78 
4 , 6 , 2023 , 62.74 , 58.20 , 59.57 , 61.44 
4 , 10 , 2023 , 66.19 , 59.66 , 61.37 , 66.13 
4 , 11 , 2023 , 72.61 , 67.24 , 68.09 , 70.19 
4 , 12 , 2023 , 72.02 , 66.23 , 70.77 , 67.84 
4 , 13 , 2023 , 72.53 , 68.05 , 69.89 , 68.95 
4 , 14 , 2023 , 71.70 , 67.87 , 69.30 , 69.91 
4 , 17 , 2023 , 68.05 , 64.90 , 67.12 , 67.72 
4 , 18 , 2023 , 71.79 , 66.55 , 70.39 , 67.26 
4 , 19 , 2023 , 65.94 , 63.40 , 64.36 , 64.44 
4 , 20 , 2023 , 65.33 , 60.17 , 63.23 , 60.50 
4 , 21 , 2023 , 61.45 , 58.71 , 61.08 , 59.04 
4 , 24 , 2023 , 59.09 , 54.08 , 58.96 , 54.75 
4 , 25 , 2023 , 56.09 , 53.62 , 55.71 , 55.55 
4 , 26 , 2023 , 59.51 , 53.60 , 59.51 , 53.89 
4 , 27 , 2023 , 55.72 , 53.58 , 54.67 , 54.17 
4 , 28 , 2023 , 54.52 , 52.17 , 53.65 , 53.79 
5 , 1 , 2023 , 54.38 , 48.45 , 53.17 , 50.14 
5 , 2 , 2023 , 52.14 , 48.26 , 50.20 , 51.32 
5 , 3 , 2023 , 51.60 , 48.31 , 50.15 , 48.49 
5 , 4 , 2023 , 50.47 , 47.65 , 48.72 , 49.22 
5 , 5 , 2023 , 58.58 , 53.75 , 54.05 , 58.24 
5 , 8 , 2023 , 58.80 , 54.61 , 55.90 , 58.10 
5 , 9 , 2023 , 60.24 , 56.59 , 57.90 , 60.21 
5 , 10 , 2023 , 63.75 , 59.89 , 61.45 , 62.64 
5 , 11 , 2023 , 63.11 , 59.77 , 62.41 , 60.35 
5 , 12 , 2023 , 61.13 , 56.77 , 60.89 , 57.34 
5 , 15 , 2023 , 61.30 , 57.20 , 58.40 , 60.77 
5 , 16 , 2023 , 60.11 , 57.14 , 58.68 , 57.88 
5 , 17 , 2023 , 61.31 , 57.30 , 57.49 , 61.04 
5 , 18 , 2023 , 61.70 , 58.60 , 60.47 , 60.26 
5 , 19 , 2023 , 61.47 , 56.59 , 60.57 , 56.78 
5 , 22 , 2023 , 61.10 , 55.90 , 56.89 , 61.07 
5 , 23 , 2023 , 63.25 , 58.67 , 61.00 , 59.10 
5 , 24 , 2023 , 58.97 , 56.60 , 57.78 , 58.36 
5 , 25 , 2023 , 59.14 , 55.88 , 58.56 , 56.87 
5 , 26 , 2023 , 58.91 , 56.63 , 56.86 , 56.92 
5 , 30 , 2023 , 63.38 , 59.23 , 60.10 , 61.17 
5 , 31 , 2023 , 62.59 , 59.21 , 59.30 , 62.20 
6 , 1 , 2023 , 66.36 , 60.67 , 61.80 , 63.57 
6 , 2 , 2023 , 65.22 , 62.00 , 65.11 , 64.55 
6 , 5 , 2023 , 64.44 , 55.81 , 63.38 , 58.71 
6 , 6 , 2023 , 52.38 , 46.43 , 47.10 , 51.61 
6 , 7 , 2023 , 54.00 , 51.70 , 53.29 , 53.26 
6 , 8 , 2023 , 55.05 , 51.96 , 52.21 , 54.90 
6 , 9 , 2023 , 57.42 , 52.48 , 55.00 , 53.28 
6 , 12 , 2023 , 52.93 , 50.10 , 52.53 , 50.56 
6 , 13 , 2023 , 52.66 , 50.52 , 51.80 , 52.40 
6 , 14 , 2023 , 54.79 , 51.56 , 52.81 , 53.90 
6 , 15 , 2023 , 54.58 , 50.93 , 52.71 , 54.25 
6 , 16 , 2023 , 56.28 , 53.90 , 55.41 , 55.59 
6 , 20 , 2023 , 57.94 , 53.63 , 55.90 , 57.09 
6 , 21 , 2023 , 59.24 , 56.82 , 58.90 , 58.10 
6 , 22 , 2023 , 59.28 , 55.10 , 58.98 , 57.49 
6 , 23 , 2023 , 61.89 , 55.75 , 56.85 , 61.47 
6 , 26 , 2023 , 66.16 , 61.00 , 61.10 , 61.94 
6 , 27 , 2023 , 70.37 , 62.84 , 63.80 , 69.89 
6 , 28 , 2023 , 74.31 , 69.00 , 69.00 , 70.75 
6 , 29 , 2023 , 74.18 , 70.83 , 72.03 , 72.43 
6 , 30 , 2023 , 74.97 , 68.15 , 73.80 , 71.55 
7 , 3 , 2023 , 80.85 , 73.01 , 73.20 , 79.93 
7 , 5 , 2023 , 79.93 , 76.16 , 76.90 , 78.35 
7 , 6 , 2023 , 78.46 , 74.52 , 78.05 , 78.10 
7 , 7 , 2023 , 81.19 , 77.62 , 78.15 , 78.72 
7 , 10 , 2023 , 81.37 , 76.55 , 79.08 , 81.21 
7 , 11 , 2023 , 92.15 , 80.49 , 80.49 , 89.15 
7 , 12 , 2023 , 89.07 , 84.45 , 89.00 , 85.95 
7 , 13 , 2023 , 109.21 , 83.42 , 85.35 , 107.00 
7 , 14 , 2023 , 114.43 , 101.22 , 106.68 , 105.31 
7 , 17 , 2023 , 109.48 , 103.50 , 104.57 , 105.55 
7 , 18 , 2023 , 109.85 , 101.90 , 104.50 , 104.59 
7 , 19 , 2023 , 111.06 , 105.08 , 107.31 , 110.15 
7 , 20 , 2023 , 111.88 , 100.37 , 109.26 , 101.26 
7 , 21 , 2023 , 104.33 , 98.71 , 102.57 , 100.82 
7 , 24 , 2023 , 100.39 , 95.70 , 99.23 , 98.85 
7 , 25 , 2023 , 102.59 , 97.63 , 99.34 , 97.68 
7 , 26 , 2023 , 101.32 , 97.28 , 97.37 , 99.75 
7 , 27 , 2023 , 102.73 , 91.80 , 102.59 , 92.69 
7 , 28 , 2023 , 96.92 , 93.55 , 94.80 , 94.76 
7 , 31 , 2023 , 100.20 , 94.59 , 94.75 , 98.61 
8 , 1 , 2023 , 95.95 , 89.23 , 95.88 , 94.15 
8 , 2 , 2023 , 95.41 , 88.05 , 91.45 , 90.43 
8 , 3 , 2023 , 93.44 , 88.46 , 89.00 , 90.75 
8 , 4 , 2023 , 94.29 , 86.70 , 89.00 , 87.31 
8 , 7 , 2023 , 87.30 , 82.09 , 87.20 , 85.96 
8 , 8 , 2023 , 88.99 , 84.55 , 87.09 , 88.04 
8 , 9 , 2023 , 88.90 , 84.08 , 88.53 , 84.34 
8 , 10 , 2023 , 88.49 , 82.51 , 85.00 , 83.39 
8 , 11 , 2023 , 83.48 , 80.47 , 82.06 , 81.01 
8 , 14 , 2023 , 81.99 , 78.91 , 80.04 , 80.81 
8 , 15 , 2023 , 83.10 , 79.11 , 81.15 , 79.18 
8 , 16 , 2023 , 82.85 , 77.80 , 82.51 , 79.00 
8 , 17 , 2023 , 79.18 , 75.40 , 78.38 , 75.56 
8 , 18 , 2023 , 75.25 , 72.25 , 72.34 , 73.19 
8 , 21 , 2023 , 76.03 , 72.10 , 73.25 , 75.28 
8 , 22 , 2023 , 77.46 , 74.02 , 76.69 , 74.90 
8 , 23 , 2023 , 78.17 , 74.07 , 74.35 , 77.78 
8 , 24 , 2023 , 78.04 , 73.38 , 77.76 , 73.66 
8 , 25 , 2023 , 75.59 , 72.41 , 74.32 , 74.26 
8 , 28 , 2023 , 74.71 , 73.05 , 74.57 , 73.71 
8 , 29 , 2023 , 86.26 , 73.17 , 73.50 , 84.70 
8 , 30 , 2023 , 86.50 , 82.57 , 83.56 , 83.83 
8 , 31 , 2023 , 84.57 , 78.90 , 84.43 , 79.60 
9 , 1 , 2023 , 80.35 , 77.15 , 80.00 , 77.99 
9 , 5 , 2023 , 79.29 , 76.28 , 78.00 , 77.50 
9 , 6 , 2023 , 79.97 , 76.75 , 77.38 , 78.04 
9 , 7 , 2023 , 82.07 , 75.46 , 76.27 , 81.79 
9 , 8 , 2023 , 82.69 , 80.35 , 81.64 , 82.09 
9 , 11 , 2023 , 83.20 , 77.79 , 82.00 , 80.62 
9 , 12 , 2023 , 86.36 , 80.54 , 82.02 , 81.32 
9 , 13 , 2023 , 83.15 , 79.62 , 81.89 , 79.86 
9 , 14 , 2023 , 84.10 , 81.26 , 81.67 , 83.45 
9 , 15 , 2023 , 83.32 , 79.95 , 82.74 , 82.15 
9 , 18 , 2023 , 84.35 , 81.22 , 83.80 , 81.61 
9 , 19 , 2023 , 82.40 , 77.77 , 82.15 , 78.13 
9 , 20 , 2023 , 80.59 , 76.56 , 78.62 , 76.67 
9 , 21 , 2023 , 75.19 , 72.86 , 74.38 , 74.42 
9 , 22 , 2023 , 75.95 , 70.81 , 75.49 , 70.96 
9 , 25 , 2023 , 72.36 , 69.63 , 69.91 , 71.75 
9 , 26 , 2023 , 73.09 , 69.71 , 71.74 , 70.52 
9 , 27 , 2023 , 73.48 , 69.95 , 72.72 , 71.52 
9 , 28 , 2023 , 77.13 , 71.51 , 72.59 , 75.16 
9 , 29 , 2023 , 77.50 , 74.57 , 76.75 , 75.08 
10 , 2 , 2023 , 79.95 , 74.40 , 78.55 , 75.31 
10 , 3 , 2023 , 75.65 , 71.75 , 74.34 , 72.48 
10 , 4 , 2023 , 74.11 , 70.41 , 73.20 , 73.47 
10 , 5 , 2023 , 75.48 , 72.10 , 73.53 , 74.62 
10 , 6 , 2023 , 78.95 , 72.32 , 72.48 , 78.46 
10 , 9 , 2023 , 80.06 , 76.50 , 76.52 , 79.10 
10 , 10 , 2023 , 82.07 , 77.97 , 79.00 , 79.62 
10 , 11 , 2023 , 80.49 , 75.60 , 79.27 , 77.35 
10 , 12 , 2023 , 77.18 , 74.45 , 77.04 , 75.19 
10 , 13 , 2023 , 75.19 , 72.10 , 75.00 , 73.43 
10 , 16 , 2023 , 79.30 , 73.36 , 77.61 , 75.21 
10 , 17 , 2023 , 79.12 , 74.50 , 74.80 , 77.46 
10 , 18 , 2023 , 78.38 , 73.78 , 76.88 , 73.93 
10 , 19 , 2023 , 76.17 , 72.72 , 74.28 , 73.10 
10 , 20 , 2023 , 76.76 , 73.50 , 74.64 , 74.66 
10 , 23 , 2023 , 80.73 , 72.42 , 75.50 , 77.21 
10 , 24 , 2023 , 89.40 , 80.89 , 83.29 , 82.07 
10 , 25 , 2023 , 84.09 , 77.40 , 83.51 , 77.79 
10 , 26 , 2023 , 79.16 , 73.15 , 77.20 , 74.61 
10 , 27 , 2023 , 76.50 , 70.42 , 76.45 , 70.78 
10 , 30 , 2023 , 74.08 , 71.88 , 72.05 , 73.60 
10 , 31 , 2023 , 77.47 , 73.56 , 73.60 , 77.12 
11 , 1 , 2023 , 79.41 , 75.87 , 77.42 , 77.81 
11 , 2 , 2023 , 84.80 , 80.81 , 81.71 , 84.60 
11 , 3 , 2023 , 88.34 , 82.05 , 83.79 , 85.80 
11 , 6 , 2023 , 89.27 , 84.09 , 86.82 , 86.37 
11 , 7 , 2023 , 89.49 , 84.30 , 86.20 , 89.07 
11 , 8 , 2023 , 89.15 , 84.69 , 88.80 , 88.32 
11 , 9 , 2023 , 99.82 , 91.37 , 92.90 , 92.86 
11 , 10 , 2023 , 96.22 , 91.80 , 94.40 , 92.92 
11 , 13 , 2023 , 93.27 , 88.62 , 91.78 , 92.64 
11 , 14 , 2023 , 95.32 , 89.79 , 94.91 , 92.09 
11 , 15 , 2023 , 100.15 , 93.07 , 93.92 , 98.15 
11 , 16 , 2023 , 97.89 , 94.45 , 97.68 , 96.92 
11 , 17 , 2023 , 99.43 , 94.90 , 97.00 , 99.05 
11 , 20 , 2023 , 106.46 , 100.01 , 100.71 , 106.10 
11 , 21 , 2023 , 106.06 , 101.34 , 104.00 , 105.49 
11 , 22 , 2023 , 109.99 , 103.36 , 106.17 , 109.25 
11 , 24 , 2023 , 116.94 , 107.98 , 108.45 , 115.54 
11 , 27 , 2023 , 121.46 , 112.18 , 112.58 , 119.77 
11 , 28 , 2023 , 129.26 , 119.70 , 122.05 , 128.27 
11 , 29 , 2023 , 131.42 , 126.30 , 127.82 , 127.82 
11 , 30 , 2023 , 127.14 , 118.40 , 126.06 , 124.72 
12 , 1 , 2023 , 134.33 , 125.88 , 126.39 , 133.76 
12 , 4 , 2023 , 146.30 , 137.60 , 143.53 , 141.09 
12 , 5 , 2023 , 147.86 , 139.18 , 140.00 , 140.20 
12 , 6 , 2023 , 143.44 , 134.12 , 142.50 , 134.63 
12 , 7 , 2023 , 138.48 , 130.17 , 131.02 , 136.19 
12 , 8 , 2023 , 146.74 , 135.85 , 136.19 , 146.62 
12 , 11 , 2023 , 142.87 , 135.99 , 141.50 , 138.02 
12 , 12 , 2023 , 141.75 , 135.99 , 139.89 , 139.62 
12 , 13 , 2023 , 150.65 , 137.15 , 139.62 , 150.46 
12 , 14 , 2023 , 154.74 , 149.10 , 152.10 , 153.63 
12 , 15 , 2023 , 151.92 , 146.84 , 151.81 , 147.90 
12 , 18 , 2023 , 155.01 , 144.00 , 144.81 , 153.43 
12 , 19 , 2023 , 162.09 , 153.61 , 155.50 , 161.16 
12 , 20 , 2023 , 169.48 , 160.07 , 164.73 , 161.86 
12 , 21 , 2023 , 170.17 , 163.10 , 166.71 , 168.03 
12 , 22 , 2023 , 178.70 , 167.90 , 169.77 , 175.48 
12 , 26 , 2023 , 178.12 , 169.05 , 174.63 , 172.05 
12 , 27 , 2023 , 186.97 , 175.50 , 176.32 , 185.24 
12 , 28 , 2023 , 187.39 , 177.75 , 179.31 , 186.36 
12 , 29 , 2023 , 187.25 , 171.00 , 186.06 , 173.92 
1 , 2 , 2024 , 175.57 , 155.35 , 173.02 , 156.88 
1 , 3 , 2024 , 156.25 , 144.11 , 146.00 , 152.24 
1 , 4 , 2024 , 161.28 , 148.81 , 152.50 , 155.60 
1 , 5 , 2024 , 157.69 , 151.09 , 152.99 , 153.98 
1 , 8 , 2024 , 161.38 , 146.51 , 157.80 , 159.42 
1 , 9 , 2024 , 159.99 , 151.32 , 159.60 , 151.99 
1 , 10 , 2024 , 153.47 , 143.15 , 149.21 , 151.29 
1 , 11 , 2024 , 161.04 , 140.01 , 159.19 , 141.16 
1 , 12 , 2024 , 141.07 , 130.37 , 137.19 , 130.78 
1 , 16 , 2024 , 136.40 , 126.88 , 129.44 , 133.88 
1 , 17 , 2024 , 134.26 , 129.41 , 130.51 , 133.86 
1 , 18 , 2024 , 137.31 , 123.93 , 133.25 , 124.34 
1 , 19 , 2024 , 124.82 , 118.02 , 124.34 , 124.75 
1 , 22 , 2024 , 131.78 , 122.50 , 124.05 , 128.21 
1 , 23 , 2024 , 126.15 , 120.33 , 122.41 , 124.19 
1 , 24 , 2024 , 127.97 , 120.79 , 127.28 , 121.34 
1 , 25 , 2024 , 124.26 , 118.92 , 122.38 , 121.01 
1 , 26 , 2024 , 128.10 , 121.46 , 127.52 , 125.20 
1 , 29 , 2024 , 136.89 , 125.80 , 127.09 , 132.82 
1 , 30 , 2024 , 136.70 , 130.44 , 136.05 , 130.82 
1 , 31 , 2024 , 135.55 , 127.57 , 129.09 , 128.20 
2 , 1 , 2024 , 132.07 , 124.24 , 128.75 , 128.95 
2 , 2 , 2024 , 130.13 , 125.55 , 126.90 , 129.22 
2 , 5 , 2024 , 128.89 , 115.80 , 128.70 , 117.30 
2 , 6 , 2024 , 120.90 , 115.90 , 118.61 , 119.79 
2 , 7 , 2024 , 124.40 , 114.51 , 119.68 , 122.07 
2 , 8 , 2024 , 133.05 , 125.81 , 127.22 , 132.55 
2 , 9 , 2024 , 144.55 , 137.17 , 142.16 , 141.99 
2 , 12 , 2024 , 150.35 , 140.99 , 141.10 , 147.31 
2 , 13 , 2024 , 143.75 , 137.13 , 138.20 , 140.39 
2 , 14 , 2024 , 161.13 , 150.40 , 151.83 , 160.38 
2 , 15 , 2024 , 172.82 , 162.08 , 168.79 , 165.67 
2 , 16 , 2024 , 193.64 , 178.80 , 189.05 , 180.31 
2 , 20 , 2024 , 181.31 , 163.39 , 179.87 , 173.30 
2 , 21 , 2024 , 168.09 , 161.19 , 164.25 , 162.41 
2 , 22 , 2024 , 171.99 , 163.80 , 164.85 , 170.91 
2 , 23 , 2024 , 170.00 , 160.66 , 167.38 , 165.98 
2 , 26 , 2024 , 196.95 , 168.40 , 168.66 , 193.94 
2 , 27 , 2024 , 209.94 , 192.09 , 205.18 , 199.22 
2 , 28 , 2024 , 212.22 , 197.66 , 209.41 , 200.80 
2 , 29 , 2024 , 211.31 , 193.88 , 206.46 , 203.56 
3 , 1 , 2024 , 206.39 , 196.01 , 202.70 , 205.77 
3 , 4 , 2024 , 236.46 , 212.25 , 217.39 , 229.15 
3 , 5 , 2024 , 239.98 , 215.40 , 230.00 , 216.77 
3 , 6 , 2024 , 239.90 , 223.03 , 229.20 , 238.55 
3 , 7 , 2024 , 242.87 , 235.50 , 240.00 , 242.62 
3 , 8 , 2024 , 270.55 , 244.90 , 246.00 , 256.62 
3 , 11 , 2024 , 271.65 , 253.96 , 270.09 , 254.17 
3 , 12 , 2024 , 260.79 , 242.09 , 257.84 , 256.14 
3 , 13 , 2024 , 269.39 , 250.53 , 253.36 , 251.73 
3 , 14 , 2024 , 248.27 , 227.24 , 245.00 , 233.67 
3 , 15 , 2024 , 244.65 , 222.83 , 225.06 , 242.36 
3 , 18 , 2024 , 244.05 , 230.21 , 238.61 , 239.62 
3 , 19 , 2024 , 233.29 , 216.16 , 223.24 , 230.12 
3 , 20 , 2024 , 256.96 , 228.80 , 231.38 , 256.88 
3 , 21 , 2024 , 276.38 , 256.27 , 260.24 , 262.00 
3 , 22 , 2024 , 260.72 , 249.55 , 254.24 , 255.51 
3 , 25 , 2024 , 283.48 , 260.25 , 261.00 , 279.71 
3 , 26 , 2024 , 280.83 , 266.69 , 280.12 , 266.81 
3 , 27 , 2024 , 276.61 , 253.95 , 276.22 , 256.70 
3 , 28 , 2024 , 270.79 , 257.91 , 260.21 , 265.12 
4 , 1 , 2024 , 268.81 , 249.22 , 261.87 , 252.11 
4 , 2 , 2024 , 248.13 , 235.99 , 238.38 , 245.84 
4 , 3 , 2024 , 256.00 , 243.00 , 244.04 , 251.58 
4 , 4 , 2024 , 261.50 , 249.46 , 260.15 , 249.61 
4 , 5 , 2024 , 253.96 , 240.20 , 244.91 , 240.90 
4 , 8 , 2024 , 261.63 , 249.68 , 252.71 , 256.99 
4 , 9 , 2024 , 254.55 , 241.10 , 253.23 , 242.95 
4 , 10 , 2024 , 251.27 , 234.12 , 238.24 , 250.99 
4 , 11 , 2024 , 264.30 , 247.31 , 250.99 , 263.01 
4 , 12 , 2024 , 259.97 , 244.31 , 259.42 , 245.75 
4 , 15 , 2024 , 249.74 , 222.14 , 247.94 , 223.41 
4 , 16 , 2024 , 223.00 , 205.67 , 223.00 , 218.83 
4 , 17 , 2024 , 224.87 , 205.90 , 222.04 , 213.78 
4 , 18 , 2024 , 228.05 , 213.25 , 215.57 , 218.08 
4 , 19 , 2024 , 227.76 , 210.18 , 223.83 , 211.01 
4 , 22 , 2024 , 227.14 , 215.03 , 216.79 , 225.86 
4 , 23 , 2024 , 238.67 , 223.61 , 223.62 , 236.43 
4 , 24 , 2024 , 239.00 , 223.87 , 236.83 , 224.37 
4 , 25 , 2024 , 225.94 , 213.64 , 216.05 , 223.61 
4 , 26 , 2024 , 237.02 , 218.66 , 220.77 , 236.32 
4 , 29 , 2024 , 230.32 , 216.54 , 229.94 , 218.16 
4 , 30 , 2024 , 216.57 , 202.59 , 214.35 , 203.93 
5 , 1 , 2024 , 218.52 , 198.20 , 199.29 , 210.09 
5 , 2 , 2024 , 232.71 , 210.76 , 216.48 , 228.85 
5 , 3 , 2024 , 232.25 , 216.55 , 230.90 , 223.25 
5 , 6 , 2024 , 235.80 , 224.90 , 225.84 , 226.93 
5 , 7 , 2024 , 230.82 , 214.12 , 226.94 , 214.34 
5 , 8 , 2024 , 214.90 , 206.53 , 209.50 , 211.20 
5 , 9 , 2024 , 213.85 , 205.11 , 210.22 , 210.45 
5 , 10 , 2024 , 214.87 , 200.50 , 214.42 , 200.92 
5 , 13 , 2024 , 206.67 , 197.64 , 204.00 , 199.51 
5 , 14 , 2024 , 206.97 , 194.93 , 195.96 , 203.05 
5 , 15 , 2024 , 221.40 , 207.70 , 212.21 , 219.91 
5 , 16 , 2024 , 216.45 , 198.64 , 215.00 , 199.17 
5 , 17 , 2024 , 210.67 , 199.83 , 205.66 , 207.60 
5 , 20 , 2024 , 226.26 , 203.72 , 207.96 , 225.19 
5 , 21 , 2024 , 233.65 , 220.12 , 231.97 , 225.78 
5 , 22 , 2024 , 238.77 , 221.21 , 225.01 , 231.51 
5 , 23 , 2024 , 234.32 , 217.66 , 233.81 , 218.86 
5 , 24 , 2024 , 237.79 , 220.05 , 221.00 , 237.65 
5 , 28 , 2024 , 247.13 , 231.05 , 235.45 , 245.00 
5 , 29 , 2024 , 240.49 , 233.18 , 239.02 , 236.65 
5 , 30 , 2024 , 248.86 , 233.38 , 241.10 , 234.76 
5 , 31 , 2024 , 240.41 , 219.17 , 239.28 , 225.92 
6 , 3 , 2024 , 239.20 , 224.69 , 232.50 , 231.39 
6 , 4 , 2024 , 247.20 , 230.16 , 230.23 , 244.20 
6 , 5 , 2024 , 251.89 , 240.70 , 246.86 , 251.40 
6 , 6 , 2024 , 263.80 , 248.75 , 250.00 , 257.08 
6 , 7 , 2024 , 263.18 , 243.86 , 256.19 , 244.16 
6 , 10 , 2024 , 253.43 , 239.53 , 241.11 , 249.81 
6 , 11 , 2024 , 245.66 , 234.09 , 242.93 , 244.20 
6 , 12 , 2024 , 263.26 , 250.58 , 251.80 , 254.96 
6 , 13 , 2024 , 257.13 , 243.26 , 253.77 , 247.64 
6 , 14 , 2024 , 250.25 , 237.06 , 246.16 , 244.50 
6 , 17 , 2024 , 248.64 , 234.23 , 239.87 , 245.10 
6 , 18 , 2024 , 242.80 , 234.60 , 238.25 , 235.95 
6 , 20 , 2024 , 240.49 , 228.44 , 237.36 , 235.03 
6 , 21 , 2024 , 228.25 , 220.71 , 227.00 , 225.86 
6 , 24 , 2024 , 221.44 , 207.71 , 217.22 , 212.31 
6 , 25 , 2024 , 222.88 , 213.22 , 217.00 , 221.71 
6 , 26 , 2024 , 223.73 , 212.46 , 220.00 , 214.58 
6 , 27 , 2024 , 225.76 , 216.32 , 217.60 , 224.00 
6 , 28 , 2024 , 225.53 , 218.80 , 223.95 , 222.23 
7 , 1 , 2024 , 236.04 , 224.04 , 226.00 , 233.37 
7 , 2 , 2024 , 234.97 , 226.32 , 231.34 , 227.51 
7 , 3 , 2024 , 227.11 , 222.22 , 223.81 , 224.94 
7 , 5 , 2024 , 225.13 , 209.45 , 213.48 , 223.68 
7 , 8 , 2024 , 226.51 , 217.75 , 226.51 , 220.56 
7 , 9 , 2024 , 225.64 , 218.68 , 223.55 , 219.97 
7 , 10 , 2024 , 223.33 , 215.14 , 221.64 , 219.56 
7 , 11 , 2024 , 227.15 , 213.57 , 224.37 , 214.63 
7 , 12 , 2024 , 222.15 , 214.57 , 215.34 , 218.02 
7 , 15 , 2024 , 247.50 , 228.00 , 229.38 , 242.85 
7 , 16 , 2024 , 252.12 , 234.20 , 243.19 , 251.49 
7 , 17 , 2024 , 255.90 , 241.31 , 245.90 , 249.10 
7 , 18 , 2024 , 253.87 , 230.57 , 251.21 , 233.24 
7 , 19 , 2024 , 259.80 , 233.50 , 235.10 , 257.79 
7 , 22 , 2024 , 266.00 , 252.84 , 260.47 , 265.15 
7 , 23 , 2024 , 272.55 , 257.29 , 263.60 , 257.63 
7 , 24 , 2024 , 265.00 , 243.75 , 261.00 , 245.06 
7 , 25 , 2024 , 241.64 , 226.30 , 238.88 , 231.52 
7 , 26 , 2024 , 249.16 , 237.56 , 243.34 , 242.93 
7 , 29 , 2024 , 255.42 , 234.00 , 251.55 , 234.20 
7 , 30 , 2024 , 239.00 , 223.03 , 235.62 , 224.46 
7 , 31 , 2024 , 234.11 , 224.04 , 233.00 , 224.36 
8 , 1 , 2024 , 227.10 , 207.82 , 226.60 , 212.64 
8 , 2 , 2024 , 219.30 , 199.38 , 213.12 , 204.44 
8 , 5 , 2024 , 197.88 , 161.13 , 162.30 , 189.47 
8 , 6 , 2024 , 197.40 , 182.70 , 191.99 , 194.17 
8 , 7 , 2024 , 199.95 , 177.39 , 196.80 , 178.91 
8 , 8 , 2024 , 194.98 , 182.46 , 185.67 , 192.32 
8 , 9 , 2024 , 199.10 , 189.78 , 191.29 , 196.29 
8 , 12 , 2024 , 197.69 , 188.29 , 194.30 , 191.74 
8 , 13 , 2024 , 201.10 , 191.87 , 193.13 , 197.94 
8 , 14 , 2024 , 201.97 , 192.40 , 200.90 , 195.96 
8 , 15 , 2024 , 205.07 , 196.20 , 198.52 , 197.12 
8 , 16 , 2024 , 205.95 , 197.14 , 199.00 , 205.31 
8 , 19 , 2024 , 207.49 , 200.35 , 203.34 , 204.46 
8 , 20 , 2024 , 209.80 , 191.21 , 209.10 , 197.25 
8 , 21 , 2024 , 207.00 , 195.11 , 197.16 , 206.23 
8 , 22 , 2024 , 207.10 , 197.43 , 204.78 , 198.43 
8 , 23 , 2024 , 211.92 , 200.00 , 200.97 , 211.40 
8 , 26 , 2024 , 210.85 , 202.68 , 209.30 , 204.00 
8 , 27 , 2024 , 202.50 , 194.10 , 201.84 , 198.30 
8 , 28 , 2024 , 197.49 , 187.73 , 195.02 , 190.20 
8 , 29 , 2024 , 196.50 , 187.60 , 194.00 , 188.28 
8 , 30 , 2024 , 189.94 , 180.04 , 189.22 , 183.36 
9 , 3 , 2024 , 182.70 , 168.07 , 182.00 , 169.13 
9 , 4 , 2024 , 169.04 , 160.67 , 166.50 , 163.22 
9 , 5 , 2024 , 166.37 , 158.12 , 161.62 , 159.70 
9 , 6 , 2024 , 164.15 , 146.12 , 163.24 , 147.35 
9 , 9 , 2024 , 157.40 , 150.06 , 151.27 , 155.05 
9 , 10 , 2024 , 159.14 , 149.51 , 155.01 , 158.46 
9 , 11 , 2024 , 158.84 , 149.95 , 153.56 , 157.15 
9 , 12 , 2024 , 165.43 , 156.10 , 158.61 , 162.89 
9 , 13 , 2024 , 168.93 , 161.58 , 162.24 , 163.05 
9 , 16 , 2024 , 163.16 , 155.88 , 158.50 , 161.50 
9 , 17 , 2024 , 167.67 , 160.50 , 164.14 , 162.45 
9 , 18 , 2024 , 169.10 , 160.80 , 161.54 , 162.64 
9 , 19 , 2024 , 175.39 , 167.00 , 172.00 , 168.24 
9 , 20 , 2024 , 173.39 , 165.40 , 168.99 , 170.09 
9 , 23 , 2024 , 173.57 , 168.70 , 171.30 , 170.22 
9 , 24 , 2024 , 172.25 , 163.81 , 170.38 , 171.68 
9 , 25 , 2024 , 173.94 , 166.88 , 170.30 , 167.08 
9 , 26 , 2024 , 181.49 , 170.26 , 170.61 , 179.93 
9 , 27 , 2024 , 192.45 , 179.50 , 183.07 , 191.23 
9 , 30 , 2024 , 185.41 , 177.00 , 184.19 , 178.17 
10 , 1 , 2024 , 178.90 , 160.00 , 178.72 , 165.01 
10 , 2 , 2024 , 169.29 , 161.39 , 163.03 , 164.47 
10 , 3 , 2024 , 166.41 , 161.41 , 162.83 , 163.10 
10 , 4 , 2024 , 171.24 , 164.00 , 167.96 , 170.91 
10 , 7 , 2024 , 176.15 , 166.89 , 171.54 , 168.92 
10 , 8 , 2024 , 170.05 , 165.02 , 166.36 , 167.69 
10 , 9 , 2024 , 172.49 , 165.78 , 167.42 , 166.97 
10 , 10 , 2024 , 167.31 , 161.87 , 166.05 , 164.27 
10 , 11 , 2024 , 179.18 , 165.22 , 165.54 , 176.38 
10 , 14 , 2024 , 197.69 , 178.27 , 181.19 , 196.35 
10 , 15 , 2024 , 204.90 , 188.31 , 195.68 , 196.34 
10 , 16 , 2024 , 212.42 , 197.60 , 203.53 , 210.48 
10 , 17 , 2024 , 209.45 , 201.13 , 209.20 , 204.20 
10 , 18 , 2024 , 220.26 , 207.14 , 208.05 , 220.21 
10 , 21 , 2024 , 216.86 , 208.13 , 215.40 , 213.72 
10 , 22 , 2024 , 215.95 , 207.30 , 209.45 , 210.72 
10 , 23 , 2024 , 209.70 , 194.60 , 206.30 , 198.93 
10 , 24 , 2024 , 210.55 , 200.80 , 206.87 , 209.16 
10 , 25 , 2024 , 213.67 , 203.40 , 208.30 , 205.04 
10 , 28 , 2024 , 218.00 , 210.50 , 213.35 , 216.10 
10 , 29 , 2024 , 223.90 , 216.11 , 220.91 , 219.66 
10 , 30 , 2024 , 220.46 , 209.47 , 213.10 , 211.74 
10 , 31 , 2024 , 206.00 , 178.82 , 203.73 , 179.25 
11 , 1 , 2024 , 190.94 , 179.54 , 180.00 , 182.88 
11 , 4 , 2024 , 186.95 , 176.38 , 180.09 , 186.27 
11 , 5 , 2024 , 197.25 , 185.51 , 185.59 , 193.96 
11 , 6 , 2024 , 257.68 , 221.11 , 221.48 , 254.31 
11 , 7 , 2024 , 259.69 , 242.34 , 245.63 , 255.58 
11 , 8 , 2024 , 273.50 , 257.15 , 257.67 , 270.74 
11 , 11 , 2024 , 334.86 , 296.00 , 300.31 , 324.24 
11 , 12 , 2024 , 327.00 , 306.10 , 310.05 , 319.13 
11 , 13 , 2024 , 332.35 , 282.66 , 325.01 , 284.72 
11 , 14 , 2024 , 292.57 , 274.30 , 290.81 , 278.84 
11 , 15 , 2024 , 306.46 , 276.02 , 282.51 , 305.85 
11 , 18 , 2024 , 329.59 , 288.50 , 301.84 , 325.41 
11 , 19 , 2024 , 327.24 , 315.50 , 322.08 , 324.57 
11 , 20 , 2024 , 341.75 , 303.80 , 332.25 , 320.01 
11 , 21 , 2024 , 330.50 , 288.55 , 329.95 , 295.23 
11 , 22 , 2024 , 311.37 , 290.80 , 294.89 , 304.64 
11 , 25 , 2024 , 317.46 , 291.20 , 309.00 , 312.22 
11 , 26 , 2024 , 309.20 , 289.13 , 298.26 , 293.29 
11 , 27 , 2024 , 314.29 , 295.36 , 302.78 , 310.98 
11 , 29 , 2024 , 316.30 , 295.81 , 311.95 , 296.20 
12 , 2 , 2024 , 311.47 , 299.50 , 302.03 , 302.40 
12 , 3 , 2024 , 314.43 , 296.65 , 296.78 , 309.35 
12 , 4 , 2024 , 332.00 , 309.12 , 312.00 , 330.94 
12 , 5 , 2024 , 349.49 , 315.17 , 343.36 , 320.57 
12 , 6 , 2024 , 349.75 , 325.50 , 328.56 , 343.62 
12 , 9 , 2024 , 340.16 , 309.68 , 339.91 , 310.52 
12 , 10 , 2024 , 318.74 , 298.52 , 318.03 , 302.42 
12 , 11 , 2024 , 320.90 , 308.82 , 311.85 , 313.81 
12 , 12 , 2024 , 323.50 , 307.75 , 317.76 , 312.96 
12 , 13 , 2024 , 317.18 , 305.25 , 316.00 , 310.58 
12 , 16 , 2024 , 326.23 , 314.77 , 316.90 , 315.31 
12 , 17 , 2024 , 323.07 , 303.50 , 319.84 , 311.64 
12 , 18 , 2024 , 312.14 , 275.81 , 308.00 , 279.86 
12 , 19 , 2024 , 295.48 , 268.88 , 290.64 , 273.92 
12 , 20 , 2024 , 281.74 , 261.87 , 266.13 , 278.71 
12 , 23 , 2024 , 275.33 , 263.07 , 274.52 , 268.15 
12 , 24 , 2024 , 284.00 , 271.86 , 273.22 , 279.62 
12 , 26 , 2024 , 279.24 , 271.39 , 275.58 , 274.41 
12 , 27 , 2024 , 274.25 , 263.21 , 274.20 , 265.71 
12 , 30 , 2024 , 260.50 , 247.60 , 259.98 , 255.56 
12 , 31 , 2024 , 263.66 , 246.37 , 262.97 , 248.30 
1 , 2 , 2025 , 262.31 , 251.00 , 256.48 , 257.21 
1 , 3 , 2025 , 271.59 , 258.59 , 259.89 , 270.65 
1 , 6 , 2025 , 293.60 , 271.75 , 279.07 , 287.76 
1 , 7 , 2025 , 287.58 , 260.24 , 286.74 , 264.33 
1 , 8 , 2025 , 267.00 , 252.99 , 263.88 , 260.01 
1 , 10 , 2025 , 261.87 , 248.05 , 257.77 , 258.78 
1 , 13 , 2025 , 251.81 , 240.77 , 246.98 , 251.20 
1 , 14 , 2025 , 263.00 , 251.00 , 261.73 , 255.37 
1 , 15 , 2025 , 278.32 , 264.44 , 266.87 , 274.93 
1 , 16 , 2025 , 285.02 , 268.14 , 274.00 , 281.63 
1 , 17 , 2025 , 300.35 , 289.33 , 292.00 , 295.48 
1 , 21 , 2025 , 303.10 , 273.62 , 298.52 , 294.19 
1 , 22 , 2025 , 298.80 , 286.28 , 290.46 , 295.85 
1 , 23 , 2025 , 303.56 , 287.90 , 289.74 , 296.01 
1 , 24 , 2025 , 310.61 , 297.62 , 300.00 , 298.00 
1 , 27 , 2025 , 289.78 , 265.20 , 283.70 , 277.99 
1 , 28 , 2025 , 284.84 , 276.00 , 280.50 , 281.82 
1 , 29 , 2025 , 294.38 , 277.01 , 281.82 , 291.00 
1 , 30 , 2025 , 306.00 , 293.02 , 293.72 , 301.30 
1 , 31 , 2025 , 304.73 , 287.22 , 300.86 , 291.33 
2 , 3 , 2025 , 288.76 , 269.30 , 272.98 , 284.41 
2 , 4 , 2025 , 289.39 , 278.63 , 282.15 , 280.39 
2 , 5 , 2025 , 285.76 , 274.56 , 283.61 , 275.14 
2 , 6 , 2025 , 284.60 , 269.00 , 279.52 , 270.37 
2 , 7 , 2025 , 282.57 , 271.75 , 274.05 , 274.49 
2 , 10 , 2025 , 285.56 , 274.60 , 280.40 , 280.22 
2 , 11 , 2025 , 279.00 , 265.83 , 277.55 , 266.90 
2 , 12 , 2025 , 277.80 , 263.48 , 264.39 , 274.90 
2 , 13 , 2025 , 302.40 , 282.50 , 284.16 , 298.11 
2 , 14 , 2025 , 291.55 , 274.00 , 288.02 , 274.31 
2 , 18 , 2025 , 279.18 , 260.50 , 278.80 , 264.63 
2 , 19 , 2025 , 267.00 , 257.68 , 265.76 , 258.67 
2 , 20 , 2025 , 262.25 , 250.37 , 260.66 , 256.59 
2 , 21 , 2025 , 267.80 , 234.76 , 266.99 , 235.38 
2 , 24 , 2025 , 240.24 , 223.60 , 239.14 , 227.07 
2 , 25 , 2025 , 222.85 , 205.12 , 219.97 , 212.49 
2 , 26 , 2025 , 218.57 , 207.99 , 212.63 , 212.96 
2 , 27 , 2025 , 221.58 , 207.79 , 218.13 , 208.37 
2 , 28 , 2025 , 216.44 , 201.10 , 205.27 , 215.62 
3 , 3 , 2025 , 233.40 , 203.44 , 232.23 , 205.75 
3 , 4 , 2025 , 218.94 , 193.09 , 200.52 , 212.55 
3 , 5 , 2025 , 223.15 , 208.00 , 214.89 , 222.45 
3 , 6 , 2025 , 226.60 , 213.00 , 214.51 , 214.17 
3 , 7 , 2025 , 222.05 , 206.77 , 214.89 , 217.45 
3 , 10 , 2025 , 206.84 , 176.85 , 205.08 , 179.23 
3 , 11 , 2025 , 195.69 , 183.30 , 186.00 , 191.69 
3 , 12 , 2025 , 199.20 , 183.75 , 195.40 , 191.73 
3 , 13 , 2025 , 188.85 , 177.11 , 188.62 , 177.49 
3 , 14 , 2025 , 186.74 , 179.16 , 183.81 , 183.12 
3 , 17 , 2025 , 193.24 , 180.77 , 182.00 , 188.96 
3 , 18 , 2025 , 186.49 , 178.78 , 185.00 , 181.14 
3 , 19 , 2025 , 193.78 , 182.80 , 184.83 , 189.75 
3 , 20 , 2025 , 193.93 , 185.88 , 185.89 , 190.38 
3 , 21 , 2025 , 190.72 , 183.75 , 185.57 , 189.86 
3 , 24 , 2025 , 203.25 , 194.42 , 197.50 , 203.04 
3 , 25 , 2025 , 206.93 , 198.34 , 202.13 , 204.23 
3 , 26 , 2025 , 206.00 , 192.29 , 203.00 , 193.95 
3 , 27 , 2025 , 195.33 , 187.80 , 192.97 , 188.58 
3 , 28 , 2025 , 186.79 , 172.99 , 185.72 , 173.93 
3 , 31 , 2025 , 173.58 , 163.52 , 169.38 , 172.23 
4 , 1 , 2025 , 176.05 , 168.55 , 172.82 , 174.52 
4 , 2 , 2025 , 184.11 , 170.35 , 170.57 , 182.95 
4 , 3 , 2025 , 172.03 , 164.65 , 168.58 , 170.76 
4 , 4 , 2025 , 167.50 , 147.17 , 166.02 , 160.55 
4 , 7 , 2025 , 167.40 , 142.58 , 146.04 , 157.28 
4 , 8 , 2025 , 167.80 , 147.35 , 165.20 , 151.47 
4 , 9 , 2025 , 183.90 , 150.08 , 150.08 , 177.09 
4 , 10 , 2025 , 173.82 , 159.11 , 168.50 , 169.62 
4 , 11 , 2025 , 178.00 , 167.00 , 171.30 , 175.50 
4 , 14 , 2025 , 182.39 , 172.01 , 180.50 , 176.58 
4 , 15 , 2025 , 179.77 , 172.30 , 178.50 , 175.57 
4 , 16 , 2025 , 174.80 , 168.50 , 170.50 , 172.21 
4 , 17 , 2025 , 177.50 , 171.30 , 172.60 , 175.03 
4 , 21 , 2025 , 177.98 , 171.41 , 175.10 , 175.00 
4 , 22 , 2025 , 193.49 , 178.40 , 178.79 , 190.00 
4 , 23 , 2025 , 200.80 , 191.52 , 197.75 , 194.80 
4 , 24 , 2025 , 204.21 , 193.10 , 193.42 , 203.87 
4 , 25 , 2025 , 211.62 , 203.74 , 205.57 , 209.64 
4 , 28 , 2025 , 208.78 , 197.42 , 208.20 , 205.27 
4 , 29 , 2025 , 207.40 , 203.14 , 205.30 , 206.13 
4 , 30 , 2025 , 203.04 , 195.55 , 199.67 , 202.89 
