Month , Day , Year , High , Low , Open , Close
9 , 7 , 2021 , 20.05 , 19.98 , 20.05 , 20.00 
9 , 8 , 2021 , 20.04 , 19.94 , 19.98 , 20.01 
9 , 9 , 2021 , 20.01 , 19.95 , 20.01 , 19.98 
9 , 10 , 2021 , 20.01 , 19.94 , 20.01 , 20.00 
9 , 13 , 2021 , 20.01 , 19.94 , 19.96 , 20.01 
9 , 14 , 2021 , 20.05 , 19.93 , 20.01 , 19.96 
9 , 15 , 2021 , 20.01 , 19.92 , 20.01 , 19.99 
9 , 16 , 2021 , 20.04 , 19.96 , 20.00 , 20.04 
9 , 17 , 2021 , 20.05 , 20.01 , 20.04 , 20.03 
9 , 20 , 2021 , 20.01 , 19.88 , 20.01 , 19.97 
9 , 21 , 2021 , 19.98 , 19.75 , 19.87 , 19.85 
9 , 22 , 2021 , 19.91 , 19.60 , 19.91 , 19.60 
9 , 23 , 2021 , 19.79 , 19.25 , 19.65 , 19.31 
9 , 24 , 2021 , 19.65 , 19.44 , 19.44 , 19.52 
9 , 27 , 2021 , 19.80 , 19.46 , 19.60 , 19.53 
9 , 28 , 2021 , 19.66 , 19.33 , 19.59 , 19.66 
9 , 29 , 2021 , 19.50 , 19.05 , 19.48 , 19.22 
9 , 30 , 2021 , 19.51 , 19.07 , 19.07 , 19.22 
10 , 1 , 2021 , 19.60 , 19.21 , 19.60 , 19.43 
10 , 4 , 2021 , 19.53 , 19.27 , 19.45 , 19.38 
10 , 5 , 2021 , 19.53 , 19.29 , 19.29 , 19.31 
10 , 6 , 2021 , 19.50 , 19.35 , 19.35 , 19.40 
10 , 7 , 2021 , 19.60 , 19.36 , 19.60 , 19.36 
10 , 8 , 2021 , 19.49 , 19.30 , 19.30 , 19.37 
10 , 11 , 2021 , 19.45 , 19.33 , 19.35 , 19.40 
10 , 12 , 2021 , 19.53 , 19.32 , 19.42 , 19.46 
10 , 13 , 2021 , 19.70 , 19.44 , 19.44 , 19.60 
10 , 14 , 2021 , 19.89 , 19.56 , 19.75 , 19.75 
10 , 15 , 2021 , 19.99 , 19.85 , 19.90 , 19.90 
10 , 18 , 2021 , 19.90 , 19.61 , 19.90 , 19.64 
10 , 19 , 2021 , 19.66 , 19.37 , 19.64 , 19.46 
10 , 20 , 2021 , 19.50 , 19.32 , 19.47 , 19.45 
10 , 21 , 2021 , 19.36 , 19.21 , 19.33 , 19.28 
10 , 22 , 2021 , 19.22 , 18.98 , 19.22 , 19.06 
10 , 25 , 2021 , 19.14 , 18.80 , 19.06 , 18.83 
10 , 26 , 2021 , 18.92 , 18.43 , 18.80 , 18.65 
10 , 27 , 2021 , 19.04 , 18.67 , 18.72 , 18.77 
10 , 28 , 2021 , 19.47 , 18.85 , 18.90 , 18.97 
10 , 29 , 2021 , 19.17 , 18.85 , 18.85 , 18.96 
11 , 1 , 2021 , 19.24 , 18.97 , 19.24 , 19.14 
11 , 2 , 2021 , 19.39 , 19.15 , 19.27 , 19.32 
11 , 3 , 2021 , 19.69 , 19.21 , 19.32 , 19.42 
11 , 4 , 2021 , 19.48 , 19.30 , 19.47 , 19.40 
11 , 5 , 2021 , 19.48 , 19.20 , 19.42 , 19.38 
11 , 8 , 2021 , 19.44 , 19.10 , 19.43 , 19.22 
11 , 9 , 2021 , 19.27 , 19.11 , 19.25 , 19.24 
11 , 10 , 2021 , 19.35 , 19.09 , 19.33 , 19.13 
11 , 11 , 2021 , 19.28 , 18.96 , 19.12 , 18.98 
11 , 12 , 2021 , 18.96 , 18.86 , 18.92 , 18.86 
11 , 15 , 2021 , 18.99 , 18.88 , 18.98 , 18.91 
11 , 16 , 2021 , 19.08 , 18.86 , 19.07 , 18.94 
11 , 17 , 2021 , 19.03 , 18.85 , 18.90 , 18.90 
11 , 18 , 2021 , 18.99 , 18.81 , 18.83 , 18.85 
11 , 19 , 2021 , 18.88 , 18.66 , 18.80 , 18.70 
11 , 22 , 2021 , 18.70 , 18.51 , 18.68 , 18.61 
11 , 23 , 2021 , 18.62 , 18.45 , 18.60 , 18.53 
11 , 24 , 2021 , 18.59 , 18.33 , 18.43 , 18.52 
11 , 26 , 2021 , 18.48 , 18.30 , 18.30 , 18.44 
11 , 29 , 2021 , 18.57 , 18.36 , 18.44 , 18.41 
11 , 30 , 2021 , 18.46 , 18.20 , 18.31 , 18.36 
12 , 1 , 2021 , 18.49 , 18.26 , 18.48 , 18.32 
12 , 2 , 2021 , 18.45 , 18.25 , 18.30 , 18.38 
12 , 3 , 2021 , 18.43 , 18.07 , 18.32 , 18.13 
12 , 6 , 2021 , 18.25 , 18.09 , 18.15 , 18.12 
12 , 7 , 2021 , 18.34 , 18.12 , 18.20 , 18.16 
12 , 8 , 2021 , 18.33 , 18.08 , 18.19 , 18.22 
12 , 9 , 2021 , 18.31 , 18.10 , 18.17 , 18.22 
12 , 10 , 2021 , 18.35 , 18.13 , 18.22 , 18.21 
12 , 13 , 2021 , 18.26 , 18.12 , 18.12 , 18.21 
12 , 14 , 2021 , 18.26 , 18.10 , 18.14 , 18.23 
12 , 15 , 2021 , 18.50 , 18.20 , 18.23 , 18.44 
12 , 16 , 2021 , 18.55 , 18.18 , 18.41 , 18.38 
12 , 17 , 2021 , 18.45 , 18.18 , 18.23 , 18.26 
12 , 20 , 2021 , 18.24 , 18.11 , 18.11 , 18.19 
12 , 21 , 2021 , 18.42 , 18.16 , 18.22 , 18.21 
12 , 22 , 2021 , 18.21 , 18.07 , 18.12 , 18.19 
12 , 23 , 2021 , 18.38 , 18.22 , 18.22 , 18.30 
12 , 27 , 2021 , 18.40 , 18.16 , 18.30 , 18.23 
12 , 28 , 2021 , 18.32 , 18.10 , 18.21 , 18.20 
12 , 29 , 2021 , 18.24 , 18.10 , 18.18 , 18.18 
12 , 30 , 2021 , 18.30 , 18.18 , 18.18 , 18.28 
12 , 31 , 2021 , 18.36 , 18.23 , 18.28 , 18.31 
1 , 3 , 2022 , 18.55 , 18.32 , 18.34 , 18.50 
1 , 4 , 2022 , 18.59 , 18.38 , 18.55 , 18.48 
1 , 5 , 2022 , 18.61 , 18.27 , 18.48 , 18.28 
1 , 6 , 2022 , 18.45 , 18.26 , 18.26 , 18.33 
1 , 7 , 2022 , 18.42 , 18.33 , 18.36 , 18.40 
1 , 10 , 2022 , 18.41 , 18.33 , 18.40 , 18.39 
1 , 11 , 2022 , 18.63 , 18.43 , 18.43 , 18.57 
1 , 12 , 2022 , 18.80 , 18.51 , 18.62 , 18.77 
1 , 13 , 2022 , 19.06 , 18.71 , 18.75 , 18.93 
1 , 14 , 2022 , 19.00 , 18.87 , 18.92 , 18.89 
1 , 18 , 2022 , 18.95 , 18.67 , 18.76 , 18.73 
1 , 19 , 2022 , 18.80 , 18.61 , 18.80 , 18.66 
1 , 20 , 2022 , 18.78 , 18.55 , 18.78 , 18.56 
1 , 21 , 2022 , 18.62 , 18.12 , 18.62 , 18.17 
1 , 24 , 2022 , 18.12 , 17.76 , 17.94 , 17.84 
1 , 25 , 2022 , 17.96 , 17.71 , 17.76 , 17.71 
1 , 26 , 2022 , 17.96 , 17.72 , 17.81 , 17.78 
1 , 27 , 2022 , 17.96 , 17.72 , 17.88 , 17.74 
1 , 28 , 2022 , 17.74 , 17.57 , 17.74 , 17.70 
1 , 31 , 2022 , 17.97 , 17.65 , 17.65 , 17.97 
2 , 1 , 2022 , 18.11 , 17.90 , 18.05 , 18.00 
2 , 2 , 2022 , 18.11 , 17.95 , 18.05 , 18.01 
2 , 3 , 2022 , 17.98 , 17.80 , 17.84 , 17.84 
2 , 4 , 2022 , 17.85 , 17.53 , 17.84 , 17.53 
2 , 7 , 2022 , 17.81 , 17.53 , 17.53 , 17.61 
2 , 8 , 2022 , 17.66 , 17.54 , 17.54 , 17.64 
2 , 9 , 2022 , 17.83 , 17.61 , 17.68 , 17.83 
2 , 10 , 2022 , 17.75 , 17.35 , 17.71 , 17.58 
2 , 11 , 2022 , 17.53 , 17.35 , 17.45 , 17.43 
2 , 14 , 2022 , 17.50 , 17.20 , 17.43 , 17.25 
2 , 15 , 2022 , 17.40 , 17.13 , 17.20 , 17.18 
2 , 16 , 2022 , 17.37 , 17.15 , 17.18 , 17.19 
2 , 17 , 2022 , 17.20 , 16.87 , 17.10 , 16.97 
2 , 18 , 2022 , 17.10 , 16.82 , 16.89 , 16.88 
2 , 22 , 2022 , 16.96 , 16.71 , 16.96 , 16.73 
2 , 23 , 2022 , 16.83 , 16.46 , 16.73 , 16.55 
2 , 24 , 2022 , 16.72 , 16.26 , 16.45 , 16.68 
2 , 25 , 2022 , 16.91 , 16.67 , 16.67 , 16.86 
2 , 28 , 2022 , 16.88 , 16.66 , 16.71 , 16.84 
3 , 1 , 2022 , 17.00 , 16.78 , 16.93 , 17.00 
3 , 2 , 2022 , 17.55 , 16.87 , 17.00 , 17.39 
3 , 3 , 2022 , 17.55 , 17.11 , 17.35 , 17.46 
3 , 4 , 2022 , 17.44 , 16.75 , 17.44 , 16.96 
3 , 7 , 2022 , 16.90 , 16.65 , 16.88 , 16.67 
3 , 8 , 2022 , 16.74 , 16.56 , 16.65 , 16.61 
3 , 9 , 2022 , 16.74 , 16.44 , 16.65 , 16.56 
3 , 10 , 2022 , 16.54 , 16.27 , 16.50 , 16.31 
3 , 11 , 2022 , 16.43 , 15.98 , 16.43 , 16.02 
3 , 14 , 2022 , 16.14 , 15.39 , 16.07 , 15.58 
3 , 15 , 2022 , 16.06 , 15.62 , 15.70 , 15.88 
3 , 16 , 2022 , 16.28 , 15.95 , 16.03 , 16.13 
3 , 17 , 2022 , 16.41 , 16.03 , 16.03 , 16.38 
3 , 18 , 2022 , 16.54 , 16.22 , 16.38 , 16.44 
3 , 21 , 2022 , 16.43 , 15.95 , 16.34 , 16.04 
3 , 22 , 2022 , 16.10 , 15.81 , 16.10 , 15.97 
3 , 23 , 2022 , 16.05 , 15.65 , 15.77 , 16.05 
3 , 24 , 2022 , 16.08 , 15.70 , 16.00 , 15.99 
3 , 25 , 2022 , 15.98 , 15.61 , 15.90 , 15.77 
3 , 28 , 2022 , 15.97 , 15.63 , 15.84 , 15.82 
3 , 29 , 2022 , 16.22 , 15.79 , 15.84 , 16.22 
3 , 30 , 2022 , 16.28 , 15.95 , 16.10 , 16.03 
3 , 31 , 2022 , 16.52 , 16.08 , 16.08 , 16.21 
4 , 1 , 2022 , 16.40 , 16.10 , 16.25 , 16.37 
4 , 4 , 2022 , 16.60 , 16.36 , 16.46 , 16.60 
4 , 5 , 2022 , 16.67 , 16.44 , 16.56 , 16.53 
4 , 6 , 2022 , 16.57 , 16.25 , 16.46 , 16.46 
4 , 7 , 2022 , 16.59 , 16.34 , 16.49 , 16.36 
4 , 8 , 2022 , 16.50 , 16.17 , 16.36 , 16.21 
4 , 11 , 2022 , 16.21 , 15.95 , 16.07 , 16.02 
4 , 12 , 2022 , 16.20 , 16.00 , 16.00 , 16.08 
4 , 13 , 2022 , 16.25 , 15.88 , 16.16 , 15.97 
4 , 14 , 2022 , 16.03 , 15.76 , 16.00 , 15.80 
4 , 18 , 2022 , 15.95 , 15.68 , 15.68 , 15.87 
4 , 19 , 2022 , 16.10 , 15.75 , 15.77 , 15.90 
4 , 20 , 2022 , 16.09 , 15.90 , 15.94 , 16.02 
4 , 21 , 2022 , 16.08 , 15.73 , 15.99 , 15.83 
4 , 22 , 2022 , 15.86 , 15.71 , 15.86 , 15.79 
4 , 25 , 2022 , 15.85 , 15.65 , 15.79 , 15.78 
4 , 26 , 2022 , 15.85 , 15.53 , 15.78 , 15.53 
4 , 27 , 2022 , 15.73 , 15.50 , 15.53 , 15.57 
4 , 28 , 2022 , 15.85 , 15.47 , 15.62 , 15.78 
4 , 29 , 2022 , 15.72 , 15.50 , 15.63 , 15.50 
5 , 2 , 2022 , 15.66 , 15.35 , 15.35 , 15.49 
5 , 3 , 2022 , 15.74 , 15.51 , 15.53 , 15.63 
5 , 4 , 2022 , 15.77 , 15.27 , 15.52 , 15.77 
5 , 5 , 2022 , 15.65 , 15.35 , 15.61 , 15.62 
5 , 6 , 2022 , 15.69 , 15.42 , 15.60 , 15.63 
5 , 9 , 2022 , 15.60 , 15.03 , 15.54 , 15.12 
5 , 10 , 2022 , 15.25 , 14.98 , 15.21 , 15.08 
5 , 11 , 2022 , 15.30 , 14.49 , 14.90 , 14.74 
5 , 12 , 2022 , 14.93 , 14.42 , 14.63 , 14.75 
5 , 13 , 2022 , 14.79 , 14.51 , 14.79 , 14.53 
5 , 16 , 2022 , 14.81 , 14.56 , 14.60 , 14.59 
5 , 17 , 2022 , 14.88 , 14.56 , 14.72 , 14.71 
5 , 18 , 2022 , 14.71 , 14.42 , 14.57 , 14.56 
5 , 19 , 2022 , 14.62 , 14.43 , 14.43 , 14.52 
5 , 20 , 2022 , 14.61 , 14.32 , 14.55 , 14.43 
5 , 23 , 2022 , 14.60 , 14.31 , 14.46 , 14.34 
5 , 24 , 2022 , 14.54 , 14.14 , 14.25 , 14.39 
5 , 25 , 2022 , 14.70 , 14.28 , 14.28 , 14.55 
5 , 26 , 2022 , 14.96 , 14.60 , 14.70 , 14.83 
5 , 27 , 2022 , 15.00 , 14.79 , 14.84 , 14.93 
5 , 31 , 2022 , 15.09 , 14.85 , 14.95 , 14.99 
6 , 1 , 2022 , 15.16 , 14.93 , 14.93 , 15.12 
6 , 2 , 2022 , 15.50 , 14.94 , 15.14 , 14.97 
6 , 3 , 2022 , 15.15 , 14.77 , 14.86 , 14.92 
6 , 6 , 2022 , 15.23 , 14.90 , 15.03 , 14.98 
6 , 7 , 2022 , 15.26 , 14.89 , 14.89 , 15.15 
6 , 8 , 2022 , 15.24 , 14.90 , 15.09 , 14.92 
6 , 9 , 2022 , 15.15 , 14.85 , 15.00 , 14.95 
6 , 10 , 2022 , 14.96 , 14.50 , 14.85 , 14.55 
6 , 13 , 2022 , 14.40 , 13.80 , 14.40 , 13.89 
6 , 14 , 2022 , 14.16 , 13.64 , 13.93 , 14.13 
6 , 15 , 2022 , 14.26 , 13.91 , 14.18 , 14.14 
6 , 16 , 2022 , 14.00 , 13.56 , 14.00 , 13.58 
6 , 17 , 2022 , 13.77 , 13.58 , 13.70 , 13.62 
6 , 21 , 2022 , 13.98 , 13.66 , 13.66 , 13.68 
6 , 22 , 2022 , 13.85 , 13.43 , 13.47 , 13.85 
6 , 23 , 2022 , 14.12 , 13.82 , 13.92 , 14.03 
6 , 24 , 2022 , 14.10 , 13.90 , 14.00 , 14.00 
6 , 27 , 2022 , 14.08 , 13.75 , 13.96 , 13.85 
6 , 28 , 2022 , 13.90 , 13.52 , 13.90 , 13.75 
6 , 29 , 2022 , 13.95 , 13.75 , 13.86 , 13.89 
6 , 30 , 2022 , 14.00 , 13.59 , 13.74 , 13.86 
7 , 1 , 2022 , 14.10 , 13.67 , 13.89 , 13.85 
7 , 5 , 2022 , 13.92 , 13.73 , 13.89 , 13.82 
7 , 6 , 2022 , 13.92 , 13.53 , 13.78 , 13.65 
7 , 7 , 2022 , 13.75 , 13.53 , 13.65 , 13.67 
7 , 8 , 2022 , 13.78 , 13.52 , 13.52 , 13.68 
7 , 11 , 2022 , 13.73 , 13.53 , 13.73 , 13.64 
7 , 12 , 2022 , 13.75 , 13.58 , 13.64 , 13.63 
7 , 13 , 2022 , 13.61 , 13.32 , 13.56 , 13.57 
7 , 14 , 2022 , 13.67 , 13.45 , 13.53 , 13.63 
7 , 15 , 2022 , 13.92 , 13.58 , 13.63 , 13.79 
7 , 18 , 2022 , 13.81 , 13.57 , 13.80 , 13.65 
7 , 19 , 2022 , 13.97 , 13.67 , 13.78 , 13.80 
7 , 20 , 2022 , 13.93 , 13.73 , 13.89 , 13.93 
7 , 21 , 2022 , 13.99 , 13.68 , 13.75 , 13.92 
7 , 22 , 2022 , 14.05 , 13.91 , 13.96 , 14.03 
7 , 25 , 2022 , 14.04 , 13.81 , 13.96 , 13.95 
7 , 26 , 2022 , 14.14 , 13.97 , 14.03 , 14.11 
7 , 27 , 2022 , 14.24 , 14.06 , 14.15 , 14.23 
7 , 28 , 2022 , 14.27 , 14.03 , 14.18 , 14.18 
7 , 29 , 2022 , 14.38 , 14.11 , 14.13 , 14.28 
8 , 1 , 2022 , 14.40 , 14.23 , 14.29 , 14.39 
8 , 2 , 2022 , 14.73 , 14.36 , 14.39 , 14.51 
8 , 3 , 2022 , 14.67 , 14.41 , 14.54 , 14.41 
8 , 4 , 2022 , 14.59 , 14.34 , 14.34 , 14.40 
8 , 5 , 2022 , 14.61 , 14.42 , 14.42 , 14.50 
8 , 8 , 2022 , 14.63 , 14.47 , 14.52 , 14.53 
8 , 9 , 2022 , 14.65 , 14.51 , 14.51 , 14.55 
8 , 10 , 2022 , 14.78 , 14.60 , 14.60 , 14.67 
8 , 11 , 2022 , 14.95 , 14.65 , 14.74 , 14.68 
8 , 12 , 2022 , 14.95 , 14.77 , 14.87 , 14.93 
8 , 15 , 2022 , 15.16 , 14.93 , 14.93 , 15.00 
8 , 16 , 2022 , 15.00 , 14.81 , 14.87 , 14.87 
8 , 17 , 2022 , 14.99 , 14.67 , 14.89 , 14.72 
8 , 18 , 2022 , 14.99 , 14.75 , 14.75 , 14.88 
8 , 19 , 2022 , 14.97 , 14.75 , 14.80 , 14.77 
8 , 22 , 2022 , 14.80 , 14.61 , 14.74 , 14.68 
8 , 23 , 2022 , 14.73 , 14.55 , 14.55 , 14.60 
8 , 24 , 2022 , 14.75 , 14.57 , 14.68 , 14.66 
8 , 25 , 2022 , 14.82 , 14.54 , 14.56 , 14.68 
8 , 26 , 2022 , 14.79 , 14.36 , 14.64 , 14.44 
8 , 29 , 2022 , 14.50 , 14.26 , 14.37 , 14.31 
8 , 30 , 2022 , 14.35 , 14.00 , 14.27 , 14.14 
8 , 31 , 2022 , 14.19 , 14.05 , 14.14 , 14.10 
9 , 1 , 2022 , 14.25 , 13.83 , 14.10 , 13.95 
9 , 2 , 2022 , 14.15 , 13.90 , 14.01 , 14.01 
9 , 6 , 2022 , 14.31 , 13.92 , 14.07 , 13.99 
9 , 7 , 2022 , 14.29 , 14.05 , 14.10 , 14.15 
9 , 8 , 2022 , 14.32 , 14.01 , 14.15 , 14.07 
9 , 9 , 2022 , 14.29 , 14.04 , 14.29 , 14.08 
9 , 12 , 2022 , 14.25 , 14.03 , 14.09 , 14.08 
9 , 13 , 2022 , 14.01 , 13.87 , 13.99 , 13.91 
9 , 14 , 2022 , 14.09 , 13.93 , 13.98 , 13.99 
9 , 15 , 2022 , 14.01 , 13.73 , 14.01 , 13.89 
9 , 16 , 2022 , 13.93 , 13.76 , 13.84 , 13.91 
9 , 19 , 2022 , 13.96 , 13.74 , 13.93 , 13.77 
9 , 20 , 2022 , 13.79 , 13.60 , 13.73 , 13.60 
9 , 21 , 2022 , 13.85 , 13.58 , 13.60 , 13.63 
9 , 22 , 2022 , 13.59 , 13.33 , 13.57 , 13.36 
9 , 23 , 2022 , 13.47 , 13.06 , 13.30 , 13.06 
9 , 26 , 2022 , 13.24 , 12.80 , 13.00 , 12.83 
9 , 27 , 2022 , 12.98 , 12.77 , 12.80 , 12.80 
9 , 28 , 2022 , 13.11 , 12.81 , 12.81 , 13.04 
9 , 29 , 2022 , 12.94 , 12.72 , 12.94 , 12.74 
9 , 30 , 2022 , 12.84 , 12.56 , 12.82 , 12.58 
10 , 3 , 2022 , 12.91 , 12.60 , 12.68 , 12.77 
10 , 4 , 2022 , 13.12 , 12.84 , 12.89 , 13.06 
10 , 5 , 2022 , 13.05 , 12.70 , 13.00 , 12.86 
10 , 6 , 2022 , 13.01 , 12.81 , 12.98 , 12.92 
10 , 7 , 2022 , 12.86 , 12.48 , 12.76 , 12.60 
10 , 10 , 2022 , 12.64 , 12.45 , 12.60 , 12.54 
10 , 11 , 2022 , 12.81 , 12.55 , 12.61 , 12.65 
10 , 12 , 2022 , 12.72 , 12.59 , 12.59 , 12.65 
10 , 13 , 2022 , 12.85 , 12.50 , 12.54 , 12.52 
10 , 14 , 2022 , 12.77 , 12.49 , 12.66 , 12.50 
10 , 17 , 2022 , 12.72 , 12.55 , 12.56 , 12.55 
10 , 18 , 2022 , 12.74 , 12.56 , 12.62 , 12.59 
10 , 19 , 2022 , 12.63 , 12.41 , 12.56 , 12.47 
10 , 20 , 2022 , 12.63 , 12.37 , 12.42 , 12.41 
10 , 21 , 2022 , 12.42 , 12.08 , 12.08 , 12.33 
10 , 24 , 2022 , 12.58 , 12.35 , 12.35 , 12.47 
10 , 25 , 2022 , 12.65 , 12.44 , 12.46 , 12.54 
10 , 26 , 2022 , 12.63 , 12.43 , 12.43 , 12.52 
10 , 27 , 2022 , 12.61 , 12.31 , 12.55 , 12.36 
10 , 28 , 2022 , 12.45 , 12.36 , 12.40 , 12.39 
10 , 31 , 2022 , 12.44 , 12.36 , 12.42 , 12.42 
11 , 1 , 2022 , 12.66 , 12.49 , 12.56 , 12.66 
11 , 2 , 2022 , 12.93 , 12.66 , 12.69 , 12.77 
11 , 3 , 2022 , 12.80 , 12.61 , 12.71 , 12.65 
11 , 4 , 2022 , 12.79 , 12.57 , 12.66 , 12.67 
11 , 7 , 2022 , 12.91 , 12.63 , 12.77 , 12.66 
11 , 8 , 2022 , 12.82 , 12.62 , 12.65 , 12.76 
11 , 9 , 2022 , 12.80 , 12.64 , 12.75 , 12.65 
11 , 10 , 2022 , 13.15 , 12.81 , 12.81 , 13.15 
11 , 11 , 2022 , 13.35 , 13.04 , 13.04 , 13.22 
11 , 14 , 2022 , 13.23 , 13.03 , 13.16 , 13.05 
11 , 15 , 2022 , 13.24 , 13.09 , 13.15 , 13.15 
11 , 16 , 2022 , 13.20 , 13.03 , 13.12 , 13.09 
11 , 17 , 2022 , 13.09 , 12.96 , 13.01 , 12.98 
11 , 18 , 2022 , 13.10 , 12.88 , 13.00 , 12.92 
11 , 21 , 2022 , 13.12 , 12.80 , 12.96 , 13.09 
11 , 22 , 2022 , 13.38 , 13.13 , 13.14 , 13.30 
11 , 23 , 2022 , 13.45 , 13.20 , 13.35 , 13.31 
11 , 25 , 2022 , 13.39 , 13.31 , 13.39 , 13.32 
11 , 28 , 2022 , 13.43 , 13.20 , 13.32 , 13.31 
11 , 29 , 2022 , 13.38 , 13.26 , 13.32 , 13.34 
11 , 30 , 2022 , 13.75 , 13.27 , 13.34 , 13.61 
12 , 1 , 2022 , 13.90 , 13.59 , 13.78 , 13.63 
12 , 2 , 2022 , 13.84 , 13.63 , 13.63 , 13.81 
12 , 5 , 2022 , 13.89 , 13.36 , 13.86 , 13.45 
12 , 6 , 2022 , 13.54 , 13.20 , 13.46 , 13.27 
12 , 7 , 2022 , 13.44 , 13.17 , 13.25 , 13.32 
12 , 8 , 2022 , 13.39 , 13.25 , 13.31 , 13.33 
12 , 9 , 2022 , 13.37 , 13.15 , 13.20 , 13.26 
12 , 12 , 2022 , 13.36 , 13.19 , 13.21 , 13.35 
12 , 13 , 2022 , 13.61 , 13.21 , 13.47 , 13.26 
12 , 14 , 2022 , 13.32 , 13.03 , 13.24 , 13.23 
12 , 15 , 2022 , 13.29 , 13.10 , 13.20 , 13.22 
12 , 16 , 2022 , 13.30 , 13.10 , 13.10 , 13.22 
12 , 19 , 2022 , 13.28 , 13.11 , 13.28 , 13.19 
12 , 20 , 2022 , 13.16 , 13.01 , 13.10 , 13.02 
12 , 21 , 2022 , 12.93 , 12.79 , 12.90 , 12.88 
12 , 22 , 2022 , 12.85 , 12.70 , 12.73 , 12.79 
12 , 23 , 2022 , 12.86 , 12.71 , 12.80 , 12.75 
12 , 27 , 2022 , 12.80 , 12.61 , 12.68 , 12.64 
12 , 28 , 2022 , 12.75 , 12.60 , 12.65 , 12.64 
12 , 29 , 2022 , 12.74 , 12.60 , 12.63 , 12.74 
12 , 30 , 2022 , 12.77 , 12.61 , 12.64 , 12.70 
1 , 3 , 2023 , 12.87 , 12.70 , 12.81 , 12.86 
1 , 4 , 2023 , 13.07 , 12.90 , 12.91 , 13.05 
1 , 5 , 2023 , 13.05 , 12.92 , 13.05 , 13.00 
1 , 6 , 2023 , 13.40 , 13.03 , 13.05 , 13.33 
1 , 9 , 2023 , 13.47 , 13.26 , 13.34 , 13.38 
1 , 10 , 2023 , 13.56 , 13.35 , 13.45 , 13.52 
1 , 11 , 2023 , 13.75 , 13.50 , 13.50 , 13.72 
1 , 12 , 2023 , 14.03 , 13.74 , 13.81 , 14.03 
1 , 13 , 2023 , 14.03 , 13.85 , 13.91 , 14.00 
1 , 17 , 2023 , 14.09 , 13.95 , 14.03 , 14.05 
1 , 18 , 2023 , 14.11 , 14.02 , 14.06 , 14.05 
1 , 19 , 2023 , 14.13 , 13.93 , 13.96 , 13.96 
1 , 20 , 2023 , 14.13 , 13.91 , 13.91 , 14.13 
1 , 23 , 2023 , 14.08 , 13.94 , 14.00 , 14.00 
1 , 24 , 2023 , 14.14 , 14.00 , 14.00 , 14.04 
1 , 25 , 2023 , 14.08 , 14.01 , 14.03 , 14.07 
1 , 26 , 2023 , 14.47 , 14.06 , 14.15 , 14.21 
1 , 27 , 2023 , 14.24 , 14.14 , 14.14 , 14.19 
1 , 30 , 2023 , 14.27 , 14.05 , 14.19 , 14.08 
1 , 31 , 2023 , 14.20 , 14.08 , 14.19 , 14.15 
2 , 1 , 2023 , 14.33 , 14.14 , 14.27 , 14.21 
2 , 2 , 2023 , 14.50 , 14.25 , 14.25 , 14.41 
2 , 3 , 2023 , 14.46 , 14.26 , 14.37 , 14.32 
2 , 6 , 2023 , 14.34 , 14.09 , 14.20 , 14.14 
2 , 7 , 2023 , 14.27 , 14.11 , 14.11 , 14.19 
2 , 8 , 2023 , 14.31 , 14.12 , 14.22 , 14.15 
2 , 9 , 2023 , 14.29 , 14.20 , 14.20 , 14.25 
2 , 10 , 2023 , 14.38 , 14.25 , 14.29 , 14.31 
2 , 13 , 2023 , 14.38 , 14.26 , 14.31 , 14.32 
2 , 14 , 2023 , 14.33 , 14.23 , 14.29 , 14.29 
2 , 15 , 2023 , 14.34 , 14.19 , 14.32 , 14.31 
2 , 16 , 2023 , 14.31 , 14.17 , 14.28 , 14.17 
2 , 17 , 2023 , 14.12 , 14.01 , 14.10 , 14.03 
2 , 21 , 2023 , 14.05 , 13.74 , 14.03 , 13.74 
2 , 22 , 2023 , 13.95 , 13.73 , 13.73 , 13.81 
2 , 23 , 2023 , 14.02 , 13.88 , 13.88 , 13.92 
2 , 24 , 2023 , 13.90 , 13.79 , 13.83 , 13.80 
2 , 27 , 2023 , 13.97 , 13.90 , 13.93 , 13.96 
2 , 28 , 2023 , 14.09 , 13.96 , 13.97 , 13.98 
3 , 1 , 2023 , 14.15 , 13.95 , 14.05 , 14.05 
3 , 2 , 2023 , 14.09 , 13.89 , 14.01 , 13.93 
3 , 3 , 2023 , 14.21 , 13.88 , 13.93 , 14.16 
3 , 6 , 2023 , 14.27 , 14.01 , 14.27 , 14.02 
3 , 7 , 2023 , 14.10 , 13.95 , 14.06 , 13.99 
3 , 8 , 2023 , 14.09 , 13.93 , 14.05 , 14.00 
3 , 9 , 2023 , 14.09 , 13.76 , 14.09 , 13.76 
3 , 10 , 2023 , 13.91 , 13.45 , 13.81 , 13.51 
3 , 13 , 2023 , 13.85 , 13.31 , 13.55 , 13.31 
3 , 14 , 2023 , 13.65 , 13.33 , 13.35 , 13.40 
3 , 15 , 2023 , 13.43 , 13.27 , 13.38 , 13.33 
3 , 16 , 2023 , 13.54 , 13.25 , 13.30 , 13.50 
3 , 17 , 2023 , 13.47 , 13.28 , 13.36 , 13.31 
3 , 20 , 2023 , 13.49 , 13.25 , 13.38 , 13.25 
3 , 21 , 2023 , 13.44 , 13.33 , 13.39 , 13.43 
3 , 22 , 2023 , 13.49 , 13.30 , 13.36 , 13.30 
3 , 23 , 2023 , 13.30 , 13.02 , 13.20 , 13.14 
3 , 24 , 2023 , 13.20 , 13.04 , 13.16 , 13.05 
3 , 27 , 2023 , 13.13 , 12.96 , 13.09 , 12.97 
3 , 28 , 2023 , 13.05 , 12.95 , 12.98 , 12.97 
3 , 29 , 2023 , 13.13 , 13.00 , 13.10 , 13.13 
3 , 30 , 2023 , 13.32 , 13.12 , 13.24 , 13.18 
3 , 31 , 2023 , 13.33 , 13.17 , 13.17 , 13.30 
4 , 3 , 2023 , 13.35 , 13.24 , 13.34 , 13.30 
4 , 4 , 2023 , 13.57 , 13.37 , 13.41 , 13.46 
4 , 5 , 2023 , 13.48 , 13.37 , 13.45 , 13.42 
4 , 6 , 2023 , 13.47 , 13.30 , 13.40 , 13.33 
4 , 10 , 2023 , 13.30 , 13.19 , 13.23 , 13.22 
4 , 11 , 2023 , 13.39 , 13.20 , 13.27 , 13.32 
4 , 12 , 2023 , 13.50 , 13.34 , 13.50 , 13.41 
4 , 13 , 2023 , 13.53 , 13.41 , 13.50 , 13.46 
4 , 14 , 2023 , 13.58 , 13.38 , 13.40 , 13.53 
4 , 17 , 2023 , 13.65 , 13.39 , 13.52 , 13.45 
4 , 18 , 2023 , 13.61 , 13.45 , 13.49 , 13.57 
4 , 19 , 2023 , 13.66 , 13.53 , 13.61 , 13.59 
4 , 20 , 2023 , 13.53 , 13.36 , 13.53 , 13.44 
4 , 21 , 2023 , 13.43 , 13.28 , 13.38 , 13.28 
4 , 24 , 2023 , 13.47 , 13.24 , 13.30 , 13.36 
4 , 25 , 2023 , 13.48 , 13.31 , 13.31 , 13.35 
4 , 26 , 2023 , 13.45 , 13.19 , 13.31 , 13.38 
4 , 27 , 2023 , 13.49 , 13.27 , 13.33 , 13.42 
4 , 28 , 2023 , 13.44 , 13.30 , 13.40 , 13.34 
5 , 1 , 2023 , 13.40 , 13.31 , 13.40 , 13.36 
5 , 2 , 2023 , 13.34 , 13.19 , 13.31 , 13.27 
5 , 3 , 2023 , 13.40 , 13.27 , 13.27 , 13.36 
5 , 4 , 2023 , 13.42 , 13.21 , 13.23 , 13.21 
5 , 5 , 2023 , 13.41 , 13.20 , 13.29 , 13.29 
5 , 8 , 2023 , 13.36 , 13.21 , 13.23 , 13.23 
5 , 9 , 2023 , 13.33 , 13.20 , 13.24 , 13.28 
5 , 10 , 2023 , 13.38 , 13.20 , 13.38 , 13.26 
5 , 11 , 2023 , 13.42 , 13.26 , 13.30 , 13.42 
5 , 12 , 2023 , 13.40 , 13.25 , 13.37 , 13.26 
5 , 15 , 2023 , 13.40 , 13.15 , 13.26 , 13.19 
5 , 16 , 2023 , 13.21 , 13.11 , 13.19 , 13.12 
5 , 17 , 2023 , 13.30 , 13.11 , 13.13 , 13.29 
5 , 18 , 2023 , 13.33 , 13.20 , 13.30 , 13.24 
5 , 19 , 2023 , 13.29 , 13.10 , 13.21 , 13.17 
5 , 22 , 2023 , 13.12 , 13.02 , 13.03 , 13.06 
5 , 23 , 2023 , 13.11 , 12.92 , 13.00 , 12.92 
5 , 24 , 2023 , 12.96 , 12.77 , 12.81 , 12.85 
5 , 25 , 2023 , 13.05 , 12.85 , 12.88 , 13.00 
5 , 26 , 2023 , 13.09 , 12.97 , 13.05 , 13.01 
5 , 30 , 2023 , 13.14 , 12.98 , 13.06 , 13.01 
5 , 31 , 2023 , 13.12 , 12.97 , 12.98 , 13.01 
6 , 1 , 2023 , 13.27 , 13.03 , 13.11 , 13.15 
6 , 2 , 2023 , 13.30 , 13.16 , 13.16 , 13.20 
6 , 5 , 2023 , 13.30 , 13.17 , 13.17 , 13.30 
6 , 6 , 2023 , 13.36 , 13.26 , 13.36 , 13.30 
6 , 7 , 2023 , 13.43 , 13.21 , 13.39 , 13.22 
6 , 8 , 2023 , 13.39 , 13.18 , 13.18 , 13.27 
6 , 9 , 2023 , 13.34 , 13.20 , 13.29 , 13.25 
6 , 12 , 2023 , 13.39 , 13.27 , 13.27 , 13.39 
6 , 13 , 2023 , 13.51 , 13.36 , 13.36 , 13.50 
6 , 14 , 2023 , 13.63 , 13.48 , 13.56 , 13.55 
6 , 15 , 2023 , 13.75 , 13.52 , 13.52 , 13.65 
6 , 16 , 2023 , 13.65 , 13.49 , 13.63 , 13.62 
6 , 20 , 2023 , 13.67 , 13.57 , 13.62 , 13.66 
6 , 21 , 2023 , 13.66 , 13.56 , 13.62 , 13.62 
6 , 22 , 2023 , 13.56 , 13.40 , 13.44 , 13.43 
6 , 23 , 2023 , 13.48 , 13.30 , 13.33 , 13.40 
6 , 26 , 2023 , 13.62 , 13.39 , 13.45 , 13.47 
6 , 27 , 2023 , 13.58 , 13.43 , 13.45 , 13.45 
6 , 28 , 2023 , 13.52 , 13.44 , 13.48 , 13.51 
6 , 29 , 2023 , 13.54 , 13.40 , 13.48 , 13.42 
6 , 30 , 2023 , 13.48 , 13.38 , 13.48 , 13.47 
7 , 3 , 2023 , 13.69 , 13.49 , 13.55 , 13.50 
7 , 5 , 2023 , 13.54 , 13.46 , 13.54 , 13.47 
7 , 6 , 2023 , 13.50 , 13.29 , 13.45 , 13.32 
7 , 7 , 2023 , 13.37 , 13.30 , 13.33 , 13.33 
7 , 10 , 2023 , 13.43 , 13.33 , 13.43 , 13.35 
7 , 11 , 2023 , 13.48 , 13.35 , 13.35 , 13.45 
7 , 12 , 2023 , 13.58 , 13.45 , 13.47 , 13.55 
7 , 13 , 2023 , 13.70 , 13.60 , 13.64 , 13.67 
7 , 14 , 2023 , 13.75 , 13.65 , 13.67 , 13.70 
7 , 17 , 2023 , 13.83 , 13.70 , 13.70 , 13.83 
7 , 18 , 2023 , 13.89 , 13.79 , 13.87 , 13.87 
7 , 19 , 2023 , 13.98 , 13.76 , 13.98 , 13.84 
7 , 20 , 2023 , 13.89 , 13.78 , 13.85 , 13.83 
7 , 21 , 2023 , 13.79 , 13.69 , 13.77 , 13.74 
7 , 24 , 2023 , 13.81 , 13.69 , 13.75 , 13.69 
7 , 25 , 2023 , 13.79 , 13.66 , 13.72 , 13.69 
7 , 26 , 2023 , 13.72 , 13.63 , 13.65 , 13.65 
7 , 27 , 2023 , 13.76 , 13.57 , 13.65 , 13.63 
7 , 28 , 2023 , 13.78 , 13.61 , 13.71 , 13.69 
7 , 31 , 2023 , 13.87 , 13.72 , 13.74 , 13.80 
8 , 1 , 2023 , 13.88 , 13.73 , 13.81 , 13.73 
8 , 2 , 2023 , 13.79 , 13.65 , 13.73 , 13.74 
8 , 3 , 2023 , 13.79 , 13.66 , 13.70 , 13.69 
8 , 4 , 2023 , 13.90 , 13.75 , 13.75 , 13.83 
8 , 7 , 2023 , 13.97 , 13.86 , 13.86 , 13.92 
8 , 8 , 2023 , 13.99 , 13.84 , 13.86 , 13.89 
8 , 9 , 2023 , 13.96 , 13.80 , 13.87 , 13.84 
8 , 10 , 2023 , 14.09 , 13.90 , 13.92 , 13.97 
8 , 11 , 2023 , 14.04 , 13.82 , 14.00 , 13.94 
8 , 14 , 2023 , 14.02 , 13.86 , 13.94 , 13.88 
8 , 15 , 2023 , 13.96 , 13.85 , 13.94 , 13.90 
8 , 16 , 2023 , 13.98 , 13.75 , 13.92 , 13.77 
8 , 17 , 2023 , 13.89 , 13.60 , 13.83 , 13.62 
8 , 18 , 2023 , 13.80 , 13.60 , 13.64 , 13.78 
8 , 21 , 2023 , 13.88 , 13.73 , 13.84 , 13.79 
8 , 22 , 2023 , 13.87 , 13.61 , 13.84 , 13.69 
8 , 23 , 2023 , 13.80 , 13.61 , 13.61 , 13.74 
8 , 24 , 2023 , 13.73 , 13.53 , 13.69 , 13.54 
8 , 25 , 2023 , 13.61 , 13.49 , 13.51 , 13.50 
8 , 28 , 2023 , 13.55 , 13.46 , 13.46 , 13.52 
8 , 29 , 2023 , 13.62 , 13.51 , 13.52 , 13.57 
8 , 30 , 2023 , 13.69 , 13.54 , 13.61 , 13.56 
8 , 31 , 2023 , 13.65 , 13.56 , 13.61 , 13.59 
9 , 1 , 2023 , 13.74 , 13.57 , 13.70 , 13.63 
9 , 5 , 2023 , 13.85 , 13.60 , 13.60 , 13.69 
9 , 6 , 2023 , 13.79 , 13.55 , 13.75 , 13.57 
9 , 7 , 2023 , 13.89 , 13.55 , 13.57 , 13.62 
9 , 8 , 2023 , 13.82 , 13.64 , 13.66 , 13.75 
9 , 11 , 2023 , 13.88 , 13.72 , 13.80 , 13.76 
9 , 12 , 2023 , 13.81 , 13.65 , 13.76 , 13.69 
9 , 13 , 2023 , 13.75 , 13.57 , 13.75 , 13.59 
9 , 14 , 2023 , 13.67 , 13.58 , 13.60 , 13.60 
9 , 15 , 2023 , 13.69 , 13.56 , 13.56 , 13.66 
9 , 18 , 2023 , 13.75 , 13.67 , 13.72 , 13.70 
9 , 19 , 2023 , 13.74 , 13.67 , 13.70 , 13.73 
9 , 20 , 2023 , 13.80 , 13.68 , 13.75 , 13.68 
9 , 21 , 2023 , 13.55 , 13.43 , 13.53 , 13.44 
9 , 22 , 2023 , 13.52 , 13.44 , 13.49 , 13.49 
9 , 25 , 2023 , 13.53 , 13.38 , 13.48 , 13.42 
9 , 26 , 2023 , 13.42 , 13.10 , 13.42 , 13.13 
9 , 27 , 2023 , 13.29 , 13.15 , 13.15 , 13.24 
9 , 28 , 2023 , 13.29 , 13.08 , 13.29 , 13.11 
9 , 29 , 2023 , 13.28 , 13.19 , 13.19 , 13.24 
10 , 2 , 2023 , 13.34 , 12.94 , 13.25 , 12.95 
10 , 3 , 2023 , 13.11 , 12.94 , 12.95 , 13.02 
10 , 4 , 2023 , 13.13 , 12.98 , 13.13 , 13.08 
10 , 5 , 2023 , 13.13 , 12.92 , 13.04 , 12.95 
10 , 6 , 2023 , 13.05 , 12.90 , 12.92 , 12.98 
10 , 9 , 2023 , 13.29 , 12.98 , 12.99 , 13.20 
10 , 10 , 2023 , 13.29 , 13.06 , 13.24 , 13.09 
10 , 11 , 2023 , 13.20 , 12.98 , 13.16 , 13.01 
10 , 12 , 2023 , 13.05 , 12.89 , 13.05 , 12.95 
10 , 13 , 2023 , 13.08 , 12.87 , 12.96 , 12.88 
10 , 16 , 2023 , 12.96 , 12.80 , 12.90 , 12.83 
10 , 17 , 2023 , 12.88 , 12.68 , 12.78 , 12.72 
10 , 18 , 2023 , 12.84 , 12.58 , 12.73 , 12.59 
10 , 19 , 2023 , 12.62 , 12.47 , 12.54 , 12.49 
10 , 20 , 2023 , 12.59 , 12.50 , 12.54 , 12.51 
10 , 23 , 2023 , 12.50 , 12.37 , 12.50 , 12.41 
10 , 24 , 2023 , 12.49 , 12.39 , 12.39 , 12.46 
10 , 25 , 2023 , 12.51 , 12.28 , 12.49 , 12.31 
10 , 26 , 2023 , 12.41 , 12.24 , 12.37 , 12.27 
10 , 27 , 2023 , 12.38 , 12.16 , 12.25 , 12.24 
10 , 30 , 2023 , 12.53 , 12.25 , 12.33 , 12.30 
10 , 31 , 2023 , 12.43 , 12.30 , 12.30 , 12.42 
11 , 1 , 2023 , 12.63 , 12.42 , 12.53 , 12.61 
11 , 2 , 2023 , 12.96 , 12.69 , 12.69 , 12.89 
11 , 3 , 2023 , 13.15 , 12.95 , 13.02 , 13.06 
11 , 6 , 2023 , 13.11 , 12.98 , 13.11 , 13.01 
11 , 7 , 2023 , 13.16 , 12.98 , 13.05 , 13.11 
11 , 8 , 2023 , 13.21 , 13.11 , 13.13 , 13.14 
11 , 9 , 2023 , 13.18 , 12.93 , 13.18 , 12.94 
11 , 10 , 2023 , 13.03 , 12.94 , 13.00 , 12.94 
11 , 13 , 2023 , 13.04 , 12.94 , 12.95 , 12.99 
11 , 14 , 2023 , 13.28 , 13.10 , 13.17 , 13.21 
11 , 15 , 2023 , 13.29 , 13.19 , 13.29 , 13.22 
11 , 16 , 2023 , 13.35 , 13.24 , 13.24 , 13.27 
11 , 17 , 2023 , 13.37 , 13.28 , 13.36 , 13.30 
11 , 20 , 2023 , 13.41 , 13.30 , 13.38 , 13.38 
11 , 21 , 2023 , 13.36 , 13.21 , 13.32 , 13.24 
11 , 22 , 2023 , 13.29 , 13.17 , 13.27 , 13.24 
11 , 24 , 2023 , 13.32 , 13.26 , 13.31 , 13.26 
11 , 27 , 2023 , 13.32 , 13.22 , 13.26 , 13.23 
11 , 28 , 2023 , 13.32 , 13.06 , 13.22 , 13.18 
11 , 29 , 2023 , 13.28 , 13.15 , 13.15 , 13.24 
11 , 30 , 2023 , 13.34 , 13.19 , 13.27 , 13.25 
12 , 1 , 2023 , 13.49 , 13.27 , 13.31 , 13.44 
12 , 4 , 2023 , 13.52 , 13.40 , 13.44 , 13.52 
12 , 5 , 2023 , 13.64 , 13.45 , 13.53 , 13.62 
12 , 6 , 2023 , 13.68 , 13.55 , 13.55 , 13.58 
12 , 7 , 2023 , 13.77 , 13.53 , 13.67 , 13.73 
12 , 8 , 2023 , 13.76 , 13.63 , 13.69 , 13.74 
12 , 11 , 2023 , 13.73 , 13.64 , 13.71 , 13.69 
12 , 12 , 2023 , 13.71 , 13.64 , 13.70 , 13.66 
12 , 13 , 2023 , 13.93 , 13.60 , 13.67 , 13.93 
12 , 14 , 2023 , 14.18 , 13.96 , 13.96 , 14.16 
12 , 15 , 2023 , 14.18 , 14.01 , 14.10 , 14.08 
12 , 18 , 2023 , 14.22 , 14.09 , 14.12 , 14.16 
12 , 19 , 2023 , 14.25 , 14.17 , 14.24 , 14.17 
12 , 20 , 2023 , 14.19 , 13.91 , 14.17 , 13.96 
12 , 21 , 2023 , 14.07 , 13.92 , 13.99 , 13.98 
12 , 22 , 2023 , 14.21 , 14.00 , 14.04 , 14.08 
12 , 26 , 2023 , 14.27 , 14.08 , 14.13 , 14.14 
12 , 27 , 2023 , 14.27 , 14.06 , 14.10 , 14.09 
12 , 28 , 2023 , 14.18 , 14.05 , 14.09 , 14.13 
12 , 29 , 2023 , 14.23 , 14.06 , 14.23 , 14.10 
1 , 2 , 2024 , 14.28 , 14.10 , 14.14 , 14.24 
1 , 3 , 2024 , 14.25 , 14.17 , 14.25 , 14.23 
1 , 4 , 2024 , 14.26 , 14.20 , 14.20 , 14.22 
1 , 5 , 2024 , 14.30 , 14.21 , 14.21 , 14.24 
1 , 8 , 2024 , 14.28 , 14.21 , 14.27 , 14.22 
1 , 9 , 2024 , 14.25 , 14.21 , 14.21 , 14.22 
1 , 10 , 2024 , 14.29 , 14.21 , 14.22 , 14.22 
1 , 11 , 2024 , 14.25 , 14.18 , 14.19 , 14.22 
1 , 12 , 2024 , 14.30 , 14.26 , 14.30 , 14.28 
1 , 16 , 2024 , 14.31 , 14.20 , 14.29 , 14.25 
1 , 17 , 2024 , 14.25 , 14.13 , 14.25 , 14.24 
1 , 18 , 2024 , 14.21 , 14.11 , 14.21 , 14.14 
1 , 19 , 2024 , 14.21 , 13.98 , 14.18 , 14.01 
1 , 22 , 2024 , 14.20 , 14.09 , 14.09 , 14.16 
1 , 23 , 2024 , 14.16 , 14.01 , 14.10 , 14.06 
1 , 24 , 2024 , 14.18 , 14.08 , 14.17 , 14.17 
1 , 25 , 2024 , 14.29 , 14.14 , 14.25 , 14.18 
1 , 26 , 2024 , 14.21 , 14.15 , 14.20 , 14.18 
1 , 29 , 2024 , 14.23 , 14.14 , 14.20 , 14.23 
1 , 30 , 2024 , 14.29 , 14.23 , 14.25 , 14.26 
1 , 31 , 2024 , 14.33 , 14.24 , 14.29 , 14.30 
2 , 1 , 2024 , 14.43 , 14.27 , 14.35 , 14.37 
2 , 2 , 2024 , 14.45 , 14.34 , 14.40 , 14.43 
2 , 5 , 2024 , 14.44 , 14.31 , 14.43 , 14.33 
2 , 6 , 2024 , 14.35 , 14.30 , 14.33 , 14.35 
2 , 7 , 2024 , 14.43 , 14.38 , 14.43 , 14.43 
2 , 8 , 2024 , 14.46 , 14.37 , 14.45 , 14.38 
2 , 9 , 2024 , 14.46 , 14.38 , 14.42 , 14.46 
2 , 12 , 2024 , 14.49 , 14.45 , 14.49 , 14.48 
2 , 13 , 2024 , 14.44 , 14.36 , 14.44 , 14.39 
2 , 14 , 2024 , 14.49 , 14.41 , 14.44 , 14.47 
2 , 15 , 2024 , 14.61 , 14.46 , 14.48 , 14.60 
2 , 16 , 2024 , 14.64 , 14.50 , 14.64 , 14.54 
2 , 20 , 2024 , 14.69 , 14.52 , 14.54 , 14.69 
2 , 21 , 2024 , 14.53 , 14.44 , 14.49 , 14.53 
2 , 22 , 2024 , 14.53 , 14.38 , 14.50 , 14.39 
2 , 23 , 2024 , 14.42 , 14.33 , 14.42 , 14.36 
2 , 26 , 2024 , 14.39 , 14.24 , 14.36 , 14.32 
2 , 27 , 2024 , 14.42 , 14.25 , 14.38 , 14.36 
2 , 28 , 2024 , 14.41 , 14.34 , 14.36 , 14.38 
2 , 29 , 2024 , 14.48 , 14.38 , 14.38 , 14.48 
3 , 1 , 2024 , 14.52 , 14.46 , 14.50 , 14.48 
3 , 4 , 2024 , 14.51 , 14.36 , 14.48 , 14.45 
3 , 5 , 2024 , 14.45 , 14.30 , 14.45 , 14.36 
3 , 6 , 2024 , 14.43 , 14.35 , 14.36 , 14.43 
3 , 7 , 2024 , 14.49 , 14.42 , 14.46 , 14.45 
3 , 8 , 2024 , 14.53 , 14.44 , 14.51 , 14.50 
3 , 11 , 2024 , 14.55 , 14.49 , 14.52 , 14.53 
3 , 12 , 2024 , 14.57 , 14.48 , 14.55 , 14.52 
3 , 13 , 2024 , 14.59 , 14.48 , 14.48 , 14.59 
3 , 14 , 2024 , 14.66 , 14.46 , 14.66 , 14.49 
3 , 15 , 2024 , 14.54 , 14.39 , 14.51 , 14.43 
3 , 18 , 2024 , 14.46 , 14.40 , 14.40 , 14.44 
3 , 19 , 2024 , 14.55 , 14.41 , 14.46 , 14.50 
3 , 20 , 2024 , 14.39 , 14.32 , 14.36 , 14.38 
3 , 21 , 2024 , 14.52 , 14.38 , 14.38 , 14.39 
3 , 22 , 2024 , 14.43 , 14.31 , 14.43 , 14.34 
3 , 25 , 2024 , 14.42 , 14.34 , 14.39 , 14.36 
3 , 26 , 2024 , 14.46 , 14.24 , 14.42 , 14.28 
3 , 27 , 2024 , 14.33 , 14.26 , 14.33 , 14.33 
3 , 28 , 2024 , 14.48 , 14.33 , 14.33 , 14.45 
4 , 1 , 2024 , 14.51 , 14.43 , 14.49 , 14.47 
4 , 2 , 2024 , 14.47 , 14.37 , 14.43 , 14.45 
4 , 3 , 2024 , 14.48 , 14.37 , 14.45 , 14.38 
4 , 4 , 2024 , 14.47 , 14.29 , 14.45 , 14.34 
4 , 5 , 2024 , 14.44 , 14.34 , 14.39 , 14.43 
4 , 8 , 2024 , 14.55 , 14.40 , 14.43 , 14.45 
4 , 9 , 2024 , 14.52 , 14.42 , 14.42 , 14.52 
4 , 10 , 2024 , 14.52 , 14.35 , 14.47 , 14.38 
4 , 11 , 2024 , 14.45 , 14.30 , 14.42 , 14.35 
4 , 12 , 2024 , 14.41 , 14.18 , 14.35 , 14.19 
4 , 15 , 2024 , 14.52 , 13.87 , 14.23 , 13.89 
4 , 16 , 2024 , 13.96 , 13.75 , 13.85 , 13.82 
4 , 17 , 2024 , 13.95 , 13.77 , 13.85 , 13.94 
4 , 18 , 2024 , 14.08 , 13.90 , 13.90 , 14.06 
4 , 19 , 2024 , 14.23 , 14.11 , 14.12 , 14.22 
4 , 22 , 2024 , 14.09 , 13.99 , 14.02 , 14.06 
4 , 23 , 2024 , 14.15 , 14.02 , 14.02 , 14.05 
4 , 24 , 2024 , 14.13 , 14.02 , 14.05 , 14.03 
4 , 25 , 2024 , 14.01 , 13.93 , 13.96 , 13.98 
4 , 26 , 2024 , 14.14 , 14.00 , 14.03 , 14.12 
4 , 29 , 2024 , 14.17 , 14.12 , 14.16 , 14.17 
4 , 30 , 2024 , 14.18 , 14.02 , 14.15 , 14.07 
5 , 1 , 2024 , 14.19 , 14.05 , 14.13 , 14.07 
5 , 2 , 2024 , 14.13 , 14.04 , 14.08 , 14.09 
5 , 3 , 2024 , 14.25 , 14.17 , 14.20 , 14.24 
5 , 6 , 2024 , 14.48 , 14.31 , 14.35 , 14.34 
5 , 7 , 2024 , 14.46 , 14.40 , 14.46 , 14.43 
5 , 8 , 2024 , 14.49 , 14.41 , 14.45 , 14.47 
5 , 9 , 2024 , 14.58 , 14.41 , 14.42 , 14.58 
5 , 10 , 2024 , 14.60 , 14.51 , 14.52 , 14.53 
5 , 13 , 2024 , 14.61 , 14.52 , 14.60 , 14.58 
5 , 14 , 2024 , 14.63 , 14.40 , 14.63 , 14.47 
5 , 15 , 2024 , 14.60 , 14.50 , 14.56 , 14.58 
5 , 16 , 2024 , 14.70 , 14.59 , 14.60 , 14.67 
5 , 17 , 2024 , 14.83 , 14.69 , 14.70 , 14.79 
5 , 20 , 2024 , 14.86 , 14.71 , 14.85 , 14.80 
5 , 21 , 2024 , 14.84 , 14.77 , 14.84 , 14.82 
5 , 22 , 2024 , 14.74 , 14.49 , 14.74 , 14.52 
5 , 23 , 2024 , 14.63 , 14.43 , 14.63 , 14.47 
5 , 24 , 2024 , 14.53 , 14.36 , 14.52 , 14.45 
5 , 28 , 2024 , 14.51 , 14.34 , 14.48 , 14.36 
5 , 29 , 2024 , 14.41 , 14.23 , 14.36 , 14.27 
5 , 30 , 2024 , 14.38 , 14.18 , 14.34 , 14.29 
5 , 31 , 2024 , 14.49 , 14.27 , 14.34 , 14.42 
6 , 3 , 2024 , 14.50 , 14.28 , 14.50 , 14.39 
6 , 4 , 2024 , 14.44 , 14.31 , 14.35 , 14.43 
6 , 5 , 2024 , 14.48 , 14.42 , 14.48 , 14.48 
6 , 6 , 2024 , 14.52 , 14.43 , 14.44 , 14.47 
6 , 7 , 2024 , 14.50 , 14.38 , 14.44 , 14.50 
6 , 10 , 2024 , 14.55 , 14.45 , 14.45 , 14.52 
6 , 11 , 2024 , 14.63 , 14.48 , 14.58 , 14.63 
6 , 12 , 2024 , 14.78 , 14.62 , 14.74 , 14.67 
6 , 13 , 2024 , 14.73 , 14.64 , 14.71 , 14.73 
6 , 14 , 2024 , 14.80 , 14.65 , 14.65 , 14.78 
6 , 17 , 2024 , 14.80 , 14.61 , 14.80 , 14.64 
6 , 18 , 2024 , 14.70 , 14.51 , 14.67 , 14.57 
6 , 20 , 2024 , 14.68 , 14.51 , 14.55 , 14.62 
6 , 21 , 2024 , 14.50 , 14.40 , 14.44 , 14.46 
6 , 24 , 2024 , 14.53 , 14.40 , 14.52 , 14.53 
6 , 25 , 2024 , 14.59 , 14.40 , 14.57 , 14.42 
6 , 26 , 2024 , 14.44 , 14.29 , 14.30 , 14.42 
6 , 27 , 2024 , 14.49 , 14.36 , 14.49 , 14.40 
6 , 28 , 2024 , 14.48 , 14.38 , 14.45 , 14.41 
7 , 1 , 2024 , 14.48 , 14.41 , 14.45 , 14.48 
7 , 2 , 2024 , 14.63 , 14.51 , 14.54 , 14.63 
7 , 3 , 2024 , 14.81 , 14.63 , 14.66 , 14.79 
7 , 5 , 2024 , 14.86 , 14.74 , 14.84 , 14.80 
7 , 8 , 2024 , 14.82 , 14.70 , 14.82 , 14.73 
7 , 9 , 2024 , 14.82 , 14.75 , 14.75 , 14.82 
7 , 10 , 2024 , 14.96 , 14.82 , 14.86 , 14.96 
7 , 11 , 2024 , 15.00 , 14.86 , 14.91 , 14.91 
7 , 12 , 2024 , 15.01 , 14.92 , 14.98 , 15.01 
7 , 15 , 2024 , 15.08 , 14.96 , 15.08 , 15.02 
7 , 16 , 2024 , 15.06 , 14.88 , 15.03 , 14.92 
7 , 17 , 2024 , 14.95 , 14.84 , 14.88 , 14.90 
7 , 18 , 2024 , 14.99 , 14.75 , 14.91 , 14.79 
7 , 19 , 2024 , 14.89 , 14.78 , 14.85 , 14.88 
7 , 22 , 2024 , 14.99 , 14.90 , 14.94 , 14.99 
7 , 23 , 2024 , 15.07 , 14.98 , 15.00 , 15.06 
7 , 24 , 2024 , 14.88 , 14.69 , 14.84 , 14.72 
7 , 25 , 2024 , 14.88 , 14.72 , 14.72 , 14.81 
7 , 26 , 2024 , 14.97 , 14.86 , 14.91 , 14.95 
7 , 29 , 2024 , 14.98 , 14.87 , 14.98 , 14.87 
7 , 30 , 2024 , 15.03 , 14.83 , 14.83 , 15.00 
7 , 31 , 2024 , 15.15 , 15.00 , 15.12 , 15.15 
8 , 1 , 2024 , 15.24 , 15.04 , 15.18 , 15.18 
8 , 2 , 2024 , 15.22 , 15.03 , 15.12 , 15.04 
8 , 5 , 2024 , 14.85 , 14.67 , 14.78 , 14.75 
8 , 6 , 2024 , 14.89 , 14.72 , 14.85 , 14.83 
8 , 7 , 2024 , 15.03 , 14.83 , 14.96 , 14.88 
8 , 8 , 2024 , 15.03 , 14.89 , 14.91 , 14.94 
8 , 9 , 2024 , 15.22 , 14.94 , 14.98 , 15.10 
8 , 12 , 2024 , 15.20 , 14.92 , 15.10 , 15.05 
8 , 13 , 2024 , 15.22 , 15.05 , 15.05 , 15.17 
8 , 14 , 2024 , 15.36 , 15.23 , 15.26 , 15.25 
8 , 15 , 2024 , 15.34 , 15.27 , 15.30 , 15.29 
8 , 16 , 2024 , 15.50 , 15.35 , 15.35 , 15.50 
8 , 19 , 2024 , 15.51 , 15.44 , 15.50 , 15.48 
8 , 20 , 2024 , 15.54 , 15.44 , 15.53 , 15.46 
8 , 21 , 2024 , 15.51 , 15.30 , 15.51 , 15.42 
8 , 22 , 2024 , 15.48 , 15.21 , 15.45 , 15.28 
8 , 23 , 2024 , 15.26 , 15.07 , 15.20 , 15.17 
8 , 26 , 2024 , 15.23 , 15.09 , 15.17 , 15.16 
8 , 27 , 2024 , 15.18 , 15.07 , 15.16 , 15.18 
8 , 28 , 2024 , 15.23 , 15.11 , 15.23 , 15.15 
8 , 29 , 2024 , 15.17 , 15.07 , 15.12 , 15.13 
8 , 30 , 2024 , 15.26 , 15.12 , 15.20 , 15.23 
9 , 3 , 2024 , 15.30 , 15.20 , 15.30 , 15.25 
9 , 4 , 2024 , 15.44 , 15.25 , 15.25 , 15.32 
9 , 5 , 2024 , 15.46 , 15.24 , 15.37 , 15.46 
9 , 6 , 2024 , 15.48 , 15.32 , 15.41 , 15.42 
9 , 9 , 2024 , 15.40 , 15.30 , 15.40 , 15.31 
9 , 10 , 2024 , 15.50 , 15.30 , 15.30 , 15.46 
9 , 11 , 2024 , 15.51 , 15.37 , 15.51 , 15.48 
9 , 12 , 2024 , 15.51 , 15.42 , 15.50 , 15.48 
9 , 13 , 2024 , 15.57 , 15.49 , 15.57 , 15.51 
9 , 16 , 2024 , 15.66 , 15.51 , 15.51 , 15.66 
9 , 17 , 2024 , 15.71 , 15.63 , 15.66 , 15.70 
9 , 18 , 2024 , 15.83 , 15.64 , 15.73 , 15.72 
9 , 19 , 2024 , 15.84 , 15.67 , 15.81 , 15.73 
9 , 20 , 2024 , 15.74 , 15.65 , 15.73 , 15.66 
9 , 23 , 2024 , 15.62 , 15.45 , 15.57 , 15.52 
9 , 24 , 2024 , 15.70 , 15.49 , 15.60 , 15.62 
9 , 25 , 2024 , 15.68 , 15.58 , 15.62 , 15.63 
9 , 26 , 2024 , 15.63 , 15.50 , 15.61 , 15.50 
9 , 27 , 2024 , 15.59 , 15.46 , 15.53 , 15.57 
9 , 30 , 2024 , 15.71 , 15.55 , 15.60 , 15.68 
10 , 1 , 2024 , 15.80 , 15.60 , 15.65 , 15.67 
10 , 2 , 2024 , 15.73 , 15.63 , 15.70 , 15.67 
10 , 3 , 2024 , 15.63 , 15.51 , 15.62 , 15.58 
10 , 4 , 2024 , 15.68 , 15.52 , 15.60 , 15.65 
10 , 7 , 2024 , 15.70 , 15.56 , 15.65 , 15.58 
10 , 8 , 2024 , 15.73 , 15.63 , 15.64 , 15.68 
10 , 9 , 2024 , 15.73 , 15.55 , 15.63 , 15.59 
10 , 10 , 2024 , 15.63 , 15.53 , 15.60 , 15.59 
10 , 11 , 2024 , 15.63 , 15.53 , 15.54 , 15.59 
10 , 14 , 2024 , 15.68 , 15.55 , 15.62 , 15.57 
10 , 15 , 2024 , 15.65 , 15.55 , 15.65 , 15.60 
10 , 16 , 2024 , 15.64 , 15.53 , 15.60 , 15.63 
10 , 17 , 2024 , 15.62 , 15.52 , 15.59 , 15.54 
10 , 18 , 2024 , 15.59 , 15.47 , 15.59 , 15.50 
10 , 21 , 2024 , 15.52 , 15.36 , 15.43 , 15.38 
10 , 22 , 2024 , 15.47 , 15.36 , 15.42 , 15.40 
10 , 23 , 2024 , 15.44 , 15.28 , 15.40 , 15.28 
10 , 24 , 2024 , 15.26 , 15.15 , 15.23 , 15.25 
10 , 25 , 2024 , 15.29 , 15.21 , 15.22 , 15.29 
10 , 28 , 2024 , 15.33 , 15.13 , 15.29 , 15.15 
10 , 29 , 2024 , 15.13 , 14.87 , 15.07 , 14.87 
10 , 30 , 2024 , 14.99 , 14.76 , 14.83 , 14.98 
10 , 31 , 2024 , 15.09 , 14.95 , 15.00 , 15.09 
11 , 1 , 2024 , 15.20 , 15.04 , 15.16 , 15.07 
11 , 4 , 2024 , 15.18 , 15.03 , 15.12 , 15.05 
11 , 5 , 2024 , 15.18 , 15.00 , 15.08 , 15.04 
11 , 6 , 2024 , 15.13 , 15.01 , 15.07 , 15.05 
11 , 7 , 2024 , 15.13 , 15.02 , 15.13 , 15.11 
11 , 8 , 2024 , 15.20 , 15.11 , 15.15 , 15.19 
11 , 11 , 2024 , 15.24 , 15.17 , 15.19 , 15.17 
11 , 12 , 2024 , 15.17 , 14.90 , 15.15 , 14.93 
11 , 13 , 2024 , 14.99 , 14.81 , 14.95 , 14.86 
11 , 14 , 2024 , 14.93 , 14.81 , 14.91 , 14.82 
11 , 15 , 2024 , 14.84 , 14.51 , 14.84 , 14.60 
11 , 18 , 2024 , 14.74 , 14.60 , 14.61 , 14.72 
11 , 19 , 2024 , 14.82 , 14.65 , 14.74 , 14.71 
11 , 20 , 2024 , 14.86 , 14.69 , 14.69 , 14.80 
11 , 21 , 2024 , 14.74 , 14.64 , 14.69 , 14.69 
11 , 22 , 2024 , 14.83 , 14.61 , 14.66 , 14.78 
11 , 25 , 2024 , 14.90 , 14.72 , 14.83 , 14.75 
11 , 26 , 2024 , 14.85 , 14.66 , 14.75 , 14.69 
11 , 27 , 2024 , 14.86 , 14.70 , 14.75 , 14.84 
11 , 29 , 2024 , 14.97 , 14.86 , 14.90 , 14.93 
12 , 2 , 2024 , 15.03 , 14.91 , 15.02 , 14.97 
12 , 3 , 2024 , 15.15 , 15.00 , 15.01 , 15.10 
12 , 4 , 2024 , 15.13 , 15.01 , 15.10 , 15.04 
12 , 5 , 2024 , 15.14 , 15.03 , 15.06 , 15.07 
12 , 6 , 2024 , 15.18 , 15.01 , 15.16 , 15.03 
12 , 9 , 2024 , 15.14 , 15.00 , 15.03 , 15.00 
12 , 10 , 2024 , 15.10 , 14.97 , 14.98 , 15.03 
12 , 11 , 2024 , 15.16 , 14.98 , 15.10 , 15.00 
12 , 12 , 2024 , 15.03 , 14.84 , 14.98 , 14.89 
12 , 13 , 2024 , 15.00 , 14.88 , 14.95 , 14.98 
12 , 16 , 2024 , 15.03 , 14.82 , 15.01 , 14.90 
12 , 17 , 2024 , 14.92 , 14.69 , 14.92 , 14.73 
12 , 18 , 2024 , 14.79 , 14.25 , 14.79 , 14.38 
12 , 19 , 2024 , 14.43 , 14.25 , 14.36 , 14.34 
12 , 20 , 2024 , 14.49 , 14.26 , 14.35 , 14.44 
12 , 23 , 2024 , 14.45 , 14.31 , 14.39 , 14.41 
12 , 24 , 2024 , 14.53 , 14.31 , 14.45 , 14.34 
12 , 26 , 2024 , 14.54 , 14.34 , 14.34 , 14.38 
12 , 27 , 2024 , 14.41 , 14.19 , 14.38 , 14.24 
12 , 30 , 2024 , 14.25 , 14.11 , 14.15 , 14.20 
12 , 31 , 2024 , 14.35 , 14.16 , 14.28 , 14.25 
1 , 2 , 2025 , 14.48 , 14.29 , 14.34 , 14.43 
1 , 3 , 2025 , 14.52 , 14.45 , 14.52 , 14.50 
1 , 6 , 2025 , 14.55 , 14.45 , 14.55 , 14.48 
1 , 7 , 2025 , 14.54 , 14.43 , 14.49 , 14.46 
1 , 8 , 2025 , 14.58 , 14.40 , 14.49 , 14.51 
1 , 10 , 2025 , 14.50 , 14.40 , 14.49 , 14.45 
1 , 13 , 2025 , 14.53 , 14.35 , 14.45 , 14.43 
1 , 14 , 2025 , 14.54 , 14.40 , 14.49 , 14.52 
1 , 15 , 2025 , 14.72 , 14.56 , 14.61 , 14.65 
1 , 16 , 2025 , 14.73 , 14.63 , 14.72 , 14.72 
1 , 17 , 2025 , 14.82 , 14.72 , 14.72 , 14.73 
1 , 21 , 2025 , 14.89 , 14.80 , 14.83 , 14.89 
1 , 22 , 2025 , 14.96 , 14.83 , 14.89 , 14.95 
1 , 23 , 2025 , 15.04 , 14.89 , 14.99 , 14.98 
1 , 24 , 2025 , 14.94 , 14.78 , 14.78 , 14.86 
1 , 27 , 2025 , 15.00 , 14.75 , 14.78 , 14.80 
1 , 28 , 2025 , 14.98 , 14.75 , 14.80 , 14.82 
1 , 29 , 2025 , 14.95 , 14.70 , 14.86 , 14.82 
1 , 30 , 2025 , 14.89 , 14.62 , 14.78 , 14.88 
1 , 31 , 2025 , 15.08 , 14.86 , 14.95 , 15.02 
2 , 3 , 2025 , 15.01 , 14.75 , 14.98 , 14.98 
2 , 4 , 2025 , 15.14 , 15.00 , 15.04 , 15.06 
2 , 5 , 2025 , 15.15 , 15.01 , 15.11 , 15.14 
2 , 6 , 2025 , 15.21 , 15.10 , 15.14 , 15.13 
2 , 7 , 2025 , 15.22 , 15.01 , 15.13 , 15.05 
2 , 10 , 2025 , 15.15 , 15.01 , 15.07 , 15.13 
2 , 11 , 2025 , 15.18 , 15.11 , 15.15 , 15.17 
2 , 12 , 2025 , 15.18 , 15.09 , 15.14 , 15.12 
2 , 13 , 2025 , 15.26 , 15.11 , 15.21 , 15.15 
2 , 14 , 2025 , 15.25 , 15.15 , 15.21 , 15.20 
2 , 18 , 2025 , 15.28 , 15.18 , 15.20 , 15.26 
2 , 19 , 2025 , 15.28 , 15.20 , 15.22 , 15.22 
2 , 20 , 2025 , 15.27 , 15.18 , 15.23 , 15.20 
2 , 21 , 2025 , 15.15 , 15.03 , 15.03 , 15.07 
2 , 24 , 2025 , 15.15 , 15.00 , 15.06 , 15.10 
2 , 25 , 2025 , 15.15 , 15.09 , 15.14 , 15.12 
2 , 26 , 2025 , 15.15 , 15.03 , 15.08 , 15.12 
2 , 27 , 2025 , 15.16 , 15.06 , 15.15 , 15.08 
2 , 28 , 2025 , 15.16 , 14.94 , 15.11 , 15.00 
3 , 3 , 2025 , 15.00 , 14.82 , 15.00 , 14.85 
3 , 4 , 2025 , 14.89 , 14.64 , 14.85 , 14.64 
3 , 5 , 2025 , 14.79 , 14.58 , 14.68 , 14.75 
3 , 6 , 2025 , 14.72 , 14.59 , 14.65 , 14.60 
3 , 7 , 2025 , 14.66 , 14.50 , 14.64 , 14.54 
3 , 10 , 2025 , 14.54 , 14.43 , 14.49 , 14.46 
3 , 11 , 2025 , 14.56 , 14.39 , 14.51 , 14.43 
3 , 12 , 2025 , 14.50 , 14.40 , 14.44 , 14.43 
3 , 13 , 2025 , 14.48 , 14.38 , 14.40 , 14.40 
3 , 14 , 2025 , 14.50 , 14.41 , 14.45 , 14.47 
3 , 17 , 2025 , 14.56 , 14.48 , 14.53 , 14.53 
3 , 18 , 2025 , 14.57 , 14.47 , 14.55 , 14.51 
3 , 19 , 2025 , 14.60 , 14.47 , 14.47 , 14.60 
3 , 20 , 2025 , 14.66 , 14.51 , 14.51 , 14.62 
3 , 21 , 2025 , 14.67 , 14.59 , 14.65 , 14.65 
3 , 24 , 2025 , 14.67 , 14.52 , 14.52 , 14.65 
3 , 25 , 2025 , 14.71 , 14.60 , 14.71 , 14.65 
3 , 26 , 2025 , 14.73 , 14.53 , 14.69 , 14.54 
3 , 27 , 2025 , 14.59 , 14.50 , 14.50 , 14.55 
3 , 28 , 2025 , 14.59 , 14.45 , 14.50 , 14.46 
3 , 31 , 2025 , 14.49 , 14.37 , 14.45 , 14.45 
4 , 1 , 2025 , 14.57 , 14.35 , 14.50 , 14.42 
4 , 2 , 2025 , 14.53 , 14.40 , 14.45 , 14.47 
4 , 3 , 2025 , 14.38 , 14.23 , 14.34 , 14.27 
4 , 4 , 2025 , 14.13 , 13.41 , 14.07 , 13.41 
4 , 7 , 2025 , 13.10 , 12.45 , 12.75 , 12.85 
4 , 8 , 2025 , 13.41 , 12.95 , 13.05 , 13.00 
4 , 9 , 2025 , 13.55 , 12.65 , 12.78 , 13.51 
4 , 10 , 2025 , 13.66 , 12.90 , 13.15 , 12.99 
4 , 11 , 2025 , 13.56 , 12.90 , 12.98 , 13.23 
4 , 14 , 2025 , 13.45 , 13.26 , 13.32 , 13.39 
4 , 15 , 2025 , 13.64 , 13.42 , 13.44 , 13.57 
4 , 16 , 2025 , 13.77 , 13.44 , 13.47 , 13.59 
4 , 17 , 2025 , 13.78 , 13.60 , 13.69 , 13.69 
4 , 21 , 2025 , 13.71 , 13.45 , 13.69 , 13.56 
4 , 22 , 2025 , 13.74 , 13.58 , 13.58 , 13.68 
4 , 23 , 2025 , 13.86 , 13.61 , 13.75 , 13.72 
4 , 24 , 2025 , 13.84 , 13.70 , 13.72 , 13.79 
4 , 25 , 2025 , 13.94 , 13.73 , 13.79 , 13.85 
4 , 28 , 2025 , 14.04 , 13.88 , 13.93 , 14.02 
4 , 29 , 2025 , 14.09 , 13.96 , 14.00 , 14.06 
4 , 30 , 2025 , 14.11 , 13.90 , 14.01 , 14.09 
