Month , Day , Year , High , Low , Open , Close
2 , 24 , 2021 , 208.15 , 189.00 , 190.98 , 200.20 
2 , 25 , 2021 , 199.80 , 180.00 , 197.41 , 182.06 
2 , 26 , 2021 , 214.10 , 185.75 , 194.18 , 206.35 
3 , 1 , 2021 , 199.69 , 192.62 , 195.82 , 196.42 
3 , 2 , 2021 , 200.00 , 188.50 , 195.63 , 189.90 
3 , 3 , 2021 , 188.48 , 178.80 , 186.97 , 180.40 
3 , 4 , 2021 , 183.90 , 170.87 , 178.64 , 180.23 
3 , 5 , 2021 , 183.50 , 161.90 , 181.50 , 179.81 
3 , 8 , 2021 , 186.40 , 177.03 , 179.99 , 180.81 
3 , 9 , 2021 , 189.46 , 180.72 , 184.99 , 183.11 
3 , 10 , 2021 , 191.00 , 181.55 , 184.57 , 183.79 
3 , 11 , 2021 , 201.00 , 188.50 , 189.90 , 197.87 
3 , 12 , 2021 , 208.70 , 192.20 , 196.27 , 206.74 
3 , 15 , 2021 , 213.74 , 203.81 , 209.54 , 209.99 
3 , 16 , 2021 , 215.49 , 198.18 , 209.11 , 200.01 
3 , 17 , 2021 , 203.46 , 194.44 , 195.63 , 201.36 
3 , 18 , 2021 , 199.90 , 190.68 , 196.80 , 191.45 
3 , 19 , 2021 , 196.49 , 187.81 , 193.01 , 194.39 
3 , 22 , 2021 , 203.30 , 194.71 , 196.85 , 195.00 
3 , 23 , 2021 , 196.75 , 185.74 , 195.50 , 187.14 
3 , 24 , 2021 , 189.78 , 178.51 , 189.00 , 178.85 
3 , 25 , 2021 , 179.54 , 170.50 , 173.10 , 176.16 
3 , 26 , 2021 , 181.00 , 168.00 , 178.42 , 174.40 
3 , 29 , 2021 , 185.46 , 173.50 , 175.36 , 182.50 
3 , 30 , 2021 , 185.23 , 178.38 , 182.35 , 183.10 
3 , 31 , 2021 , 192.28 , 185.13 , 185.43 , 187.94 
4 , 1 , 2021 , 193.99 , 185.37 , 192.50 , 188.24 
4 , 5 , 2021 , 192.10 , 185.81 , 191.66 , 186.69 
4 , 6 , 2021 , 194.48 , 187.52 , 188.70 , 190.03 
4 , 7 , 2021 , 190.62 , 179.47 , 189.38 , 179.94 
4 , 8 , 2021 , 183.90 , 179.30 , 181.65 , 180.18 
4 , 9 , 2021 , 182.46 , 177.25 , 179.62 , 179.50 
4 , 12 , 2021 , 181.49 , 176.25 , 179.68 , 176.49 
4 , 13 , 2021 , 178.61 , 172.14 , 175.27 , 177.95 
4 , 14 , 2021 , 181.47 , 175.31 , 179.50 , 176.43 
4 , 15 , 2021 , 178.24 , 174.25 , 177.00 , 175.35 
4 , 16 , 2021 , 179.51 , 172.94 , 176.01 , 178.69 
4 , 19 , 2021 , 178.72 , 171.50 , 177.32 , 174.58 
4 , 20 , 2021 , 175.00 , 165.52 , 173.18 , 169.57 
4 , 21 , 2021 , 170.32 , 164.12 , 168.09 , 167.07 
4 , 22 , 2021 , 176.92 , 168.43 , 168.49 , 170.71 
4 , 23 , 2021 , 178.25 , 172.00 , 172.92 , 174.25 
4 , 26 , 2021 , 176.03 , 171.07 , 175.21 , 174.88 
4 , 27 , 2021 , 179.61 , 174.80 , 176.17 , 177.94 
4 , 28 , 2021 , 181.67 , 173.35 , 174.44 , 180.00 
4 , 29 , 2021 , 183.22 , 173.35 , 182.33 , 177.68 
4 , 30 , 2021 , 176.45 , 172.01 , 173.00 , 172.71 
5 , 3 , 2021 , 173.44 , 167.80 , 173.19 , 168.11 
5 , 4 , 2021 , 169.04 , 161.96 , 167.02 , 168.90 
5 , 5 , 2021 , 170.18 , 162.12 , 169.30 , 162.33 
5 , 6 , 2021 , 162.11 , 150.70 , 161.91 , 153.64 
5 , 7 , 2021 , 157.05 , 148.78 , 156.44 , 151.21 
5 , 10 , 2021 , 150.50 , 144.52 , 150.28 , 146.73 
5 , 11 , 2021 , 144.35 , 136.01 , 139.10 , 142.73 
5 , 12 , 2021 , 144.77 , 138.75 , 140.90 , 140.25 
5 , 13 , 2021 , 142.33 , 131.28 , 142.25 , 135.75 
5 , 14 , 2021 , 142.25 , 131.67 , 137.68 , 141.20 
5 , 17 , 2021 , 137.79 , 130.25 , 137.16 , 132.50 
5 , 18 , 2021 , 138.40 , 131.49 , 134.00 , 135.02 
5 , 19 , 2021 , 138.38 , 129.71 , 129.95 , 138.19 
5 , 20 , 2021 , 138.89 , 135.65 , 138.84 , 136.20 
5 , 21 , 2021 , 137.17 , 132.88 , 136.55 , 134.71 
5 , 24 , 2021 , 137.98 , 134.39 , 135.50 , 135.91 
5 , 25 , 2021 , 137.85 , 133.56 , 137.40 , 133.99 
5 , 26 , 2021 , 135.76 , 133.72 , 134.94 , 134.75 
5 , 27 , 2021 , 143.82 , 134.50 , 135.07 , 143.17 
5 , 28 , 2021 , 145.00 , 140.25 , 144.76 , 140.40 
6 , 1 , 2021 , 146.09 , 141.59 , 143.89 , 144.31 
6 , 2 , 2021 , 152.70 , 144.40 , 145.35 , 151.00 
6 , 3 , 2021 , 151.12 , 143.80 , 149.55 , 144.19 
6 , 4 , 2021 , 151.57 , 145.00 , 145.83 , 150.73 
6 , 7 , 2021 , 150.96 , 146.40 , 150.96 , 148.97 
6 , 8 , 2021 , 150.75 , 145.80 , 150.60 , 147.01 
6 , 9 , 2021 , 149.36 , 144.46 , 148.57 , 144.85 
6 , 10 , 2021 , 147.45 , 141.04 , 142.15 , 146.12 
6 , 11 , 2021 , 148.95 , 145.20 , 145.87 , 148.44 
6 , 14 , 2021 , 149.60 , 146.85 , 149.25 , 149.21 
6 , 15 , 2021 , 153.74 , 148.84 , 149.00 , 151.78 
6 , 16 , 2021 , 152.35 , 146.92 , 150.95 , 149.15 
6 , 17 , 2021 , 152.29 , 148.61 , 148.99 , 150.70 
6 , 18 , 2021 , 154.80 , 149.40 , 150.38 , 152.52 
6 , 21 , 2021 , 152.61 , 145.83 , 152.52 , 149.70 
6 , 22 , 2021 , 151.65 , 148.40 , 149.75 , 149.68 
6 , 23 , 2021 , 154.59 , 147.80 , 149.76 , 151.58 
6 , 24 , 2021 , 153.63 , 149.86 , 152.67 , 150.73 
6 , 25 , 2021 , 153.17 , 149.28 , 151.23 , 149.67 
6 , 28 , 2021 , 150.93 , 147.08 , 148.62 , 149.94 
6 , 29 , 2021 , 149.94 , 145.77 , 149.75 , 146.08 
6 , 30 , 2021 , 154.09 , 144.25 , 145.55 , 153.14 
7 , 1 , 2021 , 157.41 , 151.41 , 154.50 , 153.08 
7 , 2 , 2021 , 154.95 , 149.56 , 153.31 , 150.23 
7 , 6 , 2021 , 152.80 , 147.81 , 150.08 , 148.37 
7 , 7 , 2021 , 148.94 , 143.60 , 148.15 , 143.72 
7 , 8 , 2021 , 143.73 , 139.53 , 140.43 , 142.53 
7 , 9 , 2021 , 150.26 , 143.30 , 143.62 , 149.64 
7 , 12 , 2021 , 150.42 , 146.01 , 148.99 , 146.69 
7 , 13 , 2021 , 147.70 , 143.00 , 147.70 , 143.41 
7 , 14 , 2021 , 144.20 , 139.04 , 143.86 , 139.09 
7 , 15 , 2021 , 140.52 , 136.54 , 139.18 , 137.50 
7 , 16 , 2021 , 139.79 , 133.51 , 139.69 , 134.31 
7 , 19 , 2021 , 133.77 , 130.31 , 131.36 , 131.88 
7 , 20 , 2021 , 137.44 , 131.70 , 132.75 , 136.09 
7 , 21 , 2021 , 140.15 , 135.73 , 136.71 , 139.25 
7 , 22 , 2021 , 141.29 , 137.66 , 141.00 , 139.47 
7 , 23 , 2021 , 140.00 , 137.41 , 139.80 , 138.73 
7 , 26 , 2021 , 142.19 , 137.20 , 139.13 , 142.00 
7 , 27 , 2021 , 142.52 , 138.31 , 141.26 , 141.58 
7 , 28 , 2021 , 143.73 , 141.03 , 141.31 , 143.30 
7 , 29 , 2021 , 145.00 , 141.71 , 143.65 , 143.47 
7 , 30 , 2021 , 144.69 , 141.74 , 141.75 , 144.01 
8 , 2 , 2021 , 146.27 , 143.40 , 143.85 , 145.49 
8 , 3 , 2021 , 147.79 , 143.28 , 147.73 , 145.65 
8 , 4 , 2021 , 147.46 , 145.01 , 145.10 , 147.40 
8 , 5 , 2021 , 150.41 , 146.40 , 146.67 , 150.32 
8 , 6 , 2021 , 150.19 , 147.55 , 148.99 , 149.99 
8 , 9 , 2021 , 151.00 , 148.70 , 148.74 , 149.44 
8 , 10 , 2021 , 150.76 , 147.85 , 149.37 , 147.95 
8 , 11 , 2021 , 149.28 , 145.16 , 147.54 , 148.16 
8 , 12 , 2021 , 151.68 , 146.55 , 148.86 , 151.15 
8 , 13 , 2021 , 152.76 , 144.51 , 146.66 , 152.76 
8 , 16 , 2021 , 152.03 , 144.90 , 151.99 , 148.57 
8 , 17 , 2021 , 148.20 , 143.58 , 145.00 , 143.90 
8 , 18 , 2021 , 148.68 , 141.70 , 144.02 , 146.74 
8 , 19 , 2021 , 145.28 , 141.92 , 143.79 , 142.65 
8 , 20 , 2021 , 143.95 , 141.50 , 142.00 , 143.70 
8 , 23 , 2021 , 147.63 , 144.15 , 144.90 , 146.79 
8 , 24 , 2021 , 161.98 , 146.50 , 147.00 , 161.42 
8 , 25 , 2021 , 163.06 , 158.00 , 158.76 , 160.35 
8 , 26 , 2021 , 159.50 , 151.45 , 159.34 , 152.73 
8 , 27 , 2021 , 156.44 , 151.45 , 152.25 , 154.18 
8 , 30 , 2021 , 157.49 , 151.92 , 154.70 , 156.02 
8 , 31 , 2021 , 158.15 , 153.58 , 155.94 , 154.99 
9 , 1 , 2021 , 158.64 , 154.29 , 154.84 , 156.59 
9 , 2 , 2021 , 159.46 , 156.50 , 156.50 , 157.20 
9 , 3 , 2021 , 160.64 , 157.20 , 158.05 , 158.00 
9 , 7 , 2021 , 165.74 , 159.55 , 159.72 , 165.00 
9 , 8 , 2021 , 166.55 , 161.60 , 163.23 , 163.93 
9 , 9 , 2021 , 166.97 , 160.83 , 163.06 , 166.00 
9 , 10 , 2021 , 168.24 , 165.01 , 166.95 , 165.20 
9 , 13 , 2021 , 162.99 , 154.79 , 160.25 , 160.32 
9 , 14 , 2021 , 164.70 , 159.41 , 160.66 , 163.30 
9 , 15 , 2021 , 166.63 , 160.49 , 162.32 , 166.37 
9 , 16 , 2021 , 169.45 , 165.04 , 165.26 , 168.15 
9 , 17 , 2021 , 170.00 , 163.61 , 169.30 , 166.59 
9 , 20 , 2021 , 166.54 , 159.45 , 162.24 , 161.64 
9 , 21 , 2021 , 170.01 , 162.96 , 164.00 , 169.29 
9 , 22 , 2021 , 171.81 , 167.37 , 170.03 , 169.96 
9 , 23 , 2021 , 176.00 , 170.50 , 171.55 , 175.13 
9 , 24 , 2021 , 176.96 , 173.61 , 174.53 , 175.88 
9 , 27 , 2021 , 176.32 , 172.02 , 175.00 , 174.26 
9 , 28 , 2021 , 173.56 , 166.90 , 172.52 , 168.58 
9 , 29 , 2021 , 171.22 , 166.55 , 170.10 , 168.07 
9 , 30 , 2021 , 169.50 , 165.71 , 168.10 , 167.75 
10 , 1 , 2021 , 173.20 , 168.55 , 170.31 , 173.01 
10 , 4 , 2021 , 172.26 , 164.03 , 171.99 , 164.50 
10 , 5 , 2021 , 166.59 , 162.43 , 165.67 , 164.74 
10 , 6 , 2021 , 167.32 , 160.63 , 161.39 , 167.25 
10 , 7 , 2021 , 171.27 , 168.60 , 170.00 , 169.60 
10 , 8 , 2021 , 174.10 , 169.48 , 170.10 , 169.97 
10 , 11 , 2021 , 171.54 , 166.63 , 170.00 , 166.67 
10 , 12 , 2021 , 175.90 , 171.23 , 172.69 , 172.75 
10 , 13 , 2021 , 175.19 , 171.80 , 173.00 , 173.58 
10 , 14 , 2021 , 176.75 , 170.04 , 175.24 , 170.50 
10 , 15 , 2021 , 172.95 , 168.58 , 171.90 , 169.18 
10 , 18 , 2021 , 172.70 , 167.11 , 167.50 , 172.32 
10 , 19 , 2021 , 172.81 , 170.06 , 172.57 , 170.74 
10 , 20 , 2021 , 171.94 , 168.20 , 170.06 , 169.76 
10 , 21 , 2021 , 171.53 , 167.70 , 169.07 , 170.50 
10 , 22 , 2021 , 169.44 , 165.16 , 169.30 , 166.64 
10 , 25 , 2021 , 170.33 , 166.65 , 166.69 , 169.24 
10 , 26 , 2021 , 172.00 , 167.90 , 170.40 , 171.14 
10 , 27 , 2021 , 172.65 , 168.88 , 170.74 , 169.10 
10 , 28 , 2021 , 171.85 , 168.71 , 170.20 , 171.70 
10 , 29 , 2021 , 171.39 , 168.85 , 171.39 , 170.66 
11 , 1 , 2021 , 175.44 , 170.50 , 170.50 , 174.60 
11 , 2 , 2021 , 175.30 , 170.58 , 174.95 , 172.87 
11 , 3 , 2021 , 173.75 , 170.93 , 171.89 , 172.87 
11 , 4 , 2021 , 179.44 , 173.96 , 175.95 , 178.45 
11 , 5 , 2021 , 203.30 , 185.94 , 186.15 , 201.62 
11 , 8 , 2021 , 211.34 , 199.75 , 203.35 , 200.32 
11 , 9 , 2021 , 201.50 , 187.50 , 201.44 , 194.68 
11 , 10 , 2021 , 195.00 , 189.28 , 190.23 , 192.22 
11 , 11 , 2021 , 197.93 , 190.77 , 195.20 , 191.61 
11 , 12 , 2021 , 208.16 , 192.06 , 192.47 , 206.54 
11 , 15 , 2021 , 209.24 , 204.16 , 206.20 , 207.21 
11 , 16 , 2021 , 209.93 , 203.47 , 205.59 , 207.04 
11 , 17 , 2021 , 212.58 , 198.40 , 207.00 , 199.11 
11 , 18 , 2021 , 205.00 , 196.00 , 199.34 , 204.33 
11 , 19 , 2021 , 199.36 , 190.50 , 196.60 , 196.42 
11 , 22 , 2021 , 190.76 , 176.72 , 190.44 , 181.73 
11 , 23 , 2021 , 183.73 , 175.25 , 181.14 , 178.27 
11 , 24 , 2021 , 182.78 , 175.00 , 175.63 , 179.89 
11 , 26 , 2021 , 174.64 , 167.04 , 167.76 , 173.86 
11 , 29 , 2021 , 180.70 , 175.90 , 176.88 , 180.08 
11 , 30 , 2021 , 180.64 , 170.92 , 176.41 , 172.54 
12 , 1 , 2021 , 180.13 , 162.03 , 174.01 , 163.08 
12 , 2 , 2021 , 170.30 , 160.49 , 161.36 , 169.60 
12 , 3 , 2021 , 170.73 , 162.14 , 168.98 , 166.75 
12 , 6 , 2021 , 181.93 , 162.85 , 167.28 , 180.85 
12 , 7 , 2021 , 187.50 , 182.02 , 185.61 , 183.14 
12 , 8 , 2021 , 187.50 , 182.14 , 186.00 , 186.49 
12 , 9 , 2021 , 185.30 , 179.28 , 182.09 , 181.46 
12 , 10 , 2021 , 181.10 , 175.85 , 178.15 , 180.42 
12 , 13 , 2021 , 180.00 , 168.89 , 178.25 , 171.04 
12 , 14 , 2021 , 169.91 , 164.50 , 168.30 , 167.96 
12 , 15 , 2021 , 168.96 , 160.18 , 167.64 , 168.14 
12 , 16 , 2021 , 167.73 , 153.60 , 166.25 , 156.38 
12 , 17 , 2021 , 158.31 , 149.44 , 154.62 , 157.91 
12 , 20 , 2021 , 158.48 , 151.00 , 151.16 , 157.23 
12 , 21 , 2021 , 167.28 , 158.37 , 159.50 , 165.66 
12 , 22 , 2021 , 170.68 , 162.80 , 165.68 , 169.29 
12 , 23 , 2021 , 171.99 , 166.89 , 170.50 , 171.31 
12 , 27 , 2021 , 172.43 , 168.78 , 169.81 , 171.68 
12 , 28 , 2021 , 172.73 , 167.73 , 171.32 , 169.71 
12 , 29 , 2021 , 170.48 , 165.02 , 169.52 , 167.44 
12 , 30 , 2021 , 170.85 , 165.71 , 167.06 , 168.78 
12 , 31 , 2021 , 170.87 , 166.08 , 168.78 , 166.49 
1 , 3 , 2022 , 172.84 , 165.22 , 165.30 , 172.68 
1 , 4 , 2022 , 175.90 , 167.20 , 174.15 , 170.80 
1 , 5 , 2022 , 175.11 , 162.24 , 169.88 , 162.25 
1 , 6 , 2022 , 163.73 , 156.34 , 160.29 , 159.75 
1 , 7 , 2022 , 166.88 , 158.46 , 159.18 , 166.05 
1 , 10 , 2022 , 161.70 , 152.10 , 159.76 , 160.71 
1 , 11 , 2022 , 169.39 , 159.08 , 160.71 , 168.61 
1 , 12 , 2022 , 171.04 , 165.11 , 170.24 , 169.54 
1 , 13 , 2022 , 171.99 , 165.77 , 170.23 , 166.00 
1 , 14 , 2022 , 167.63 , 160.24 , 165.75 , 163.99 
1 , 18 , 2022 , 160.79 , 153.87 , 156.91 , 154.69 
1 , 19 , 2022 , 160.23 , 154.44 , 157.00 , 154.58 
1 , 20 , 2022 , 165.20 , 157.35 , 157.81 , 158.00 
1 , 21 , 2022 , 160.20 , 152.41 , 156.82 , 156.73 
1 , 24 , 2022 , 151.16 , 135.76 , 150.24 , 147.90 
1 , 25 , 2022 , 147.38 , 140.13 , 143.90 , 144.56 
1 , 26 , 2022 , 152.40 , 140.04 , 149.29 , 142.14 
1 , 27 , 2022 , 145.55 , 137.92 , 143.48 , 138.41 
1 , 28 , 2022 , 143.11 , 134.37 , 138.55 , 142.77 
1 , 31 , 2022 , 153.97 , 143.81 , 144.80 , 153.97 
2 , 1 , 2022 , 157.39 , 152.50 , 155.35 , 156.94 
2 , 2 , 2022 , 156.51 , 150.71 , 156.31 , 151.76 
2 , 3 , 2022 , 152.18 , 146.68 , 147.61 , 149.57 
2 , 4 , 2022 , 157.24 , 150.00 , 150.14 , 155.56 
2 , 7 , 2022 , 160.88 , 155.95 , 156.79 , 157.91 
2 , 8 , 2022 , 163.08 , 153.44 , 154.00 , 162.26 
2 , 9 , 2022 , 170.07 , 165.08 , 165.37 , 169.53 
2 , 10 , 2022 , 177.06 , 165.25 , 165.25 , 171.95 
2 , 11 , 2022 , 176.74 , 164.83 , 175.31 , 166.53 
2 , 14 , 2022 , 171.80 , 165.03 , 166.00 , 169.66 
2 , 15 , 2022 , 180.63 , 172.75 , 172.92 , 180.07 
2 , 16 , 2022 , 191.73 , 178.00 , 178.30 , 186.64 
2 , 17 , 2022 , 188.98 , 181.54 , 184.90 , 183.60 
2 , 18 , 2022 , 182.66 , 173.62 , 180.26 , 174.90 
2 , 22 , 2022 , 176.38 , 161.32 , 172.13 , 165.24 
2 , 23 , 2022 , 166.66 , 149.85 , 165.93 , 150.04 
2 , 24 , 2022 , 158.96 , 141.18 , 141.30 , 158.26 
2 , 25 , 2022 , 159.45 , 152.91 , 159.26 , 155.09 
2 , 28 , 2022 , 155.10 , 148.30 , 155.03 , 151.49 
3 , 1 , 2022 , 154.22 , 149.95 , 150.53 , 151.01 
3 , 2 , 2022 , 158.08 , 151.89 , 152.48 , 157.53 
3 , 3 , 2022 , 159.22 , 150.99 , 158.33 , 151.69 
3 , 4 , 2022 , 151.89 , 140.46 , 150.77 , 142.70 
3 , 7 , 2022 , 145.27 , 131.52 , 145.00 , 131.59 
3 , 8 , 2022 , 144.47 , 131.50 , 131.63 , 142.13 
3 , 9 , 2022 , 150.99 , 145.33 , 145.43 , 148.31 
3 , 10 , 2022 , 152.89 , 144.41 , 145.22 , 151.80 
3 , 11 , 2022 , 155.00 , 145.00 , 154.13 , 145.14 
3 , 14 , 2022 , 144.67 , 136.04 , 143.41 , 138.50 
3 , 15 , 2022 , 144.73 , 138.32 , 140.00 , 143.95 
3 , 16 , 2022 , 156.98 , 146.31 , 148.15 , 155.75 
3 , 17 , 2022 , 157.60 , 151.05 , 153.52 , 157.55 
3 , 18 , 2022 , 167.18 , 155.70 , 156.07 , 167.00 
3 , 21 , 2022 , 165.95 , 159.00 , 164.57 , 161.80 
3 , 22 , 2022 , 168.18 , 162.00 , 163.61 , 166.44 
3 , 23 , 2022 , 166.89 , 162.88 , 163.64 , 164.16 
3 , 24 , 2022 , 171.00 , 162.67 , 164.81 , 170.83 
3 , 25 , 2022 , 170.61 , 164.13 , 169.94 , 167.22 
3 , 28 , 2022 , 168.72 , 162.43 , 167.22 , 167.65 
3 , 29 , 2022 , 178.88 , 171.81 , 172.11 , 175.52 
3 , 30 , 2022 , 176.82 , 172.02 , 173.13 , 173.63 
3 , 31 , 2022 , 176.15 , 171.16 , 173.54 , 171.76 
4 , 1 , 2022 , 177.94 , 172.23 , 173.06 , 173.07 
4 , 4 , 2022 , 177.02 , 172.59 , 175.02 , 177.02 
4 , 5 , 2022 , 179.09 , 170.12 , 177.19 , 171.21 
4 , 6 , 2022 , 168.77 , 161.58 , 167.05 , 164.66 
4 , 7 , 2022 , 167.86 , 161.71 , 163.19 , 165.91 
4 , 8 , 2022 , 164.90 , 159.35 , 162.52 , 162.56 
4 , 11 , 2022 , 163.57 , 157.41 , 159.84 , 160.25 
4 , 12 , 2022 , 166.11 , 157.28 , 163.70 , 160.11 
4 , 13 , 2022 , 172.96 , 160.65 , 160.84 , 171.85 
4 , 14 , 2022 , 174.64 , 170.30 , 171.66 , 170.70 
4 , 18 , 2022 , 170.12 , 164.35 , 169.27 , 165.74 
4 , 19 , 2022 , 170.82 , 165.71 , 165.74 , 170.12 
4 , 20 , 2022 , 172.61 , 164.31 , 172.61 , 164.55 
4 , 21 , 2022 , 170.93 , 156.68 , 168.98 , 157.91 
4 , 22 , 2022 , 161.67 , 154.78 , 157.84 , 156.09 
4 , 25 , 2022 , 159.79 , 152.10 , 154.33 , 158.39 
4 , 26 , 2022 , 159.20 , 152.80 , 158.40 , 153.04 
4 , 27 , 2022 , 157.30 , 150.44 , 153.82 , 152.23 
4 , 28 , 2022 , 161.26 , 153.66 , 154.01 , 159.74 
4 , 29 , 2022 , 163.24 , 153.00 , 158.88 , 153.21 
5 , 2 , 2022 , 155.13 , 147.21 , 153.00 , 152.78 
5 , 3 , 2022 , 154.49 , 141.58 , 154.09 , 145.00 
5 , 4 , 2022 , 158.74 , 145.87 , 152.55 , 156.18 
5 , 5 , 2022 , 153.88 , 140.86 , 152.19 , 143.09 
5 , 6 , 2022 , 143.11 , 133.04 , 143.10 , 135.84 
5 , 9 , 2022 , 131.89 , 118.83 , 131.76 , 119.37 
5 , 10 , 2022 , 123.46 , 113.53 , 122.95 , 116.13 
5 , 11 , 2022 , 123.77 , 112.37 , 114.99 , 116.15 
5 , 12 , 2022 , 120.49 , 111.22 , 113.66 , 115.94 
5 , 13 , 2022 , 123.29 , 118.82 , 119.96 , 121.45 
5 , 16 , 2022 , 121.07 , 113.25 , 121.00 , 114.44 
5 , 17 , 2022 , 120.18 , 114.51 , 119.97 , 117.50 
5 , 18 , 2022 , 117.04 , 107.62 , 116.11 , 108.03 
5 , 19 , 2022 , 116.35 , 107.45 , 108.18 , 114.17 
5 , 20 , 2022 , 116.25 , 108.50 , 115.46 , 112.55 
5 , 23 , 2022 , 115.15 , 110.93 , 113.55 , 113.28 
5 , 24 , 2022 , 111.42 , 103.74 , 111.28 , 106.24 
5 , 25 , 2022 , 111.94 , 104.97 , 105.89 , 110.40 
5 , 26 , 2022 , 115.55 , 108.11 , 109.74 , 114.30 
5 , 27 , 2022 , 120.70 , 115.77 , 116.00 , 120.50 
5 , 31 , 2022 , 122.30 , 117.16 , 120.50 , 120.87 
6 , 1 , 2022 , 121.07 , 114.40 , 121.05 , 116.72 
6 , 2 , 2022 , 123.00 , 116.27 , 117.13 , 121.26 
6 , 3 , 2022 , 121.50 , 117.56 , 118.07 , 119.83 
6 , 6 , 2022 , 124.18 , 119.92 , 123.33 , 122.02 
6 , 7 , 2022 , 123.91 , 119.12 , 119.76 , 122.90 
6 , 8 , 2022 , 125.51 , 121.23 , 121.43 , 123.77 
6 , 9 , 2022 , 122.98 , 115.42 , 122.31 , 115.72 
6 , 10 , 2022 , 115.13 , 108.32 , 111.80 , 108.91 
6 , 13 , 2022 , 105.33 , 98.36 , 102.85 , 98.93 
6 , 14 , 2022 , 101.35 , 97.20 , 99.54 , 98.87 
6 , 15 , 2022 , 103.65 , 98.92 , 100.02 , 101.47 
6 , 16 , 2022 , 97.50 , 92.09 , 96.19 , 93.26 
6 , 17 , 2022 , 100.61 , 93.53 , 93.53 , 99.49 
6 , 21 , 2022 , 104.89 , 101.62 , 102.69 , 102.27 
6 , 22 , 2022 , 102.50 , 98.72 , 99.00 , 99.53 
6 , 23 , 2022 , 100.80 , 93.02 , 100.00 , 95.72 
6 , 24 , 2022 , 104.18 , 96.33 , 97.52 , 103.51 
6 , 27 , 2022 , 104.17 , 99.33 , 103.96 , 101.50 
6 , 28 , 2022 , 105.45 , 97.09 , 103.34 , 97.53 
6 , 29 , 2022 , 97.00 , 92.05 , 96.83 , 93.93 
6 , 30 , 2022 , 92.91 , 86.71 , 92.49 , 89.08 
7 , 1 , 2022 , 91.46 , 87.43 , 89.09 , 91.41 
7 , 5 , 2022 , 96.01 , 86.75 , 88.88 , 95.94 
7 , 6 , 2022 , 96.17 , 91.80 , 95.29 , 92.88 
7 , 7 , 2022 , 97.55 , 92.16 , 93.66 , 97.50 
7 , 8 , 2022 , 98.12 , 93.24 , 96.23 , 97.35 
7 , 11 , 2022 , 97.09 , 93.27 , 96.00 , 95.10 
7 , 12 , 2022 , 97.69 , 93.32 , 95.30 , 96.55 
7 , 13 , 2022 , 96.59 , 91.61 , 93.75 , 95.64 
7 , 14 , 2022 , 94.58 , 90.17 , 94.28 , 91.05 
7 , 15 , 2022 , 95.65 , 90.66 , 92.55 , 94.66 
7 , 18 , 2022 , 101.88 , 95.98 , 96.78 , 97.67 
7 , 19 , 2022 , 102.71 , 98.76 , 99.70 , 102.20 
7 , 20 , 2022 , 108.92 , 102.75 , 103.11 , 107.73 
7 , 21 , 2022 , 108.50 , 104.41 , 106.98 , 108.14 
7 , 22 , 2022 , 110.10 , 102.93 , 108.31 , 103.97 
7 , 25 , 2022 , 105.26 , 101.48 , 103.78 , 104.95 
7 , 26 , 2022 , 103.63 , 101.10 , 102.38 , 101.91 
7 , 27 , 2022 , 107.99 , 104.06 , 105.79 , 107.36 
7 , 28 , 2022 , 110.06 , 104.68 , 108.17 , 108.84 
7 , 29 , 2022 , 111.16 , 107.11 , 108.20 , 110.98 
8 , 1 , 2022 , 113.96 , 107.48 , 110.00 , 111.20 
8 , 2 , 2022 , 117.78 , 111.10 , 111.67 , 116.34 
8 , 3 , 2022 , 115.57 , 107.65 , 108.23 , 115.02 
8 , 4 , 2022 , 119.24 , 114.26 , 114.31 , 119.22 
8 , 5 , 2022 , 118.87 , 114.82 , 115.52 , 117.11 
8 , 8 , 2022 , 119.64 , 115.43 , 118.16 , 115.82 
8 , 9 , 2022 , 115.67 , 112.80 , 115.00 , 114.44 
8 , 10 , 2022 , 120.34 , 116.30 , 119.33 , 118.73 
8 , 11 , 2022 , 127.09 , 120.96 , 121.30 , 121.50 
8 , 12 , 2022 , 125.00 , 121.12 , 122.80 , 124.51 
8 , 15 , 2022 , 126.43 , 123.20 , 123.55 , 126.04 
8 , 16 , 2022 , 125.42 , 122.62 , 124.99 , 124.18 
8 , 17 , 2022 , 123.27 , 120.64 , 121.63 , 121.87 
8 , 18 , 2022 , 122.20 , 120.28 , 121.50 , 121.27 
8 , 19 , 2022 , 119.22 , 114.10 , 118.18 , 114.76 
8 , 22 , 2022 , 114.23 , 109.97 , 110.36 , 111.39 
8 , 23 , 2022 , 114.02 , 111.41 , 112.41 , 111.60 
8 , 24 , 2022 , 115.57 , 110.84 , 110.93 , 114.51 
8 , 25 , 2022 , 117.95 , 115.42 , 115.89 , 117.03 
8 , 26 , 2022 , 118.27 , 112.78 , 117.06 , 112.82 
8 , 29 , 2022 , 115.80 , 111.53 , 111.77 , 113.54 
8 , 30 , 2022 , 116.02 , 110.44 , 114.50 , 112.56 
8 , 31 , 2022 , 115.58 , 112.40 , 113.49 , 113.12 
9 , 1 , 2022 , 114.08 , 108.17 , 111.10 , 113.40 
9 , 2 , 2022 , 116.46 , 112.33 , 114.32 , 113.64 
9 , 6 , 2022 , 114.52 , 110.50 , 114.09 , 113.70 
9 , 7 , 2022 , 116.44 , 112.71 , 112.85 , 116.07 
9 , 8 , 2022 , 119.35 , 114.00 , 114.00 , 118.58 
9 , 9 , 2022 , 123.71 , 119.90 , 120.02 , 123.48 
9 , 12 , 2022 , 127.24 , 123.79 , 124.25 , 124.79 
9 , 13 , 2022 , 123.86 , 119.05 , 119.70 , 121.54 
9 , 14 , 2022 , 127.00 , 119.51 , 121.63 , 126.80 
9 , 15 , 2022 , 129.38 , 124.28 , 125.29 , 125.04 
9 , 16 , 2022 , 122.26 , 117.59 , 121.11 , 118.75 
9 , 19 , 2022 , 119.78 , 116.47 , 116.87 , 118.78 
9 , 20 , 2022 , 121.66 , 116.62 , 117.93 , 116.71 
9 , 21 , 2022 , 119.33 , 112.36 , 116.37 , 114.01 
9 , 22 , 2022 , 113.72 , 103.26 , 112.67 , 103.72 
9 , 23 , 2022 , 103.18 , 99.71 , 102.20 , 101.75 
9 , 26 , 2022 , 105.36 , 101.56 , 101.78 , 103.23 
9 , 27 , 2022 , 108.17 , 104.14 , 106.04 , 106.37 
9 , 28 , 2022 , 111.13 , 105.78 , 106.70 , 110.69 
9 , 29 , 2022 , 109.48 , 105.17 , 109.19 , 106.66 
9 , 30 , 2022 , 109.08 , 104.73 , 104.76 , 105.04 
10 , 3 , 2022 , 106.35 , 102.18 , 105.49 , 105.00 
10 , 4 , 2022 , 111.61 , 108.68 , 109.14 , 110.81 
10 , 5 , 2022 , 112.34 , 107.84 , 110.52 , 111.76 
10 , 6 , 2022 , 114.41 , 110.20 , 112.00 , 111.58 
10 , 7 , 2022 , 109.53 , 107.10 , 108.87 , 108.54 
10 , 10 , 2022 , 111.62 , 107.41 , 108.55 , 110.99 
10 , 11 , 2022 , 111.00 , 103.60 , 110.99 , 106.82 
10 , 12 , 2022 , 112.98 , 106.11 , 107.47 , 112.35 
10 , 13 , 2022 , 113.13 , 105.30 , 107.30 , 112.65 
10 , 14 , 2022 , 116.45 , 109.01 , 115.00 , 109.16 
10 , 17 , 2022 , 116.76 , 111.03 , 112.33 , 116.50 
10 , 18 , 2022 , 120.71 , 115.70 , 120.03 , 117.94 
10 , 19 , 2022 , 118.84 , 115.30 , 116.24 , 116.87 
10 , 20 , 2022 , 120.56 , 116.00 , 116.35 , 117.00 
10 , 21 , 2022 , 120.34 , 114.64 , 116.76 , 119.95 
10 , 24 , 2022 , 119.07 , 112.82 , 118.33 , 116.39 
10 , 25 , 2022 , 119.38 , 112.63 , 115.37 , 118.45 
10 , 26 , 2022 , 119.91 , 114.97 , 117.00 , 115.31 
10 , 27 , 2022 , 116.37 , 111.93 , 116.05 , 112.06 
10 , 28 , 2022 , 115.25 , 110.39 , 111.19 , 115.21 
10 , 31 , 2022 , 113.80 , 106.67 , 113.47 , 106.91 
11 , 1 , 2022 , 113.10 , 108.00 , 110.97 , 109.05 
11 , 2 , 2022 , 104.98 , 94.25 , 102.52 , 94.41 
11 , 3 , 2022 , 95.31 , 91.27 , 94.08 , 92.02 
11 , 4 , 2022 , 96.16 , 92.01 , 95.00 , 96.09 
11 , 7 , 2022 , 97.25 , 93.28 , 96.76 , 95.46 
11 , 8 , 2022 , 101.92 , 94.27 , 95.53 , 98.90 
11 , 9 , 2022 , 99.09 , 95.15 , 97.75 , 95.79 
11 , 10 , 2022 , 102.50 , 99.04 , 100.91 , 102.40 
11 , 11 , 2022 , 109.77 , 102.16 , 103.45 , 109.57 
11 , 14 , 2022 , 108.69 , 105.04 , 107.74 , 105.16 
11 , 15 , 2022 , 111.24 , 106.60 , 109.27 , 107.01 
11 , 16 , 2022 , 107.70 , 104.38 , 107.70 , 104.43 
11 , 17 , 2022 , 101.98 , 98.85 , 101.83 , 99.30 
11 , 18 , 2022 , 100.84 , 96.60 , 100.84 , 97.77 
11 , 21 , 2022 , 97.85 , 93.92 , 97.01 , 95.71 
11 , 22 , 2022 , 95.37 , 92.98 , 93.53 , 95.28 
11 , 23 , 2022 , 97.05 , 94.34 , 95.56 , 96.63 
11 , 25 , 2022 , 98.83 , 96.76 , 96.97 , 97.67 
11 , 28 , 2022 , 98.32 , 94.81 , 97.00 , 95.30 
11 , 29 , 2022 , 97.26 , 95.30 , 96.10 , 95.38 
11 , 30 , 2022 , 102.25 , 95.72 , 95.86 , 102.14 
12 , 1 , 2022 , 102.76 , 99.55 , 101.49 , 101.27 
12 , 2 , 2022 , 101.74 , 98.97 , 99.25 , 101.00 
12 , 5 , 2022 , 101.17 , 98.04 , 100.00 , 98.51 
12 , 6 , 2022 , 98.50 , 91.90 , 98.25 , 93.12 
12 , 7 , 2022 , 91.67 , 86.88 , 88.81 , 91.50 
12 , 8 , 2022 , 95.61 , 91.75 , 92.97 , 94.83 
12 , 9 , 2022 , 96.67 , 93.24 , 93.84 , 94.70 
12 , 12 , 2022 , 95.96 , 93.49 , 93.76 , 95.58 
12 , 13 , 2022 , 100.65 , 93.12 , 100.37 , 93.34 
12 , 14 , 2022 , 95.26 , 91.21 , 93.54 , 93.93 
12 , 15 , 2022 , 92.71 , 89.52 , 91.52 , 90.61 
12 , 16 , 2022 , 91.29 , 88.56 , 89.86 , 89.57 
12 , 19 , 2022 , 89.76 , 85.40 , 89.51 , 85.93 
12 , 20 , 2022 , 90.86 , 86.52 , 86.71 , 87.62 
12 , 21 , 2022 , 88.79 , 86.59 , 87.49 , 87.07 
12 , 22 , 2022 , 86.09 , 82.58 , 85.54 , 84.87 
12 , 23 , 2022 , 85.51 , 83.50 , 84.70 , 85.25 
12 , 27 , 2022 , 84.93 , 82.83 , 84.78 , 83.49 
12 , 28 , 2022 , 84.25 , 81.91 , 83.25 , 82.49 
12 , 29 , 2022 , 85.56 , 82.29 , 82.97 , 85.23 
12 , 30 , 2022 , 86.06 , 83.60 , 83.61 , 85.50 
1 , 3 , 2023 , 88.14 , 84.30 , 87.39 , 84.90 
1 , 4 , 2023 , 88.84 , 84.79 , 85.89 , 88.72 
1 , 5 , 2023 , 88.50 , 86.75 , 88.48 , 87.71 
1 , 6 , 2023 , 88.74 , 85.71 , 88.52 , 88.52 
1 , 9 , 2023 , 92.05 , 88.88 , 90.26 , 89.24 
1 , 10 , 2023 , 89.62 , 86.75 , 88.86 , 88.54 
1 , 11 , 2023 , 94.83 , 88.86 , 89.00 , 94.44 
1 , 12 , 2023 , 98.95 , 94.02 , 95.31 , 98.49 
1 , 13 , 2023 , 100.70 , 97.42 , 97.50 , 100.37 
1 , 17 , 2023 , 102.74 , 99.10 , 99.92 , 101.27 
1 , 18 , 2023 , 103.80 , 100.32 , 101.41 , 101.11 
1 , 19 , 2023 , 100.52 , 97.57 , 99.84 , 99.10 
1 , 20 , 2023 , 101.37 , 98.11 , 99.01 , 101.28 
1 , 23 , 2023 , 105.38 , 101.35 , 101.99 , 105.22 
1 , 24 , 2023 , 106.39 , 103.82 , 104.70 , 104.13 
1 , 25 , 2023 , 104.68 , 99.84 , 100.36 , 104.44 
1 , 26 , 2023 , 109.49 , 105.68 , 106.30 , 109.42 
1 , 27 , 2023 , 117.12 , 108.73 , 108.86 , 115.94 
1 , 30 , 2023 , 115.08 , 109.28 , 114.13 , 109.48 
1 , 31 , 2023 , 111.23 , 108.82 , 109.48 , 111.11 
2 , 1 , 2023 , 114.89 , 109.83 , 111.11 , 113.99 
2 , 2 , 2023 , 119.85 , 116.24 , 116.25 , 118.52 
2 , 3 , 2023 , 121.40 , 115.85 , 116.04 , 118.70 
2 , 6 , 2023 , 119.33 , 116.81 , 117.41 , 118.35 
2 , 7 , 2023 , 120.21 , 115.14 , 117.91 , 119.69 
2 , 8 , 2023 , 119.81 , 115.57 , 119.39 , 116.36 
2 , 9 , 2023 , 119.28 , 114.52 , 118.00 , 114.94 
2 , 10 , 2023 , 113.36 , 106.54 , 112.25 , 108.87 
2 , 13 , 2023 , 116.90 , 109.81 , 110.00 , 116.42 
2 , 14 , 2023 , 121.32 , 115.20 , 116.29 , 120.87 
2 , 15 , 2023 , 138.75 , 129.85 , 130.00 , 137.01 
2 , 16 , 2023 , 144.63 , 134.73 , 135.65 , 139.42 
2 , 17 , 2023 , 138.40 , 130.73 , 137.44 , 131.60 
2 , 21 , 2023 , 132.85 , 128.15 , 129.77 , 128.78 
2 , 22 , 2023 , 128.88 , 124.55 , 128.14 , 127.21 
2 , 23 , 2023 , 128.85 , 121.92 , 128.21 , 125.52 
2 , 24 , 2023 , 124.85 , 120.19 , 123.04 , 122.78 
2 , 27 , 2023 , 125.06 , 122.73 , 123.95 , 123.53 
2 , 28 , 2023 , 126.38 , 123.03 , 125.11 , 123.28 
3 , 1 , 2023 , 123.30 , 120.39 , 122.38 , 120.83 
3 , 2 , 2023 , 123.26 , 119.36 , 119.67 , 122.38 
3 , 3 , 2023 , 125.87 , 122.70 , 123.18 , 125.73 
3 , 6 , 2023 , 129.44 , 125.28 , 126.36 , 126.33 
3 , 7 , 2023 , 130.85 , 125.50 , 125.74 , 126.94 
3 , 8 , 2023 , 127.66 , 124.74 , 126.90 , 125.00 
3 , 9 , 2023 , 125.20 , 119.71 , 125.06 , 119.84 
3 , 10 , 2023 , 121.44 , 115.85 , 119.74 , 118.30 
3 , 13 , 2023 , 117.90 , 113.66 , 115.72 , 115.96 
3 , 14 , 2023 , 119.10 , 114.91 , 118.94 , 116.36 
3 , 15 , 2023 , 114.32 , 111.51 , 113.86 , 113.58 
3 , 16 , 2023 , 120.06 , 113.51 , 113.95 , 119.99 
3 , 17 , 2023 , 119.96 , 116.55 , 119.72 , 118.15 
3 , 20 , 2023 , 119.02 , 116.63 , 118.06 , 118.40 
3 , 21 , 2023 , 124.43 , 119.85 , 120.00 , 123.69 
3 , 22 , 2023 , 125.43 , 121.00 , 123.89 , 121.17 
3 , 23 , 2023 , 124.66 , 118.33 , 122.51 , 120.30 
3 , 24 , 2023 , 119.70 , 115.39 , 119.50 , 116.92 
3 , 27 , 2023 , 119.27 , 116.74 , 117.99 , 117.91 
3 , 28 , 2023 , 118.31 , 116.02 , 117.97 , 116.61 
3 , 29 , 2023 , 119.19 , 117.15 , 118.34 , 118.80 
3 , 30 , 2023 , 122.65 , 120.11 , 120.80 , 122.28 
3 , 31 , 2023 , 125.94 , 122.80 , 123.30 , 124.40 
4 , 3 , 2023 , 123.09 , 119.71 , 123.00 , 121.46 
4 , 4 , 2023 , 122.06 , 118.21 , 121.68 , 118.46 
4 , 5 , 2023 , 117.87 , 111.49 , 117.87 , 115.34 
4 , 6 , 2023 , 113.42 , 107.66 , 113.34 , 109.69 
4 , 10 , 2023 , 112.63 , 108.40 , 108.69 , 112.60 
4 , 11 , 2023 , 114.80 , 112.59 , 113.56 , 114.25 
4 , 12 , 2023 , 115.84 , 111.40 , 114.80 , 112.42 
4 , 13 , 2023 , 114.40 , 112.81 , 113.18 , 113.95 
4 , 14 , 2023 , 115.12 , 113.02 , 113.89 , 114.65 
4 , 17 , 2023 , 116.18 , 114.59 , 115.42 , 116.17 
4 , 18 , 2023 , 121.32 , 118.10 , 119.83 , 119.19 
4 , 19 , 2023 , 120.37 , 117.64 , 118.15 , 120.10 
4 , 20 , 2023 , 119.70 , 117.82 , 118.37 , 118.40 
4 , 21 , 2023 , 115.75 , 112.02 , 114.96 , 115.50 
4 , 24 , 2023 , 116.40 , 114.51 , 115.53 , 116.12 
4 , 25 , 2023 , 115.43 , 112.47 , 115.31 , 112.51 
4 , 26 , 2023 , 114.60 , 113.20 , 113.50 , 113.68 
4 , 27 , 2023 , 115.85 , 112.29 , 114.44 , 115.25 
4 , 28 , 2023 , 120.47 , 113.00 , 114.60 , 119.67 
5 , 1 , 2023 , 122.65 , 118.98 , 119.26 , 121.42 
5 , 2 , 2023 , 121.70 , 117.94 , 120.24 , 120.58 
5 , 3 , 2023 , 121.19 , 117.97 , 120.85 , 118.86 
5 , 4 , 2023 , 119.17 , 116.18 , 118.94 , 117.63 
5 , 5 , 2023 , 120.30 , 116.93 , 120.01 , 119.90 
5 , 8 , 2023 , 127.56 , 122.98 , 123.16 , 125.65 
5 , 9 , 2023 , 128.96 , 125.01 , 126.60 , 127.07 
5 , 10 , 2023 , 115.51 , 109.37 , 109.85 , 113.19 
5 , 11 , 2023 , 114.46 , 111.04 , 113.14 , 111.20 
5 , 12 , 2023 , 111.56 , 104.21 , 111.36 , 105.28 
5 , 15 , 2023 , 106.15 , 103.55 , 105.06 , 105.78 
5 , 16 , 2023 , 107.58 , 104.30 , 105.72 , 105.41 
5 , 17 , 2023 , 109.93 , 104.94 , 106.07 , 108.33 
5 , 18 , 2023 , 112.34 , 108.34 , 108.34 , 111.87 
5 , 19 , 2023 , 110.82 , 106.65 , 110.82 , 107.38 
5 , 22 , 2023 , 110.73 , 106.20 , 106.26 , 109.93 
5 , 23 , 2023 , 109.71 , 105.67 , 109.00 , 106.25 
5 , 24 , 2023 , 106.59 , 103.82 , 105.46 , 105.71 
5 , 25 , 2023 , 106.52 , 103.74 , 106.10 , 104.42 
5 , 26 , 2023 , 107.62 , 104.99 , 105.18 , 106.81 
5 , 30 , 2023 , 108.79 , 106.02 , 107.73 , 107.19 
5 , 31 , 2023 , 110.10 , 103.74 , 105.60 , 109.77 
6 , 1 , 2023 , 113.54 , 109.11 , 109.84 , 112.16 
6 , 2 , 2023 , 118.45 , 112.93 , 112.93 , 118.06 
6 , 5 , 2023 , 116.60 , 112.32 , 115.12 , 115.69 
6 , 6 , 2023 , 119.09 , 115.41 , 115.92 , 117.30 
6 , 7 , 2023 , 120.16 , 115.92 , 118.14 , 116.55 
6 , 8 , 2023 , 116.33 , 113.58 , 114.97 , 115.50 
6 , 9 , 2023 , 122.74 , 117.45 , 120.25 , 117.86 
6 , 12 , 2023 , 125.00 , 118.88 , 119.37 , 124.59 
6 , 13 , 2023 , 125.74 , 123.22 , 124.61 , 124.90 
6 , 14 , 2023 , 126.39 , 122.77 , 125.39 , 125.14 
6 , 15 , 2023 , 128.38 , 122.75 , 122.96 , 127.85 
6 , 16 , 2023 , 129.20 , 126.79 , 128.68 , 128.68 
6 , 20 , 2023 , 127.63 , 124.40 , 126.37 , 126.45 
6 , 21 , 2023 , 129.26 , 125.09 , 125.09 , 127.46 
6 , 22 , 2023 , 128.62 , 125.35 , 126.58 , 127.96 
6 , 23 , 2023 , 126.80 , 124.00 , 125.99 , 124.73 
6 , 26 , 2023 , 126.70 , 122.80 , 122.90 , 123.13 
6 , 27 , 2023 , 128.17 , 123.32 , 124.41 , 127.89 
6 , 28 , 2023 , 131.88 , 126.17 , 127.39 , 127.63 
6 , 29 , 2023 , 128.00 , 123.42 , 127.64 , 125.10 
6 , 30 , 2023 , 131.14 , 127.02 , 127.25 , 128.16 
7 , 3 , 2023 , 134.27 , 129.23 , 129.28 , 132.35 
7 , 5 , 2023 , 132.95 , 130.54 , 131.85 , 131.69 
7 , 6 , 2023 , 129.32 , 126.06 , 129.17 , 128.16 
7 , 7 , 2023 , 131.62 , 128.06 , 128.16 , 130.32 
7 , 10 , 2023 , 133.34 , 129.61 , 130.18 , 131.71 
7 , 11 , 2023 , 138.09 , 128.77 , 129.45 , 137.54 
7 , 12 , 2023 , 140.32 , 135.52 , 139.35 , 137.02 
7 , 13 , 2023 , 140.60 , 137.30 , 138.96 , 140.09 
7 , 14 , 2023 , 143.57 , 139.69 , 140.25 , 143.34 
7 , 17 , 2023 , 147.40 , 142.29 , 142.29 , 145.36 
7 , 18 , 2023 , 147.54 , 143.75 , 144.00 , 146.53 
7 , 19 , 2023 , 147.67 , 144.19 , 145.75 , 145.54 
7 , 20 , 2023 , 146.27 , 143.50 , 143.59 , 145.28 
7 , 21 , 2023 , 149.99 , 146.91 , 147.00 , 148.77 
7 , 24 , 2023 , 148.29 , 144.18 , 147.06 , 147.62 
7 , 25 , 2023 , 150.78 , 147.46 , 147.61 , 148.65 
7 , 26 , 2023 , 150.27 , 147.09 , 147.83 , 150.17 
7 , 27 , 2023 , 153.18 , 147.56 , 151.64 , 148.50 
7 , 28 , 2023 , 154.49 , 150.21 , 150.23 , 153.33 
7 , 31 , 2023 , 154.95 , 151.55 , 153.86 , 152.19 
8 , 1 , 2023 , 150.42 , 148.03 , 149.62 , 148.91 
8 , 2 , 2023 , 147.12 , 143.19 , 146.45 , 144.56 
8 , 3 , 2023 , 143.10 , 139.75 , 140.94 , 140.88 
8 , 4 , 2023 , 145.32 , 137.62 , 140.47 , 140.17 
8 , 7 , 2023 , 144.00 , 138.79 , 142.00 , 143.20 
8 , 8 , 2023 , 140.52 , 137.03 , 140.52 , 139.55 
8 , 9 , 2023 , 140.55 , 137.33 , 140.14 , 137.87 
8 , 10 , 2023 , 140.97 , 135.65 , 139.87 , 135.97 
8 , 11 , 2023 , 134.26 , 131.70 , 134.15 , 133.68 
8 , 14 , 2023 , 133.79 , 131.74 , 133.56 , 133.24 
8 , 15 , 2023 , 132.81 , 129.73 , 132.50 , 129.85 
8 , 16 , 2023 , 130.15 , 128.40 , 129.00 , 128.83 
8 , 17 , 2023 , 129.60 , 127.37 , 129.22 , 127.99 
8 , 18 , 2023 , 126.08 , 123.38 , 124.93 , 125.06 
8 , 21 , 2023 , 126.54 , 123.49 , 126.16 , 124.00 
8 , 22 , 2023 , 127.24 , 124.00 , 124.25 , 127.08 
8 , 23 , 2023 , 129.19 , 126.40 , 126.90 , 128.13 
8 , 24 , 2023 , 128.84 , 124.64 , 128.23 , 124.72 
8 , 25 , 2023 , 126.60 , 124.19 , 125.04 , 125.79 
8 , 28 , 2023 , 127.00 , 124.95 , 127.00 , 126.16 
8 , 29 , 2023 , 132.88 , 126.00 , 126.55 , 132.25 
8 , 30 , 2023 , 132.45 , 129.31 , 130.47 , 130.61 
8 , 31 , 2023 , 132.44 , 129.81 , 130.60 , 131.55 
9 , 1 , 2023 , 134.50 , 131.33 , 133.70 , 132.69 
9 , 5 , 2023 , 144.26 , 139.80 , 141.15 , 142.29 
9 , 6 , 2023 , 143.22 , 140.27 , 140.78 , 141.77 
9 , 7 , 2023 , 144.25 , 139.01 , 139.25 , 143.27 
9 , 8 , 2023 , 146.85 , 143.18 , 143.94 , 145.82 
9 , 11 , 2023 , 148.25 , 144.86 , 146.22 , 147.33 
9 , 12 , 2023 , 151.16 , 146.82 , 146.88 , 147.50 
9 , 13 , 2023 , 147.00 , 143.61 , 146.00 , 144.72 
9 , 14 , 2023 , 145.72 , 141.69 , 144.61 , 144.12 
9 , 15 , 2023 , 144.95 , 142.10 , 143.59 , 142.75 
9 , 18 , 2023 , 144.40 , 141.19 , 141.93 , 142.55 
9 , 19 , 2023 , 142.57 , 139.77 , 141.86 , 141.85 
9 , 20 , 2023 , 143.27 , 137.95 , 142.76 , 138.01 
9 , 21 , 2023 , 135.98 , 132.39 , 135.56 , 132.75 
9 , 22 , 2023 , 134.18 , 131.12 , 133.71 , 132.20 
9 , 25 , 2023 , 134.25 , 130.80 , 130.80 , 134.14 
9 , 26 , 2023 , 133.94 , 131.17 , 132.78 , 132.28 
9 , 27 , 2023 , 134.90 , 131.22 , 133.80 , 134.03 
9 , 28 , 2023 , 138.23 , 132.88 , 133.65 , 136.47 
9 , 29 , 2023 , 141.08 , 136.36 , 138.05 , 137.21 
10 , 2 , 2023 , 138.00 , 135.36 , 136.55 , 136.56 
10 , 3 , 2023 , 133.41 , 126.49 , 132.17 , 127.73 
10 , 4 , 2023 , 130.22 , 127.30 , 128.75 , 127.41 
10 , 5 , 2023 , 126.62 , 121.67 , 126.54 , 124.99 
10 , 6 , 2023 , 127.40 , 122.02 , 123.37 , 126.36 
10 , 9 , 2023 , 127.92 , 121.81 , 124.00 , 127.77 
10 , 10 , 2023 , 132.78 , 126.95 , 127.69 , 131.59 
10 , 11 , 2023 , 132.69 , 128.52 , 132.12 , 130.00 
10 , 12 , 2023 , 130.41 , 124.82 , 130.29 , 125.97 
10 , 13 , 2023 , 129.84 , 123.55 , 127.61 , 124.08 
10 , 16 , 2023 , 126.76 , 124.19 , 125.19 , 125.19 
10 , 17 , 2023 , 126.78 , 122.66 , 123.76 , 125.71 
10 , 18 , 2023 , 124.35 , 121.72 , 123.02 , 122.17 
10 , 19 , 2023 , 123.48 , 119.33 , 122.39 , 119.97 
10 , 20 , 2023 , 119.92 , 116.08 , 119.49 , 116.49 
10 , 23 , 2023 , 122.53 , 115.55 , 116.48 , 120.39 
10 , 24 , 2023 , 123.17 , 120.57 , 121.18 , 122.01 
10 , 25 , 2023 , 120.75 , 118.32 , 120.75 , 118.50 
10 , 26 , 2023 , 119.55 , 114.40 , 118.14 , 115.47 
10 , 27 , 2023 , 116.75 , 113.24 , 116.21 , 114.09 
10 , 30 , 2023 , 118.59 , 115.35 , 117.15 , 116.95 
10 , 31 , 2023 , 118.69 , 114.91 , 117.13 , 118.29 
11 , 1 , 2023 , 119.89 , 116.66 , 118.25 , 119.47 
11 , 2 , 2023 , 122.74 , 114.10 , 122.51 , 115.50 
11 , 3 , 2023 , 123.45 , 117.38 , 117.98 , 122.64 
11 , 6 , 2023 , 123.93 , 116.85 , 123.22 , 118.17 
11 , 7 , 2023 , 122.18 , 118.10 , 118.25 , 121.08 
11 , 8 , 2023 , 121.20 , 116.18 , 119.43 , 117.66 
11 , 9 , 2023 , 119.53 , 115.20 , 118.35 , 115.52 
11 , 10 , 2023 , 118.54 , 114.17 , 114.53 , 118.15 
11 , 13 , 2023 , 119.86 , 117.40 , 117.51 , 119.15 
11 , 14 , 2023 , 127.12 , 121.51 , 122.36 , 126.68 
11 , 15 , 2023 , 131.62 , 127.06 , 128.00 , 128.35 
11 , 16 , 2023 , 128.40 , 125.31 , 127.12 , 126.28 
11 , 17 , 2023 , 127.97 , 125.45 , 126.65 , 127.15 
11 , 20 , 2023 , 130.95 , 127.01 , 127.40 , 129.70 
11 , 21 , 2023 , 128.05 , 124.93 , 128.00 , 126.82 
11 , 22 , 2023 , 130.58 , 127.71 , 127.75 , 129.04 
11 , 24 , 2023 , 129.59 , 127.78 , 129.05 , 128.37 
11 , 27 , 2023 , 129.56 , 125.85 , 127.50 , 129.00 
11 , 28 , 2023 , 129.54 , 125.85 , 128.79 , 127.56 
11 , 29 , 2023 , 129.58 , 126.06 , 127.00 , 126.48 
11 , 30 , 2023 , 128.13 , 125.09 , 127.00 , 126.34 
12 , 1 , 2023 , 135.42 , 125.40 , 125.50 , 135.02 
12 , 4 , 2023 , 136.75 , 132.72 , 134.00 , 133.70 
12 , 5 , 2023 , 135.71 , 132.66 , 132.68 , 133.71 
12 , 6 , 2023 , 138.48 , 135.14 , 135.59 , 135.31 
12 , 7 , 2023 , 141.16 , 135.43 , 135.51 , 139.84 
12 , 8 , 2023 , 141.54 , 137.80 , 138.19 , 140.68 
12 , 11 , 2023 , 144.50 , 140.85 , 141.36 , 142.91 
12 , 12 , 2023 , 141.06 , 137.58 , 137.90 , 140.55 
12 , 13 , 2023 , 144.94 , 140.34 , 142.95 , 144.51 
12 , 14 , 2023 , 149.92 , 144.98 , 145.10 , 147.26 
12 , 15 , 2023 , 148.73 , 145.86 , 147.50 , 146.60 
12 , 18 , 2023 , 148.46 , 146.12 , 147.16 , 147.50 
12 , 19 , 2023 , 148.61 , 146.68 , 147.50 , 146.91 
12 , 20 , 2023 , 146.50 , 140.65 , 146.50 , 141.07 
12 , 21 , 2023 , 143.49 , 140.31 , 142.37 , 142.09 
12 , 22 , 2023 , 142.51 , 139.73 , 141.88 , 140.80 
12 , 26 , 2023 , 141.00 , 137.77 , 141.00 , 138.72 
12 , 27 , 2023 , 139.14 , 136.05 , 139.14 , 136.55 
12 , 28 , 2023 , 137.19 , 135.70 , 136.55 , 137.00 
12 , 29 , 2023 , 137.87 , 135.43 , 136.71 , 136.14 
1 , 2 , 2024 , 135.60 , 133.34 , 134.43 , 134.48 
1 , 3 , 2024 , 134.54 , 130.82 , 132.71 , 133.42 
1 , 4 , 2024 , 137.03 , 132.50 , 132.86 , 133.72 
1 , 5 , 2024 , 136.65 , 133.90 , 134.25 , 135.98 
1 , 8 , 2024 , 140.25 , 136.61 , 137.31 , 140.08 
1 , 9 , 2024 , 139.54 , 137.79 , 138.52 , 139.53 
1 , 10 , 2024 , 140.83 , 138.70 , 139.20 , 139.76 
1 , 11 , 2024 , 141.20 , 137.55 , 140.71 , 139.45 
1 , 12 , 2024 , 140.99 , 137.13 , 139.35 , 137.14 
1 , 16 , 2024 , 136.00 , 133.67 , 135.90 , 135.02 
1 , 17 , 2024 , 135.09 , 131.10 , 132.84 , 134.98 
1 , 18 , 2024 , 139.54 , 135.23 , 137.00 , 137.04 
1 , 19 , 2024 , 140.29 , 136.32 , 138.60 , 139.93 
1 , 22 , 2024 , 144.05 , 140.90 , 141.16 , 142.01 
1 , 23 , 2024 , 143.93 , 140.52 , 142.75 , 142.30 
1 , 24 , 2024 , 144.10 , 139.58 , 143.81 , 141.19 
1 , 25 , 2024 , 143.29 , 140.37 , 143.20 , 142.11 
1 , 26 , 2024 , 151.53 , 141.49 , 142.11 , 149.62 
1 , 29 , 2024 , 153.38 , 148.54 , 150.00 , 152.70 
1 , 30 , 2024 , 151.03 , 148.68 , 150.54 , 149.44 
1 , 31 , 2024 , 148.74 , 143.92 , 148.65 , 144.14 
2 , 1 , 2024 , 146.85 , 143.65 , 144.80 , 146.49 
2 , 2 , 2024 , 148.08 , 141.24 , 143.99 , 146.55 
2 , 5 , 2024 , 146.40 , 142.68 , 146.09 , 144.78 
2 , 6 , 2024 , 145.13 , 142.95 , 145.10 , 144.53 
2 , 7 , 2024 , 148.77 , 143.86 , 145.12 , 147.55 
2 , 8 , 2024 , 150.67 , 148.06 , 149.25 , 150.54 
2 , 9 , 2024 , 148.68 , 145.18 , 145.84 , 147.60 
2 , 12 , 2024 , 157.35 , 148.34 , 148.68 , 153.80 
2 , 13 , 2024 , 153.02 , 148.58 , 149.21 , 150.82 
2 , 14 , 2024 , 149.53 , 142.57 , 146.16 , 148.20 
2 , 15 , 2024 , 158.27 , 148.75 , 148.91 , 157.69 
2 , 16 , 2024 , 156.10 , 151.78 , 156.10 , 152.51 
2 , 20 , 2024 , 150.68 , 145.88 , 150.31 , 148.15 
2 , 21 , 2024 , 149.26 , 145.40 , 145.98 , 149.24 
2 , 22 , 2024 , 155.70 , 150.27 , 151.02 , 155.26 
2 , 23 , 2024 , 155.30 , 150.83 , 153.27 , 152.66 
2 , 26 , 2024 , 150.18 , 148.56 , 149.96 , 149.27 
2 , 27 , 2024 , 152.47 , 149.23 , 150.00 , 152.06 
2 , 28 , 2024 , 154.90 , 151.79 , 151.89 , 153.43 
2 , 29 , 2024 , 160.00 , 153.22 , 153.40 , 157.47 
3 , 1 , 2024 , 160.98 , 156.81 , 157.23 , 159.72 
3 , 4 , 2024 , 163.02 , 157.93 , 159.90 , 158.09 
3 , 5 , 2024 , 159.98 , 156.14 , 157.20 , 159.33 
3 , 6 , 2024 , 164.59 , 160.07 , 160.10 , 163.87 
3 , 7 , 2024 , 165.39 , 162.24 , 165.00 , 163.54 
3 , 8 , 2024 , 168.19 , 163.48 , 166.00 , 164.91 
3 , 11 , 2024 , 164.26 , 161.98 , 163.76 , 162.99 
3 , 12 , 2024 , 167.00 , 162.73 , 163.00 , 166.67 
3 , 13 , 2024 , 168.00 , 160.69 , 162.42 , 164.76 
3 , 14 , 2024 , 166.72 , 162.72 , 165.74 , 166.44 
3 , 15 , 2024 , 166.52 , 160.16 , 166.39 , 160.64 
3 , 18 , 2024 , 162.87 , 160.60 , 161.95 , 161.86 
3 , 19 , 2024 , 164.10 , 161.06 , 161.49 , 161.79 
3 , 20 , 2024 , 165.75 , 162.27 , 162.39 , 164.71 
3 , 21 , 2024 , 170.10 , 165.00 , 165.81 , 168.18 
3 , 22 , 2024 , 168.80 , 166.64 , 167.00 , 167.86 
3 , 25 , 2024 , 169.08 , 166.28 , 167.86 , 167.99 
3 , 26 , 2024 , 170.00 , 167.32 , 169.69 , 167.39 
3 , 27 , 2024 , 169.11 , 165.50 , 169.11 , 166.41 
3 , 28 , 2024 , 167.38 , 164.59 , 166.57 , 164.96 
4 , 1 , 2024 , 166.72 , 162.75 , 166.43 , 163.37 
4 , 2 , 2024 , 160.98 , 158.68 , 160.95 , 160.11 
4 , 3 , 2024 , 161.33 , 158.58 , 158.75 , 159.34 
4 , 4 , 2024 , 163.65 , 158.52 , 161.22 , 158.84 
4 , 5 , 2024 , 162.71 , 158.90 , 159.57 , 161.77 
4 , 8 , 2024 , 161.18 , 159.29 , 160.36 , 160.27 
4 , 9 , 2024 , 163.21 , 159.91 , 161.55 , 162.66 
4 , 10 , 2024 , 160.96 , 158.63 , 159.63 , 160.28 
4 , 11 , 2024 , 166.22 , 158.90 , 159.00 , 165.42 
4 , 12 , 2024 , 162.71 , 158.78 , 162.42 , 159.37 
4 , 15 , 2024 , 162.90 , 154.41 , 161.81 , 155.60 
4 , 16 , 2024 , 158.94 , 155.30 , 155.83 , 156.66 
4 , 17 , 2024 , 159.70 , 156.41 , 158.45 , 158.37 
4 , 18 , 2024 , 162.94 , 159.21 , 159.60 , 160.10 
4 , 19 , 2024 , 160.34 , 154.56 , 159.54 , 155.01 
4 , 22 , 2024 , 157.25 , 153.77 , 156.19 , 156.61 
4 , 23 , 2024 , 161.14 , 156.70 , 157.24 , 160.95 
4 , 24 , 2024 , 166.74 , 161.09 , 164.48 , 162.84 
4 , 25 , 2024 , 163.73 , 159.50 , 161.51 , 163.01 
4 , 26 , 2024 , 165.16 , 162.77 , 163.39 , 164.23 
4 , 29 , 2024 , 165.50 , 161.28 , 164.75 , 162.25 
4 , 30 , 2024 , 162.09 , 158.52 , 160.56 , 158.57 
5 , 1 , 2024 , 160.95 , 156.00 , 157.58 , 156.16 
5 , 2 , 2024 , 158.40 , 153.20 , 157.21 , 158.33 
5 , 3 , 2024 , 165.50 , 159.15 , 161.81 , 159.71 
5 , 6 , 2024 , 162.41 , 160.17 , 161.00 , 162.00 
5 , 7 , 2024 , 162.88 , 159.75 , 161.81 , 159.81 
5 , 8 , 2024 , 158.62 , 155.84 , 157.10 , 157.90 
5 , 9 , 2024 , 150.01 , 145.57 , 146.60 , 147.05 
5 , 10 , 2024 , 148.12 , 144.63 , 147.75 , 146.32 
5 , 13 , 2024 , 149.24 , 145.70 , 147.05 , 149.13 
5 , 14 , 2024 , 149.40 , 146.31 , 149.40 , 146.70 
5 , 15 , 2024 , 147.69 , 144.75 , 147.57 , 145.80 
5 , 16 , 2024 , 147.79 , 145.85 , 146.34 , 147.19 
5 , 17 , 2024 , 147.50 , 145.31 , 146.81 , 145.66 
5 , 20 , 2024 , 146.48 , 145.21 , 146.18 , 146.37 
5 , 21 , 2024 , 145.71 , 144.09 , 145.71 , 144.10 
5 , 22 , 2024 , 144.21 , 142.36 , 143.94 , 142.71 
5 , 23 , 2024 , 143.44 , 140.82 , 142.58 , 141.04 
5 , 24 , 2024 , 145.97 , 142.30 , 142.50 , 144.47 
5 , 28 , 2024 , 147.87 , 145.11 , 146.00 , 147.01 
5 , 29 , 2024 , 147.13 , 144.73 , 144.88 , 146.61 
5 , 30 , 2024 , 147.59 , 144.41 , 145.40 , 145.52 
5 , 31 , 2024 , 146.43 , 142.57 , 145.78 , 144.93 
6 , 3 , 2024 , 146.96 , 144.36 , 145.74 , 146.25 
6 , 4 , 2024 , 147.92 , 145.44 , 145.82 , 147.08 
6 , 5 , 2024 , 148.70 , 145.14 , 147.98 , 145.78 
6 , 6 , 2024 , 148.79 , 145.16 , 145.51 , 147.00 
6 , 7 , 2024 , 147.03 , 145.38 , 146.20 , 146.66 
6 , 10 , 2024 , 148.32 , 146.00 , 146.01 , 148.07 
6 , 11 , 2024 , 148.80 , 146.48 , 147.97 , 147.75 
6 , 12 , 2024 , 150.29 , 148.62 , 149.99 , 149.32 
6 , 13 , 2024 , 149.00 , 143.73 , 148.99 , 146.10 
6 , 14 , 2024 , 146.05 , 144.28 , 145.50 , 145.97 
6 , 17 , 2024 , 150.12 , 146.78 , 147.00 , 149.50 
6 , 18 , 2024 , 150.55 , 146.90 , 149.90 , 147.29 
6 , 20 , 2024 , 149.75 , 147.60 , 147.77 , 147.88 
6 , 21 , 2024 , 150.00 , 147.25 , 148.76 , 149.57 
6 , 24 , 2024 , 150.04 , 146.71 , 149.15 , 148.39 
6 , 25 , 2024 , 151.28 , 148.85 , 148.97 , 150.91 
6 , 26 , 2024 , 150.39 , 149.37 , 149.73 , 150.00 
6 , 27 , 2024 , 151.88 , 149.39 , 150.46 , 151.61 
6 , 28 , 2024 , 152.93 , 150.68 , 151.54 , 151.63 
7 , 1 , 2024 , 152.20 , 149.14 , 152.20 , 151.63 
7 , 2 , 2024 , 155.21 , 151.29 , 151.29 , 154.34 
7 , 3 , 2024 , 154.43 , 152.30 , 153.91 , 152.73 
7 , 5 , 2024 , 152.88 , 151.44 , 152.40 , 152.50 
7 , 8 , 2024 , 154.20 , 150.76 , 152.65 , 151.96 
7 , 9 , 2024 , 155.66 , 151.97 , 152.92 , 152.45 
7 , 10 , 2024 , 153.20 , 150.09 , 153.11 , 151.84 
7 , 11 , 2024 , 152.00 , 144.13 , 150.55 , 146.00 
7 , 12 , 2024 , 148.00 , 146.19 , 146.83 , 146.78 
7 , 15 , 2024 , 148.47 , 144.75 , 145.88 , 147.22 
7 , 16 , 2024 , 151.64 , 147.88 , 148.47 , 151.26 
7 , 17 , 2024 , 150.10 , 147.26 , 149.28 , 148.00 
7 , 18 , 2024 , 150.15 , 146.75 , 148.17 , 146.88 
7 , 19 , 2024 , 149.16 , 147.03 , 147.03 , 147.99 
7 , 22 , 2024 , 150.37 , 146.55 , 148.14 , 150.18 
7 , 23 , 2024 , 151.25 , 147.83 , 150.56 , 148.75 
7 , 24 , 2024 , 147.11 , 142.98 , 146.73 , 144.23 
7 , 25 , 2024 , 141.95 , 137.58 , 141.25 , 140.03 
7 , 26 , 2024 , 141.91 , 139.03 , 141.90 , 140.10 
7 , 29 , 2024 , 142.43 , 140.00 , 141.24 , 140.29 
7 , 30 , 2024 , 140.99 , 137.90 , 140.65 , 138.99 
7 , 31 , 2024 , 141.22 , 139.10 , 140.79 , 139.56 
8 , 1 , 2024 , 139.78 , 132.90 , 139.70 , 135.09 
8 , 2 , 2024 , 129.60 , 126.50 , 129.31 , 128.23 
8 , 5 , 2024 , 125.95 , 122.06 , 123.77 , 125.31 
8 , 6 , 2024 , 131.45 , 126.30 , 126.91 , 130.47 
8 , 7 , 2024 , 115.55 , 110.38 , 112.44 , 113.01 
8 , 8 , 2024 , 116.43 , 112.42 , 113.98 , 114.64 
8 , 9 , 2024 , 116.26 , 112.60 , 114.47 , 115.08 
8 , 12 , 2024 , 115.50 , 113.27 , 115.48 , 113.62 
8 , 13 , 2024 , 117.77 , 114.05 , 114.39 , 116.90 
8 , 14 , 2024 , 118.74 , 116.18 , 117.72 , 116.24 
8 , 15 , 2024 , 119.13 , 116.37 , 118.20 , 118.88 
8 , 16 , 2024 , 118.80 , 116.22 , 117.90 , 116.31 
8 , 19 , 2024 , 119.30 , 116.44 , 116.93 , 119.14 
8 , 20 , 2024 , 119.28 , 117.18 , 118.94 , 117.38 
8 , 21 , 2024 , 118.27 , 116.70 , 118.04 , 117.68 
8 , 22 , 2024 , 118.40 , 115.30 , 117.68 , 115.45 
8 , 23 , 2024 , 118.70 , 116.37 , 116.64 , 116.85 
8 , 26 , 2024 , 117.39 , 115.35 , 116.85 , 115.71 
8 , 27 , 2024 , 117.42 , 115.17 , 115.30 , 116.74 
8 , 28 , 2024 , 117.73 , 115.76 , 116.00 , 117.53 
8 , 29 , 2024 , 119.38 , 116.42 , 118.17 , 116.60 
8 , 30 , 2024 , 118.05 , 116.29 , 116.94 , 117.31 
9 , 3 , 2024 , 117.84 , 114.13 , 116.40 , 114.98 
9 , 4 , 2024 , 115.99 , 114.19 , 114.27 , 115.21 
9 , 5 , 2024 , 116.45 , 114.60 , 114.64 , 116.16 
9 , 6 , 2024 , 117.26 , 113.24 , 116.37 , 114.28 
9 , 9 , 2024 , 117.92 , 114.99 , 115.11 , 116.36 
9 , 10 , 2024 , 117.41 , 112.86 , 117.01 , 115.12 
9 , 11 , 2024 , 116.17 , 112.55 , 115.09 , 115.96 
9 , 12 , 2024 , 117.38 , 115.05 , 116.33 , 117.36 
9 , 13 , 2024 , 119.21 , 117.15 , 117.75 , 117.75 
9 , 16 , 2024 , 118.30 , 116.16 , 117.99 , 117.55 
9 , 17 , 2024 , 124.74 , 119.49 , 119.87 , 122.12 
9 , 18 , 2024 , 125.66 , 122.00 , 122.32 , 122.42 
9 , 19 , 2024 , 131.35 , 127.44 , 127.93 , 128.75 
9 , 20 , 2024 , 131.95 , 129.03 , 129.83 , 131.18 
9 , 23 , 2024 , 131.64 , 128.90 , 131.50 , 129.03 
9 , 24 , 2024 , 131.67 , 129.59 , 130.58 , 131.48 
9 , 25 , 2024 , 131.90 , 130.30 , 131.31 , 130.71 
9 , 26 , 2024 , 133.34 , 129.15 , 132.71 , 129.25 
9 , 27 , 2024 , 130.31 , 128.17 , 130.16 , 128.25 
9 , 30 , 2024 , 128.23 , 125.92 , 127.32 , 126.81 
10 , 1 , 2024 , 128.20 , 123.71 , 127.35 , 125.47 
10 , 2 , 2024 , 126.44 , 124.55 , 125.33 , 126.18 
10 , 3 , 2024 , 125.56 , 123.58 , 124.60 , 125.29 
10 , 4 , 2024 , 129.93 , 127.27 , 128.42 , 129.85 
10 , 7 , 2024 , 131.31 , 128.77 , 129.09 , 130.23 
10 , 8 , 2024 , 134.43 , 130.15 , 130.15 , 132.50 
10 , 9 , 2024 , 135.76 , 132.84 , 133.40 , 135.49 
10 , 10 , 2024 , 136.37 , 132.52 , 135.55 , 132.81 
10 , 11 , 2024 , 135.36 , 132.30 , 132.30 , 134.40 
10 , 14 , 2024 , 134.98 , 133.42 , 133.97 , 134.79 
10 , 15 , 2024 , 134.00 , 132.30 , 133.51 , 133.27 
10 , 16 , 2024 , 137.40 , 134.32 , 134.73 , 135.15 
10 , 17 , 2024 , 136.65 , 135.11 , 135.70 , 136.02 
10 , 18 , 2024 , 136.89 , 135.16 , 136.81 , 136.45 
10 , 21 , 2024 , 137.99 , 135.13 , 135.66 , 137.19 
10 , 22 , 2024 , 136.35 , 135.33 , 136.11 , 135.59 
10 , 23 , 2024 , 136.20 , 131.27 , 135.00 , 131.92 
10 , 24 , 2024 , 133.75 , 131.66 , 133.55 , 132.75 
10 , 25 , 2024 , 135.28 , 133.17 , 133.38 , 134.58 
10 , 28 , 2024 , 137.30 , 135.40 , 136.30 , 135.78 
10 , 29 , 2024 , 138.35 , 135.24 , 135.33 , 137.78 
10 , 30 , 2024 , 138.66 , 136.31 , 136.47 , 136.50 
10 , 31 , 2024 , 138.06 , 134.26 , 137.70 , 134.79 
11 , 1 , 2024 , 136.88 , 133.81 , 133.96 , 136.46 
11 , 4 , 2024 , 137.55 , 135.45 , 136.23 , 136.87 
11 , 5 , 2024 , 140.87 , 137.07 , 137.55 , 137.82 
11 , 6 , 2024 , 142.95 , 139.41 , 141.98 , 140.91 
11 , 7 , 2024 , 148.64 , 141.70 , 141.76 , 147.37 
11 , 8 , 2024 , 137.71 , 132.76 , 134.67 , 134.61 
11 , 11 , 2024 , 139.16 , 135.12 , 136.00 , 137.40 
11 , 12 , 2024 , 136.12 , 133.13 , 135.65 , 133.20 
11 , 13 , 2024 , 135.13 , 131.33 , 133.83 , 132.76 
11 , 14 , 2024 , 136.66 , 133.15 , 133.97 , 134.56 
11 , 15 , 2024 , 134.53 , 131.31 , 134.20 , 132.50 
11 , 18 , 2024 , 133.45 , 131.58 , 132.56 , 132.19 
11 , 19 , 2024 , 131.96 , 129.87 , 131.15 , 131.44 
11 , 20 , 2024 , 135.38 , 130.22 , 130.22 , 135.25 
11 , 21 , 2024 , 134.95 , 132.58 , 134.18 , 133.26 
11 , 22 , 2024 , 140.76 , 133.30 , 133.30 , 137.34 
11 , 25 , 2024 , 141.00 , 137.75 , 138.01 , 140.93 
11 , 26 , 2024 , 141.75 , 139.18 , 140.78 , 139.67 
11 , 27 , 2024 , 140.41 , 137.68 , 139.67 , 138.28 
11 , 29 , 2024 , 139.53 , 135.83 , 138.53 , 136.11 
12 , 2 , 2024 , 137.60 , 135.69 , 136.01 , 137.49 
12 , 3 , 2024 , 138.37 , 135.38 , 136.97 , 137.46 
12 , 4 , 2024 , 139.15 , 134.85 , 136.55 , 139.07 
12 , 5 , 2024 , 140.38 , 135.51 , 138.84 , 136.32 
12 , 6 , 2024 , 138.86 , 136.56 , 137.75 , 136.92 
12 , 9 , 2024 , 138.97 , 136.59 , 136.91 , 137.27 
12 , 10 , 2024 , 139.89 , 136.62 , 137.19 , 138.30 
12 , 11 , 2024 , 140.17 , 137.21 , 138.68 , 138.84 
12 , 12 , 2024 , 139.10 , 134.40 , 138.10 , 137.47 
12 , 13 , 2024 , 137.02 , 130.75 , 136.65 , 130.95 
12 , 16 , 2024 , 133.28 , 129.17 , 131.22 , 132.20 
12 , 17 , 2024 , 132.61 , 130.88 , 132.20 , 132.24 
12 , 18 , 2024 , 133.71 , 127.23 , 132.03 , 127.54 
12 , 19 , 2024 , 131.08 , 127.91 , 129.13 , 129.35 
12 , 20 , 2024 , 135.82 , 128.34 , 128.63 , 134.21 
12 , 23 , 2024 , 135.58 , 132.21 , 134.81 , 134.52 
12 , 24 , 2024 , 135.07 , 132.83 , 134.17 , 134.99 
12 , 26 , 2024 , 136.27 , 134.24 , 134.24 , 135.32 
12 , 27 , 2024 , 134.50 , 132.16 , 133.59 , 133.39 
12 , 30 , 2024 , 132.61 , 129.85 , 131.31 , 131.81 
12 , 31 , 2024 , 133.19 , 131.27 , 132.46 , 131.41 
1 , 2 , 2025 , 134.23 , 130.41 , 131.87 , 131.48 
1 , 3 , 2025 , 136.36 , 131.94 , 131.98 , 135.71 
1 , 6 , 2025 , 138.10 , 134.58 , 137.00 , 135.20 
1 , 7 , 2025 , 136.77 , 130.81 , 135.35 , 131.29 
1 , 8 , 2025 , 131.63 , 130.10 , 131.20 , 130.80 
1 , 10 , 2025 , 133.05 , 128.80 , 131.30 , 129.63 
1 , 13 , 2025 , 130.13 , 128.08 , 128.59 , 128.85 
1 , 14 , 2025 , 131.10 , 127.17 , 129.82 , 127.60 
1 , 15 , 2025 , 133.15 , 130.16 , 130.19 , 132.52 
1 , 16 , 2025 , 132.95 , 129.82 , 132.00 , 132.16 
1 , 17 , 2025 , 135.62 , 132.69 , 134.17 , 135.12 
1 , 21 , 2025 , 135.64 , 131.24 , 135.47 , 133.07 
1 , 22 , 2025 , 135.00 , 132.34 , 133.00 , 132.50 
1 , 23 , 2025 , 133.64 , 131.78 , 132.40 , 133.24 
1 , 24 , 2025 , 132.72 , 126.72 , 132.61 , 127.09 
1 , 27 , 2025 , 129.06 , 125.64 , 125.94 , 128.96 
1 , 28 , 2025 , 131.42 , 126.86 , 128.15 , 131.05 
1 , 29 , 2025 , 134.05 , 130.89 , 131.42 , 132.58 
1 , 30 , 2025 , 134.37 , 130.85 , 133.56 , 131.79 
1 , 31 , 2025 , 134.45 , 130.57 , 132.28 , 131.17 
2 , 3 , 2025 , 130.96 , 127.52 , 129.19 , 129.78 
2 , 4 , 2025 , 131.49 , 129.08 , 129.58 , 130.74 
2 , 5 , 2025 , 130.34 , 128.10 , 130.27 , 129.60 
2 , 6 , 2025 , 133.19 , 130.15 , 130.16 , 132.57 
2 , 7 , 2025 , 139.50 , 133.91 , 134.97 , 134.98 
2 , 10 , 2025 , 136.36 , 133.16 , 136.30 , 135.24 
2 , 11 , 2025 , 136.25 , 134.09 , 134.91 , 134.52 
2 , 12 , 2025 , 141.20 , 132.79 , 133.07 , 140.52 
2 , 13 , 2025 , 141.94 , 138.76 , 139.64 , 141.04 
2 , 14 , 2025 , 163.93 , 156.93 , 158.19 , 161.42 
2 , 18 , 2025 , 162.58 , 158.07 , 161.04 , 160.60 
2 , 19 , 2025 , 160.00 , 155.21 , 160.00 , 157.98 
2 , 20 , 2025 , 157.75 , 152.47 , 156.32 , 155.31 
2 , 21 , 2025 , 154.57 , 145.75 , 154.57 , 146.07 
2 , 24 , 2025 , 147.07 , 143.88 , 147.00 , 144.82 
2 , 25 , 2025 , 145.16 , 140.40 , 144.79 , 141.55 
2 , 26 , 2025 , 145.13 , 142.22 , 143.16 , 144.03 
2 , 27 , 2025 , 145.69 , 139.05 , 144.63 , 139.45 
2 , 28 , 2025 , 140.16 , 137.59 , 139.50 , 138.87 
3 , 3 , 2025 , 144.75 , 139.90 , 140.34 , 140.98 
3 , 4 , 2025 , 143.23 , 137.82 , 140.10 , 141.42 
3 , 5 , 2025 , 142.79 , 139.21 , 141.87 , 142.58 
3 , 6 , 2025 , 140.33 , 134.61 , 140.33 , 134.77 
3 , 7 , 2025 , 134.73 , 130.37 , 134.71 , 134.39 
3 , 10 , 2025 , 135.94 , 130.20 , 134.57 , 132.15 
3 , 11 , 2025 , 130.77 , 123.70 , 129.98 , 125.44 
3 , 12 , 2025 , 127.48 , 123.53 , 127.09 , 126.55 
3 , 13 , 2025 , 126.22 , 119.15 , 124.99 , 119.38 
3 , 14 , 2025 , 124.45 , 121.57 , 121.88 , 122.86 
3 , 17 , 2025 , 128.00 , 123.75 , 123.90 , 126.94 
3 , 18 , 2025 , 126.07 , 123.00 , 126.00 , 124.56 
3 , 19 , 2025 , 127.08 , 124.12 , 125.10 , 126.00 
3 , 20 , 2025 , 127.77 , 124.36 , 124.70 , 126.15 
3 , 21 , 2025 , 129.25 , 123.30 , 124.66 , 128.80 
3 , 24 , 2025 , 130.72 , 128.69 , 130.25 , 129.82 
3 , 25 , 2025 , 130.76 , 128.55 , 129.55 , 129.88 
3 , 26 , 2025 , 131.00 , 127.85 , 129.97 , 128.64 
3 , 27 , 2025 , 127.09 , 123.43 , 126.02 , 125.65 
3 , 28 , 2025 , 125.54 , 119.94 , 125.54 , 120.69 
3 , 31 , 2025 , 119.95 , 115.68 , 118.81 , 119.46 
4 , 1 , 2025 , 121.35 , 117.80 , 119.67 , 121.18 
4 , 2 , 2025 , 124.59 , 119.08 , 119.48 , 122.80 
4 , 3 , 2025 , 117.18 , 111.80 , 116.62 , 113.97 
4 , 4 , 2025 , 110.42 , 104.73 , 109.26 , 106.66 
4 , 7 , 2025 , 110.91 , 99.88 , 103.01 , 106.30 
4 , 8 , 2025 , 112.97 , 104.15 , 110.74 , 105.69 
4 , 9 , 2025 , 123.30 , 105.39 , 105.73 , 121.32 
4 , 10 , 2025 , 118.50 , 110.06 , 117.61 , 113.91 
4 , 11 , 2025 , 115.43 , 111.59 , 113.87 , 114.54 
4 , 14 , 2025 , 118.29 , 112.55 , 117.30 , 113.22 
4 , 15 , 2025 , 115.71 , 113.52 , 114.23 , 114.64 
4 , 16 , 2025 , 115.62 , 111.03 , 113.58 , 112.64 
4 , 17 , 2025 , 114.00 , 111.86 , 113.75 , 112.70 
4 , 21 , 2025 , 113.40 , 109.79 , 111.32 , 111.61 
4 , 22 , 2025 , 115.80 , 112.05 , 112.59 , 114.91 
4 , 23 , 2025 , 122.32 , 116.72 , 119.70 , 118.28 
4 , 24 , 2025 , 121.89 , 118.00 , 118.86 , 121.71 
4 , 25 , 2025 , 123.09 , 120.83 , 121.43 , 122.51 
4 , 28 , 2025 , 125.23 , 122.11 , 122.51 , 123.30 
4 , 29 , 2025 , 125.99 , 123.16 , 123.28 , 125.49 
4 , 30 , 2025 , 122.25 , 118.05 , 121.06 , 121.92 
