Month , Day , Year , High , Low , Open , Close
12 , 15 , 2016 , 14.28 , 14.00 , 14.00 , 14.19 
12 , 16 , 2016 , 14.20 , 14.06 , 14.19 , 14.06 
12 , 19 , 2016 , 14.23 , 13.96 , 14.10 , 14.23 
12 , 20 , 2016 , 14.40 , 14.20 , 14.22 , 14.35 
12 , 21 , 2016 , 14.44 , 14.30 , 14.38 , 14.35 
12 , 22 , 2016 , 14.45 , 14.24 , 14.35 , 14.29 
12 , 23 , 2016 , 14.40 , 14.22 , 14.25 , 14.39 
12 , 27 , 2016 , 15.03 , 14.45 , 14.45 , 15.00 
12 , 28 , 2016 , 15.25 , 14.95 , 15.01 , 15.00 
12 , 29 , 2016 , 15.60 , 15.00 , 15.00 , 15.50 
12 , 30 , 2016 , 15.80 , 15.46 , 15.50 , 15.50 
1 , 3 , 2017 , 15.50 , 15.15 , 15.50 , 15.36 
1 , 4 , 2017 , 16.10 , 15.36 , 15.36 , 16.10 
1 , 5 , 2017 , 16.40 , 16.00 , 16.14 , 16.19 
1 , 6 , 2017 , 16.28 , 16.12 , 16.19 , 16.20 
1 , 9 , 2017 , 16.30 , 15.90 , 16.20 , 15.90 
1 , 10 , 2017 , 15.95 , 15.84 , 15.91 , 15.85 
1 , 11 , 2017 , 16.25 , 15.58 , 15.85 , 15.67 
1 , 12 , 2017 , 16.00 , 15.69 , 15.74 , 16.00 
1 , 13 , 2017 , 16.65 , 16.04 , 16.04 , 16.45 
1 , 17 , 2017 , 16.89 , 16.40 , 16.58 , 16.85 
1 , 18 , 2017 , 17.10 , 16.77 , 16.85 , 17.05 
1 , 19 , 2017 , 17.00 , 16.73 , 17.00 , 16.88 
1 , 20 , 2017 , 17.02 , 16.89 , 16.89 , 16.94 
1 , 23 , 2017 , 17.05 , 16.77 , 16.95 , 16.95 
1 , 24 , 2017 , 16.98 , 16.70 , 16.95 , 16.80 
1 , 25 , 2017 , 16.89 , 16.50 , 16.77 , 16.75 
1 , 26 , 2017 , 16.95 , 16.80 , 16.80 , 16.85 
1 , 27 , 2017 , 16.90 , 16.67 , 16.90 , 16.73 
1 , 30 , 2017 , 16.84 , 16.30 , 16.84 , 16.30 
1 , 31 , 2017 , 16.50 , 16.05 , 16.40 , 16.21 
2 , 1 , 2017 , 16.41 , 16.29 , 16.40 , 16.35 
2 , 2 , 2017 , 16.39 , 16.23 , 16.39 , 16.29 
2 , 3 , 2017 , 16.70 , 16.20 , 16.30 , 16.70 
2 , 6 , 2017 , 17.81 , 17.07 , 17.15 , 17.15 
2 , 7 , 2017 , 17.30 , 17.09 , 17.30 , 17.12 
2 , 8 , 2017 , 17.40 , 17.07 , 17.10 , 17.25 
2 , 9 , 2017 , 17.30 , 17.17 , 17.25 , 17.25 
2 , 10 , 2017 , 17.95 , 17.00 , 17.30 , 17.95 
2 , 13 , 2017 , 17.90 , 17.50 , 17.85 , 17.75 
2 , 14 , 2017 , 17.77 , 17.67 , 17.75 , 17.70 
2 , 15 , 2017 , 17.75 , 17.65 , 17.72 , 17.65 
2 , 16 , 2017 , 17.70 , 17.40 , 17.70 , 17.40 
2 , 17 , 2017 , 17.40 , 17.15 , 17.40 , 17.35 
2 , 21 , 2017 , 17.35 , 17.10 , 17.35 , 17.13 
2 , 22 , 2017 , 17.25 , 16.60 , 17.15 , 16.79 
2 , 23 , 2017 , 16.74 , 16.10 , 16.73 , 16.30 
2 , 24 , 2017 , 16.62 , 16.18 , 16.29 , 16.62 
2 , 27 , 2017 , 16.60 , 16.05 , 16.59 , 16.17 
2 , 28 , 2017 , 16.24 , 16.12 , 16.24 , 16.16 
3 , 1 , 2017 , 16.60 , 16.16 , 16.16 , 16.30 
3 , 2 , 2017 , 16.56 , 16.20 , 16.35 , 16.20 
3 , 3 , 2017 , 16.30 , 16.18 , 16.18 , 16.26 
3 , 6 , 2017 , 16.30 , 16.00 , 16.30 , 16.17 
3 , 7 , 2017 , 16.24 , 16.06 , 16.17 , 16.10 
3 , 8 , 2017 , 16.10 , 15.80 , 16.10 , 15.85 
3 , 9 , 2017 , 15.81 , 15.34 , 15.81 , 15.41 
3 , 10 , 2017 , 15.80 , 15.35 , 15.35 , 15.69 
3 , 13 , 2017 , 16.40 , 15.75 , 15.75 , 16.22 
3 , 14 , 2017 , 16.22 , 16.05 , 16.20 , 16.17 
3 , 15 , 2017 , 16.25 , 16.05 , 16.22 , 16.14 
3 , 16 , 2017 , 16.25 , 16.15 , 16.15 , 16.15 
3 , 17 , 2017 , 16.20 , 16.00 , 16.17 , 16.08 
3 , 20 , 2017 , 16.22 , 16.08 , 16.09 , 16.20 
3 , 21 , 2017 , 16.24 , 15.95 , 16.24 , 16.00 
3 , 22 , 2017 , 16.00 , 15.80 , 16.00 , 15.85 
3 , 23 , 2017 , 16.00 , 15.73 , 15.97 , 15.73 
3 , 24 , 2017 , 16.00 , 15.74 , 15.75 , 15.80 
3 , 27 , 2017 , 15.87 , 15.77 , 15.78 , 15.85 
3 , 28 , 2017 , 15.96 , 15.84 , 15.84 , 15.90 
3 , 29 , 2017 , 16.26 , 15.91 , 15.91 , 16.25 
3 , 30 , 2017 , 16.60 , 15.99 , 16.55 , 16.28 
3 , 31 , 2017 , 16.48 , 16.00 , 16.28 , 16.30 
4 , 3 , 2017 , 16.50 , 16.00 , 16.49 , 16.35 
4 , 4 , 2017 , 16.49 , 16.31 , 16.31 , 16.49 
4 , 5 , 2017 , 16.53 , 16.42 , 16.46 , 16.48 
4 , 6 , 2017 , 16.50 , 16.38 , 16.50 , 16.41 
4 , 7 , 2017 , 16.46 , 16.07 , 16.40 , 16.25 
4 , 10 , 2017 , 16.30 , 16.23 , 16.29 , 16.25 
4 , 11 , 2017 , 16.25 , 16.07 , 16.24 , 16.15 
4 , 12 , 2017 , 16.12 , 15.98 , 16.12 , 16.00 
4 , 13 , 2017 , 16.21 , 16.00 , 16.00 , 16.17 
4 , 17 , 2017 , 16.22 , 15.90 , 16.19 , 15.98 
4 , 18 , 2017 , 16.03 , 15.88 , 15.98 , 16.00 
4 , 19 , 2017 , 16.01 , 15.70 , 16.00 , 15.80 
4 , 20 , 2017 , 15.86 , 15.55 , 15.80 , 15.55 
4 , 21 , 2017 , 15.55 , 14.97 , 15.55 , 15.20 
4 , 24 , 2017 , 15.60 , 15.16 , 15.19 , 15.48 
4 , 25 , 2017 , 15.55 , 15.35 , 15.53 , 15.45 
4 , 26 , 2017 , 15.65 , 15.40 , 15.43 , 15.63 
4 , 27 , 2017 , 15.65 , 15.20 , 15.63 , 15.22 
4 , 28 , 2017 , 15.33 , 14.95 , 15.32 , 14.95 
5 , 1 , 2017 , 15.05 , 14.93 , 15.00 , 14.98 
5 , 2 , 2017 , 15.02 , 14.50 , 15.00 , 14.59 
5 , 3 , 2017 , 14.94 , 14.59 , 14.59 , 14.69 
5 , 4 , 2017 , 14.80 , 14.61 , 14.72 , 14.62 
5 , 5 , 2017 , 15.24 , 14.71 , 14.71 , 15.03 
5 , 8 , 2017 , 15.05 , 14.97 , 15.03 , 15.00 
5 , 9 , 2017 , 15.02 , 14.97 , 15.00 , 15.01 
5 , 10 , 2017 , 15.30 , 14.98 , 15.15 , 15.15 
5 , 11 , 2017 , 15.35 , 15.00 , 15.10 , 15.32 
5 , 12 , 2017 , 15.83 , 15.33 , 15.35 , 15.58 
5 , 15 , 2017 , 15.77 , 15.50 , 15.54 , 15.73 
5 , 16 , 2017 , 16.00 , 15.39 , 15.77 , 15.42 
5 , 17 , 2017 , 15.67 , 15.03 , 15.47 , 15.09 
5 , 18 , 2017 , 15.15 , 14.69 , 15.15 , 14.80 
5 , 19 , 2017 , 15.30 , 14.50 , 15.25 , 15.04 
5 , 22 , 2017 , 15.14 , 14.88 , 15.00 , 14.96 
5 , 23 , 2017 , 15.01 , 14.85 , 14.95 , 15.00 
5 , 24 , 2017 , 15.09 , 14.81 , 14.96 , 15.00 
5 , 25 , 2017 , 15.03 , 14.81 , 14.97 , 14.85 
5 , 26 , 2017 , 15.05 , 14.78 , 14.89 , 14.99 
5 , 30 , 2017 , 14.99 , 14.76 , 14.95 , 14.92 
5 , 31 , 2017 , 14.95 , 14.70 , 14.86 , 14.77 
6 , 1 , 2017 , 14.96 , 14.75 , 14.75 , 14.91 
6 , 2 , 2017 , 15.02 , 14.81 , 14.95 , 14.99 
6 , 5 , 2017 , 15.52 , 15.10 , 15.19 , 15.26 
6 , 6 , 2017 , 15.57 , 15.07 , 15.17 , 15.52 
6 , 7 , 2017 , 15.79 , 15.35 , 15.50 , 15.68 
6 , 8 , 2017 , 15.85 , 15.56 , 15.60 , 15.72 
6 , 9 , 2017 , 15.98 , 15.67 , 15.79 , 15.80 
6 , 12 , 2017 , 16.10 , 15.60 , 15.70 , 16.00 
6 , 13 , 2017 , 16.48 , 15.99 , 15.99 , 16.35 
6 , 14 , 2017 , 16.80 , 16.30 , 16.30 , 16.79 
6 , 15 , 2017 , 16.84 , 16.51 , 16.68 , 16.60 
6 , 16 , 2017 , 16.88 , 16.40 , 16.60 , 16.70 
6 , 19 , 2017 , 16.79 , 16.63 , 16.64 , 16.70 
6 , 20 , 2017 , 16.78 , 16.62 , 16.66 , 16.72 
6 , 21 , 2017 , 16.74 , 16.60 , 16.72 , 16.70 
6 , 22 , 2017 , 16.75 , 16.48 , 16.75 , 16.65 
6 , 23 , 2017 , 16.91 , 16.60 , 16.74 , 16.75 
6 , 26 , 2017 , 16.86 , 16.62 , 16.75 , 16.70 
6 , 27 , 2017 , 16.85 , 16.67 , 16.70 , 16.70 
6 , 28 , 2017 , 16.90 , 16.63 , 16.75 , 16.86 
6 , 29 , 2017 , 16.88 , 16.69 , 16.85 , 16.70 
6 , 30 , 2017 , 16.82 , 16.61 , 16.69 , 16.79 
7 , 3 , 2017 , 17.04 , 16.79 , 16.86 , 17.01 
7 , 5 , 2017 , 17.00 , 16.65 , 17.00 , 16.74 
7 , 6 , 2017 , 16.84 , 16.39 , 16.82 , 16.47 
7 , 7 , 2017 , 16.66 , 16.33 , 16.64 , 16.44 
7 , 10 , 2017 , 16.51 , 16.31 , 16.41 , 16.42 
7 , 11 , 2017 , 16.49 , 16.16 , 16.37 , 16.44 
7 , 12 , 2017 , 16.58 , 16.15 , 16.46 , 16.27 
7 , 13 , 2017 , 16.31 , 15.79 , 16.31 , 15.88 
7 , 14 , 2017 , 16.07 , 15.83 , 15.90 , 16.02 
7 , 17 , 2017 , 16.08 , 15.86 , 16.00 , 15.96 
7 , 18 , 2017 , 16.15 , 15.95 , 16.02 , 16.03 
7 , 19 , 2017 , 16.15 , 15.89 , 15.96 , 15.96 
7 , 20 , 2017 , 16.26 , 15.91 , 16.05 , 16.20 
7 , 21 , 2017 , 16.42 , 16.25 , 16.28 , 16.39 
7 , 24 , 2017 , 16.75 , 16.20 , 16.32 , 16.60 
7 , 25 , 2017 , 16.77 , 16.28 , 16.60 , 16.61 
7 , 26 , 2017 , 16.68 , 16.39 , 16.61 , 16.51 
7 , 27 , 2017 , 16.55 , 16.37 , 16.43 , 16.52 
7 , 28 , 2017 , 16.54 , 16.37 , 16.48 , 16.43 
7 , 31 , 2017 , 16.49 , 16.36 , 16.40 , 16.43 
8 , 1 , 2017 , 16.61 , 16.33 , 16.38 , 16.61 
8 , 2 , 2017 , 16.60 , 16.28 , 16.49 , 16.52 
8 , 3 , 2017 , 16.65 , 16.08 , 16.60 , 16.18 
8 , 4 , 2017 , 16.69 , 15.92 , 16.18 , 16.66 
8 , 7 , 2017 , 17.09 , 16.69 , 16.69 , 17.02 
8 , 8 , 2017 , 17.22 , 16.85 , 16.95 , 17.19 
8 , 9 , 2017 , 17.24 , 16.99 , 17.11 , 17.07 
8 , 10 , 2017 , 17.17 , 16.95 , 17.02 , 17.00 
8 , 11 , 2017 , 17.33 , 16.88 , 16.91 , 17.21 
8 , 14 , 2017 , 17.50 , 17.07 , 17.21 , 17.38 
8 , 15 , 2017 , 17.55 , 17.32 , 17.38 , 17.51 
8 , 16 , 2017 , 17.70 , 17.41 , 17.45 , 17.66 
8 , 17 , 2017 , 17.85 , 17.10 , 17.82 , 17.12 
8 , 18 , 2017 , 17.63 , 17.09 , 17.18 , 17.54 
8 , 21 , 2017 , 17.77 , 17.42 , 17.50 , 17.66 
8 , 22 , 2017 , 17.77 , 17.54 , 17.66 , 17.68 
8 , 23 , 2017 , 17.79 , 17.64 , 17.64 , 17.72 
8 , 24 , 2017 , 17.76 , 17.64 , 17.70 , 17.65 
8 , 25 , 2017 , 17.79 , 17.64 , 17.75 , 17.75 
8 , 28 , 2017 , 17.80 , 17.71 , 17.80 , 17.76 
8 , 29 , 2017 , 17.80 , 17.59 , 17.59 , 17.71 
8 , 30 , 2017 , 17.74 , 17.30 , 17.69 , 17.36 
8 , 31 , 2017 , 17.71 , 17.31 , 17.35 , 17.70 
9 , 1 , 2017 , 18.08 , 17.68 , 17.68 , 17.84 
9 , 5 , 2017 , 17.95 , 17.58 , 17.95 , 17.75 
9 , 6 , 2017 , 17.86 , 17.68 , 17.74 , 17.77 
9 , 7 , 2017 , 17.92 , 17.68 , 17.68 , 17.87 
9 , 8 , 2017 , 17.93 , 17.16 , 17.86 , 17.65 
9 , 11 , 2017 , 17.87 , 17.59 , 17.72 , 17.72 
9 , 12 , 2017 , 17.77 , 17.57 , 17.68 , 17.70 
9 , 13 , 2017 , 17.91 , 17.64 , 17.78 , 17.71 
9 , 14 , 2017 , 17.99 , 17.54 , 17.67 , 17.80 
9 , 15 , 2017 , 17.95 , 17.66 , 17.85 , 17.78 
9 , 18 , 2017 , 18.00 , 17.69 , 17.81 , 17.99 
9 , 19 , 2017 , 18.05 , 17.84 , 17.96 , 17.88 
9 , 20 , 2017 , 18.31 , 17.97 , 18.05 , 18.22 
9 , 21 , 2017 , 18.22 , 18.02 , 18.17 , 18.16 
9 , 22 , 2017 , 18.28 , 18.13 , 18.18 , 18.15 
9 , 25 , 2017 , 18.28 , 18.11 , 18.26 , 18.16 
9 , 26 , 2017 , 18.56 , 18.13 , 18.24 , 18.46 
9 , 27 , 2017 , 18.85 , 18.42 , 18.49 , 18.70 
9 , 28 , 2017 , 18.96 , 18.61 , 18.70 , 18.65 
9 , 29 , 2017 , 18.90 , 18.58 , 18.66 , 18.69 
10 , 2 , 2017 , 18.94 , 18.64 , 18.70 , 18.90 
10 , 3 , 2017 , 19.25 , 18.70 , 19.20 , 18.90 
10 , 4 , 2017 , 19.09 , 18.86 , 18.91 , 18.93 
10 , 5 , 2017 , 19.33 , 18.93 , 18.97 , 19.12 
10 , 6 , 2017 , 19.29 , 18.65 , 19.29 , 18.79 
10 , 9 , 2017 , 18.95 , 18.69 , 18.87 , 18.93 
10 , 10 , 2017 , 19.09 , 18.71 , 18.95 , 18.81 
10 , 11 , 2017 , 19.02 , 18.72 , 18.73 , 19.01 
10 , 12 , 2017 , 19.15 , 18.83 , 19.08 , 19.08 
10 , 13 , 2017 , 19.16 , 18.83 , 19.15 , 19.00 
10 , 16 , 2017 , 19.11 , 18.93 , 19.07 , 18.99 
10 , 17 , 2017 , 19.10 , 18.85 , 19.03 , 19.01 
10 , 18 , 2017 , 19.16 , 18.65 , 19.00 , 18.70 
10 , 19 , 2017 , 18.84 , 18.44 , 18.60 , 18.83 
10 , 20 , 2017 , 19.05 , 18.88 , 18.98 , 19.03 
10 , 23 , 2017 , 19.58 , 19.02 , 19.02 , 19.48 
10 , 24 , 2017 , 19.75 , 19.56 , 19.67 , 19.58 
10 , 25 , 2017 , 20.44 , 19.44 , 19.65 , 20.32 
10 , 26 , 2017 , 21.20 , 20.17 , 20.32 , 20.49 
10 , 27 , 2017 , 20.66 , 20.17 , 20.47 , 20.30 
10 , 30 , 2017 , 20.01 , 18.37 , 20.00 , 18.57 
10 , 31 , 2017 , 19.57 , 18.61 , 18.72 , 19.44 
11 , 1 , 2017 , 19.65 , 19.06 , 19.57 , 19.21 
11 , 2 , 2017 , 19.45 , 18.56 , 19.22 , 19.12 
11 , 3 , 2017 , 19.37 , 18.96 , 19.12 , 19.23 
11 , 6 , 2017 , 19.47 , 19.14 , 19.27 , 19.36 
11 , 7 , 2017 , 19.48 , 18.94 , 19.38 , 18.95 
11 , 8 , 2017 , 19.02 , 18.84 , 19.00 , 18.88 
11 , 9 , 2017 , 18.97 , 18.22 , 18.81 , 18.30 
11 , 10 , 2017 , 18.69 , 18.24 , 18.26 , 18.61 
11 , 13 , 2017 , 19.01 , 18.45 , 18.63 , 18.95 
11 , 14 , 2017 , 19.40 , 18.97 , 18.98 , 19.18 
11 , 15 , 2017 , 19.31 , 18.82 , 19.15 , 19.15 
11 , 16 , 2017 , 19.26 , 18.90 , 19.22 , 18.98 
11 , 17 , 2017 , 19.24 , 18.89 , 19.04 , 19.15 
11 , 20 , 2017 , 19.17 , 18.85 , 19.15 , 18.93 
11 , 21 , 2017 , 19.01 , 18.73 , 18.99 , 18.90 
11 , 22 , 2017 , 19.46 , 18.97 , 18.97 , 19.44 
11 , 24 , 2017 , 19.49 , 19.20 , 19.42 , 19.28 
11 , 27 , 2017 , 19.32 , 18.85 , 19.32 , 19.02 
11 , 28 , 2017 , 19.25 , 19.04 , 19.08 , 19.23 
11 , 29 , 2017 , 19.28 , 18.84 , 19.17 , 19.15 
11 , 30 , 2017 , 19.42 , 18.81 , 19.23 , 18.90 
12 , 1 , 2017 , 19.07 , 18.54 , 18.87 , 18.73 
12 , 4 , 2017 , 18.86 , 18.41 , 18.83 , 18.57 
12 , 5 , 2017 , 18.54 , 17.58 , 18.52 , 17.81 
12 , 6 , 2017 , 17.89 , 17.35 , 17.84 , 17.51 
12 , 7 , 2017 , 17.82 , 17.36 , 17.52 , 17.77 
12 , 8 , 2017 , 17.86 , 17.53 , 17.76 , 17.75 
12 , 11 , 2017 , 18.15 , 17.72 , 17.72 , 18.11 
12 , 12 , 2017 , 18.35 , 17.93 , 18.14 , 18.07 
12 , 13 , 2017 , 18.01 , 17.10 , 17.95 , 17.45 
12 , 14 , 2017 , 17.51 , 17.15 , 17.32 , 17.24 
12 , 15 , 2017 , 17.47 , 17.21 , 17.21 , 17.31 
12 , 18 , 2017 , 17.83 , 17.27 , 17.27 , 17.79 
12 , 19 , 2017 , 18.18 , 17.72 , 17.83 , 18.00 
12 , 20 , 2017 , 18.46 , 18.06 , 18.11 , 18.16 
12 , 21 , 2017 , 18.40 , 18.07 , 18.20 , 18.16 
12 , 22 , 2017 , 18.20 , 17.84 , 18.10 , 17.98 
12 , 26 , 2017 , 18.12 , 17.72 , 17.98 , 17.74 
12 , 27 , 2017 , 18.13 , 17.77 , 17.77 , 17.85 
12 , 28 , 2017 , 18.02 , 17.74 , 17.84 , 17.91 
12 , 29 , 2017 , 18.53 , 17.88 , 17.90 , 18.32 
1 , 2 , 2018 , 18.43 , 18.12 , 18.26 , 18.42 
1 , 3 , 2018 , 18.83 , 18.32 , 18.48 , 18.47 
1 , 4 , 2018 , 18.98 , 18.40 , 18.45 , 18.49 
1 , 5 , 2018 , 18.70 , 18.30 , 18.56 , 18.68 
1 , 8 , 2018 , 18.84 , 18.52 , 18.68 , 18.70 
1 , 9 , 2018 , 18.65 , 18.21 , 18.62 , 18.46 
1 , 10 , 2018 , 18.51 , 18.20 , 18.39 , 18.35 
1 , 11 , 2018 , 18.58 , 18.24 , 18.47 , 18.54 
1 , 12 , 2018 , 18.62 , 18.44 , 18.55 , 18.57 
1 , 16 , 2018 , 18.63 , 17.95 , 18.63 , 17.98 
1 , 17 , 2018 , 18.59 , 18.01 , 18.10 , 18.44 
1 , 18 , 2018 , 18.82 , 18.55 , 18.58 , 18.79 
1 , 19 , 2018 , 19.56 , 18.78 , 18.81 , 19.49 
1 , 22 , 2018 , 19.76 , 19.22 , 19.53 , 19.24 
1 , 23 , 2018 , 19.45 , 19.14 , 19.22 , 19.23 
1 , 24 , 2018 , 19.79 , 19.22 , 19.27 , 19.48 
1 , 25 , 2018 , 19.76 , 19.35 , 19.56 , 19.72 
1 , 26 , 2018 , 19.90 , 19.59 , 19.77 , 19.79 
1 , 29 , 2018 , 19.76 , 19.42 , 19.70 , 19.56 
1 , 30 , 2018 , 19.51 , 19.04 , 19.47 , 19.16 
1 , 31 , 2018 , 19.52 , 19.13 , 19.17 , 19.50 
2 , 1 , 2018 , 19.85 , 19.43 , 19.47 , 19.64 
2 , 2 , 2018 , 19.59 , 19.05 , 19.43 , 19.15 
2 , 5 , 2018 , 19.20 , 18.36 , 18.99 , 18.53 
2 , 6 , 2018 , 18.85 , 17.80 , 18.17 , 18.67 
2 , 7 , 2018 , 19.26 , 18.52 , 18.57 , 18.53 
2 , 8 , 2018 , 18.64 , 17.44 , 18.53 , 17.46 
2 , 9 , 2018 , 18.07 , 17.31 , 17.55 , 17.88 
2 , 12 , 2018 , 18.03 , 17.41 , 17.95 , 17.96 
2 , 13 , 2018 , 18.34 , 17.84 , 17.91 , 18.25 
2 , 14 , 2018 , 18.40 , 18.05 , 18.12 , 18.26 
2 , 15 , 2018 , 18.72 , 18.17 , 18.39 , 18.69 
2 , 16 , 2018 , 19.01 , 18.60 , 18.64 , 18.83 
2 , 20 , 2018 , 19.00 , 18.74 , 18.78 , 18.88 
2 , 21 , 2018 , 19.04 , 18.60 , 18.95 , 18.67 
2 , 22 , 2018 , 18.99 , 18.57 , 18.73 , 18.72 
2 , 23 , 2018 , 19.05 , 18.70 , 18.80 , 19.02 
2 , 26 , 2018 , 19.23 , 18.44 , 19.13 , 18.98 
2 , 27 , 2018 , 19.30 , 18.92 , 19.01 , 18.98 
2 , 28 , 2018 , 19.15 , 18.88 , 19.10 , 18.95 
3 , 1 , 2018 , 19.31 , 18.80 , 19.00 , 19.10 
3 , 2 , 2018 , 19.62 , 18.86 , 18.97 , 19.59 
3 , 5 , 2018 , 20.06 , 19.50 , 19.58 , 19.91 
3 , 6 , 2018 , 20.53 , 19.81 , 20.14 , 20.47 
3 , 7 , 2018 , 20.76 , 20.22 , 20.55 , 20.59 
3 , 8 , 2018 , 20.88 , 20.54 , 20.77 , 20.81 
3 , 9 , 2018 , 20.97 , 20.60 , 20.87 , 20.69 
3 , 12 , 2018 , 20.78 , 20.38 , 20.65 , 20.46 
3 , 13 , 2018 , 20.62 , 20.15 , 20.59 , 20.46 
3 , 14 , 2018 , 20.62 , 20.14 , 20.50 , 20.29 
3 , 15 , 2018 , 20.74 , 20.30 , 20.38 , 20.69 
3 , 16 , 2018 , 20.75 , 20.35 , 20.69 , 20.43 
3 , 19 , 2018 , 20.38 , 19.79 , 20.38 , 19.93 
3 , 20 , 2018 , 20.11 , 19.69 , 20.00 , 19.82 
3 , 21 , 2018 , 20.30 , 19.79 , 19.86 , 20.15 
3 , 22 , 2018 , 20.56 , 19.92 , 19.96 , 20.35 
3 , 23 , 2018 , 20.59 , 20.10 , 20.32 , 20.19 
3 , 26 , 2018 , 20.85 , 20.15 , 20.23 , 20.71 
3 , 27 , 2018 , 21.15 , 20.60 , 20.71 , 20.86 
3 , 28 , 2018 , 21.44 , 20.81 , 21.33 , 21.13 
3 , 29 , 2018 , 21.18 , 20.71 , 21.15 , 20.83 
4 , 2 , 2018 , 20.91 , 20.01 , 20.81 , 20.35 
4 , 3 , 2018 , 20.84 , 20.09 , 20.44 , 20.78 
4 , 4 , 2018 , 20.70 , 20.36 , 20.58 , 20.61 
4 , 5 , 2018 , 20.94 , 20.05 , 20.70 , 20.22 
4 , 6 , 2018 , 20.23 , 19.59 , 20.19 , 19.68 
4 , 9 , 2018 , 21.35 , 19.77 , 19.87 , 20.83 
4 , 10 , 2018 , 21.32 , 20.63 , 21.03 , 21.32 
4 , 11 , 2018 , 21.57 , 21.22 , 21.25 , 21.47 
4 , 12 , 2018 , 22.16 , 21.33 , 21.56 , 21.46 
4 , 13 , 2018 , 21.85 , 21.35 , 21.50 , 21.65 
4 , 16 , 2018 , 22.25 , 21.75 , 21.85 , 21.99 
4 , 17 , 2018 , 22.46 , 21.94 , 22.17 , 22.35 
4 , 18 , 2018 , 22.57 , 22.31 , 22.38 , 22.34 
4 , 19 , 2018 , 22.37 , 21.82 , 22.25 , 22.12 
4 , 20 , 2018 , 22.15 , 21.80 , 22.09 , 21.88 
4 , 23 , 2018 , 22.33 , 21.91 , 21.97 , 22.33 
4 , 24 , 2018 , 22.79 , 22.20 , 22.49 , 22.28 
4 , 25 , 2018 , 22.60 , 22.19 , 22.35 , 22.48 
4 , 26 , 2018 , 22.98 , 22.36 , 22.53 , 22.60 
4 , 27 , 2018 , 23.01 , 22.36 , 22.66 , 22.74 
4 , 30 , 2018 , 23.01 , 22.76 , 22.87 , 22.85 
5 , 1 , 2018 , 22.96 , 22.49 , 22.96 , 22.85 
5 , 2 , 2018 , 23.42 , 22.88 , 22.90 , 22.99 
5 , 3 , 2018 , 23.37 , 22.60 , 23.00 , 23.14 
5 , 4 , 2018 , 24.39 , 22.82 , 24.00 , 23.01 
5 , 7 , 2018 , 24.04 , 23.04 , 23.04 , 23.80 
5 , 8 , 2018 , 23.94 , 22.99 , 23.82 , 23.17 
5 , 9 , 2018 , 23.32 , 22.60 , 23.20 , 22.99 
5 , 10 , 2018 , 23.01 , 22.65 , 22.66 , 22.91 
5 , 11 , 2018 , 23.18 , 22.81 , 22.96 , 22.94 
5 , 14 , 2018 , 23.37 , 22.97 , 23.08 , 23.10 
5 , 15 , 2018 , 23.20 , 22.95 , 23.03 , 23.14 
5 , 16 , 2018 , 23.45 , 22.97 , 23.18 , 23.08 
5 , 17 , 2018 , 23.15 , 22.63 , 23.06 , 22.88 
5 , 18 , 2018 , 23.04 , 22.79 , 22.79 , 23.01 
5 , 21 , 2018 , 23.17 , 22.74 , 23.11 , 23.01 
5 , 22 , 2018 , 23.43 , 23.13 , 23.13 , 23.22 
5 , 23 , 2018 , 23.28 , 23.08 , 23.18 , 23.23 
5 , 24 , 2018 , 24.24 , 23.55 , 23.60 , 24.08 
5 , 25 , 2018 , 24.16 , 23.82 , 24.02 , 23.95 
5 , 29 , 2018 , 24.16 , 23.86 , 23.95 , 24.01 
5 , 30 , 2018 , 24.56 , 24.06 , 24.06 , 24.27 
5 , 31 , 2018 , 24.70 , 24.26 , 24.41 , 24.53 
6 , 1 , 2018 , 24.60 , 24.31 , 24.53 , 24.34 
6 , 4 , 2018 , 24.65 , 24.06 , 24.50 , 24.27 
6 , 5 , 2018 , 24.64 , 24.20 , 24.28 , 24.38 
6 , 6 , 2018 , 24.72 , 24.37 , 24.38 , 24.61 
6 , 7 , 2018 , 24.81 , 24.63 , 24.66 , 24.67 
6 , 8 , 2018 , 24.73 , 24.27 , 24.59 , 24.56 
6 , 11 , 2018 , 24.68 , 24.04 , 24.56 , 24.09 
6 , 12 , 2018 , 24.37 , 24.02 , 24.08 , 24.20 
6 , 13 , 2018 , 24.64 , 24.18 , 24.32 , 24.39 
6 , 14 , 2018 , 24.81 , 23.98 , 24.46 , 24.01 
6 , 15 , 2018 , 23.92 , 23.53 , 23.86 , 23.75 
6 , 18 , 2018 , 23.88 , 23.47 , 23.62 , 23.52 
6 , 19 , 2018 , 23.58 , 23.06 , 23.38 , 23.46 
6 , 20 , 2018 , 23.86 , 23.52 , 23.60 , 23.65 
6 , 21 , 2018 , 24.11 , 23.67 , 23.78 , 24.07 
6 , 22 , 2018 , 24.20 , 23.51 , 24.06 , 23.65 
6 , 25 , 2018 , 23.76 , 23.22 , 23.66 , 23.33 
6 , 26 , 2018 , 23.94 , 23.33 , 23.36 , 23.84 
6 , 27 , 2018 , 24.09 , 23.65 , 23.74 , 23.75 
6 , 28 , 2018 , 24.01 , 23.49 , 23.70 , 23.50 
6 , 29 , 2018 , 24.03 , 23.50 , 23.57 , 23.66 
7 , 2 , 2018 , 24.01 , 23.33 , 23.48 , 24.01 
7 , 3 , 2018 , 23.91 , 22.75 , 23.89 , 22.81 
7 , 5 , 2018 , 22.89 , 22.36 , 22.89 , 22.62 
7 , 6 , 2018 , 23.05 , 22.57 , 22.63 , 22.91 
7 , 9 , 2018 , 23.26 , 22.59 , 22.95 , 22.71 
7 , 10 , 2018 , 23.13 , 22.68 , 22.68 , 23.01 
7 , 11 , 2018 , 23.10 , 22.79 , 22.98 , 22.87 
7 , 12 , 2018 , 23.24 , 22.70 , 22.84 , 23.19 
7 , 13 , 2018 , 23.45 , 23.01 , 23.11 , 23.44 
7 , 16 , 2018 , 23.76 , 23.38 , 23.43 , 23.71 
7 , 17 , 2018 , 24.01 , 23.51 , 23.74 , 23.59 
7 , 18 , 2018 , 23.79 , 23.49 , 23.64 , 23.55 
7 , 19 , 2018 , 23.63 , 23.04 , 23.51 , 23.23 
7 , 20 , 2018 , 23.42 , 22.90 , 23.17 , 23.18 
7 , 23 , 2018 , 23.41 , 22.83 , 23.30 , 22.89 
7 , 24 , 2018 , 22.85 , 22.28 , 22.84 , 22.45 
7 , 25 , 2018 , 22.72 , 22.19 , 22.52 , 22.31 
7 , 26 , 2018 , 22.78 , 22.30 , 22.33 , 22.55 
7 , 27 , 2018 , 22.69 , 22.33 , 22.59 , 22.35 
7 , 30 , 2018 , 22.44 , 22.08 , 22.41 , 22.17 
7 , 31 , 2018 , 22.67 , 22.14 , 22.21 , 22.60 
8 , 1 , 2018 , 22.77 , 22.36 , 22.58 , 22.72 
8 , 2 , 2018 , 22.75 , 22.30 , 22.59 , 22.56 
8 , 3 , 2018 , 22.86 , 22.46 , 22.56 , 22.62 
8 , 6 , 2018 , 23.75 , 22.63 , 22.65 , 23.20 
8 , 7 , 2018 , 23.68 , 22.79 , 23.13 , 23.47 
8 , 8 , 2018 , 23.42 , 23.17 , 23.31 , 23.33 
8 , 9 , 2018 , 23.59 , 23.27 , 23.31 , 23.36 
8 , 10 , 2018 , 23.43 , 22.62 , 23.23 , 22.78 
8 , 13 , 2018 , 22.79 , 21.85 , 22.71 , 22.10 
8 , 14 , 2018 , 22.45 , 22.18 , 22.37 , 22.41 
8 , 15 , 2018 , 22.54 , 21.96 , 22.49 , 22.06 
8 , 16 , 2018 , 22.60 , 22.04 , 22.10 , 22.45 
8 , 17 , 2018 , 22.75 , 22.31 , 22.42 , 22.42 
8 , 20 , 2018 , 22.62 , 22.31 , 22.42 , 22.51 
8 , 21 , 2018 , 22.63 , 22.32 , 22.55 , 22.33 
8 , 22 , 2018 , 22.60 , 22.33 , 22.39 , 22.50 
8 , 23 , 2018 , 22.76 , 22.46 , 22.50 , 22.48 
8 , 24 , 2018 , 22.78 , 22.49 , 22.58 , 22.66 
8 , 27 , 2018 , 23.18 , 22.71 , 22.71 , 22.79 
8 , 28 , 2018 , 23.05 , 22.79 , 22.81 , 22.90 
8 , 29 , 2018 , 23.33 , 22.66 , 22.99 , 22.98 
8 , 30 , 2018 , 23.76 , 22.93 , 22.93 , 23.40 
8 , 31 , 2018 , 23.58 , 23.32 , 23.32 , 23.54 
9 , 4 , 2018 , 23.57 , 23.15 , 23.48 , 23.21 
9 , 5 , 2018 , 23.26 , 22.72 , 23.21 , 22.99 
9 , 6 , 2018 , 23.11 , 22.41 , 22.91 , 22.46 
9 , 7 , 2018 , 22.54 , 22.18 , 22.34 , 22.50 
9 , 10 , 2018 , 23.04 , 22.53 , 22.61 , 22.90 
9 , 11 , 2018 , 23.21 , 22.76 , 22.82 , 22.98 
9 , 12 , 2018 , 23.34 , 22.95 , 22.96 , 23.25 
9 , 13 , 2018 , 23.49 , 23.13 , 23.32 , 23.35 
9 , 14 , 2018 , 23.61 , 23.27 , 23.27 , 23.35 
9 , 17 , 2018 , 23.62 , 22.96 , 23.27 , 23.03 
9 , 18 , 2018 , 23.43 , 23.00 , 23.02 , 23.27 
9 , 19 , 2018 , 23.55 , 23.02 , 23.34 , 23.06 
9 , 20 , 2018 , 23.61 , 23.17 , 23.22 , 23.42 
9 , 21 , 2018 , 23.98 , 23.37 , 23.40 , 23.84 
9 , 24 , 2018 , 24.02 , 23.68 , 23.79 , 23.87 
9 , 25 , 2018 , 23.94 , 23.25 , 23.65 , 23.55 
9 , 26 , 2018 , 24.02 , 23.54 , 23.65 , 23.74 
9 , 27 , 2018 , 24.25 , 23.69 , 23.82 , 24.18 
9 , 28 , 2018 , 25.22 , 24.18 , 24.18 , 24.88 
10 , 1 , 2018 , 25.26 , 24.78 , 24.92 , 25.26 
10 , 2 , 2018 , 26.29 , 25.28 , 25.36 , 25.45 
10 , 3 , 2018 , 26.02 , 25.33 , 25.42 , 25.42 
10 , 4 , 2018 , 25.52 , 25.07 , 25.35 , 25.25 
10 , 5 , 2018 , 25.64 , 25.18 , 25.35 , 25.62 
10 , 8 , 2018 , 25.82 , 25.26 , 25.59 , 25.43 
10 , 9 , 2018 , 25.59 , 24.96 , 25.40 , 25.31 
10 , 10 , 2018 , 25.49 , 24.89 , 25.17 , 24.90 
10 , 11 , 2018 , 24.94 , 24.15 , 24.90 , 24.21 
10 , 12 , 2018 , 24.61 , 23.80 , 24.46 , 24.22 
10 , 15 , 2018 , 24.44 , 23.78 , 24.21 , 23.83 
10 , 16 , 2018 , 24.36 , 23.72 , 23.94 , 23.99 
10 , 17 , 2018 , 24.04 , 23.13 , 24.02 , 23.39 
10 , 18 , 2018 , 23.30 , 22.80 , 23.24 , 22.86 
10 , 19 , 2018 , 23.19 , 22.63 , 22.87 , 22.65 
10 , 22 , 2018 , 23.20 , 22.39 , 22.67 , 23.01 
10 , 23 , 2018 , 22.81 , 21.82 , 22.78 , 22.50 
10 , 24 , 2018 , 22.64 , 22.05 , 22.57 , 22.14 
10 , 25 , 2018 , 22.57 , 22.22 , 22.30 , 22.26 
10 , 26 , 2018 , 22.35 , 21.76 , 22.17 , 22.11 
10 , 29 , 2018 , 22.40 , 21.63 , 22.24 , 21.81 
10 , 30 , 2018 , 22.07 , 21.56 , 21.80 , 21.89 
10 , 31 , 2018 , 22.77 , 22.01 , 22.01 , 22.63 
11 , 1 , 2018 , 23.15 , 22.36 , 22.61 , 23.10 
11 , 2 , 2018 , 24.84 , 23.75 , 24.00 , 24.39 
11 , 5 , 2018 , 25.01 , 24.47 , 24.47 , 24.97 
11 , 6 , 2018 , 25.22 , 24.23 , 24.81 , 24.48 
11 , 7 , 2018 , 24.85 , 24.44 , 24.57 , 24.71 
11 , 8 , 2018 , 24.88 , 23.99 , 24.62 , 24.25 
11 , 9 , 2018 , 24.42 , 23.93 , 24.01 , 24.08 
11 , 12 , 2018 , 24.77 , 23.97 , 24.08 , 24.61 
11 , 13 , 2018 , 24.94 , 24.23 , 24.75 , 24.32 
11 , 14 , 2018 , 24.45 , 23.65 , 24.29 , 23.85 
11 , 15 , 2018 , 23.83 , 23.02 , 23.73 , 23.29 
11 , 16 , 2018 , 23.80 , 23.31 , 23.50 , 23.67 
11 , 19 , 2018 , 23.98 , 23.48 , 23.64 , 23.55 
11 , 20 , 2018 , 23.41 , 22.02 , 23.39 , 22.37 
11 , 21 , 2018 , 23.26 , 22.54 , 22.54 , 22.80 
11 , 23 , 2018 , 23.01 , 22.69 , 22.73 , 22.86 
11 , 26 , 2018 , 23.35 , 22.91 , 22.98 , 23.19 
11 , 27 , 2018 , 23.28 , 22.87 , 23.20 , 22.92 
11 , 28 , 2018 , 23.51 , 23.01 , 23.04 , 23.35 
11 , 29 , 2018 , 23.52 , 22.97 , 23.35 , 23.20 
11 , 30 , 2018 , 23.62 , 23.18 , 23.22 , 23.48 
12 , 3 , 2018 , 23.95 , 23.59 , 23.71 , 23.78 
12 , 4 , 2018 , 24.13 , 23.48 , 23.80 , 23.48 
12 , 6 , 2018 , 24.22 , 22.90 , 23.30 , 24.09 
12 , 7 , 2018 , 24.36 , 23.87 , 24.19 , 23.95 
12 , 10 , 2018 , 23.96 , 23.40 , 23.65 , 23.65 
12 , 11 , 2018 , 24.25 , 23.61 , 23.84 , 23.92 
12 , 12 , 2018 , 24.81 , 24.01 , 24.18 , 24.42 
12 , 13 , 2018 , 25.09 , 24.41 , 24.44 , 24.84 
12 , 14 , 2018 , 25.10 , 24.56 , 24.62 , 24.71 
12 , 17 , 2018 , 24.80 , 23.79 , 24.72 , 23.89 
12 , 18 , 2018 , 24.45 , 23.27 , 24.01 , 23.36 
12 , 19 , 2018 , 23.70 , 23.01 , 23.39 , 23.16 
12 , 20 , 2018 , 23.14 , 22.01 , 23.08 , 22.25 
12 , 21 , 2018 , 22.47 , 21.34 , 22.31 , 21.43 
12 , 24 , 2018 , 21.49 , 20.84 , 21.29 , 21.19 
12 , 26 , 2018 , 22.26 , 21.03 , 21.23 , 22.20 
12 , 27 , 2018 , 22.32 , 21.49 , 21.97 , 22.31 
12 , 28 , 2018 , 22.60 , 22.10 , 22.34 , 22.30 
12 , 31 , 2018 , 22.93 , 22.36 , 22.41 , 22.89 
1 , 2 , 2019 , 23.10 , 22.28 , 22.51 , 22.38 
1 , 3 , 2019 , 22.66 , 22.02 , 22.36 , 22.17 
1 , 4 , 2019 , 23.13 , 22.31 , 22.31 , 23.07 
1 , 7 , 2019 , 23.90 , 23.07 , 23.12 , 23.46 
1 , 8 , 2019 , 23.86 , 23.31 , 23.51 , 23.47 
1 , 9 , 2019 , 23.57 , 23.22 , 23.45 , 23.31 
1 , 10 , 2019 , 24.12 , 23.26 , 23.26 , 24.11 
1 , 11 , 2019 , 24.09 , 23.49 , 24.09 , 23.79 
1 , 14 , 2019 , 23.83 , 23.31 , 23.64 , 23.55 
1 , 15 , 2019 , 24.02 , 23.43 , 23.43 , 23.73 
1 , 16 , 2019 , 24.35 , 23.66 , 23.71 , 24.25 
1 , 17 , 2019 , 24.79 , 24.20 , 24.26 , 24.61 
1 , 18 , 2019 , 24.85 , 24.11 , 24.70 , 24.20 
1 , 22 , 2019 , 24.45 , 24.00 , 24.34 , 24.28 
1 , 23 , 2019 , 24.93 , 24.38 , 24.38 , 24.76 
1 , 24 , 2019 , 24.89 , 24.45 , 24.75 , 24.64 
1 , 25 , 2019 , 24.84 , 24.51 , 24.65 , 24.65 
1 , 28 , 2019 , 24.72 , 24.38 , 24.48 , 24.41 
1 , 29 , 2019 , 24.85 , 24.40 , 24.40 , 24.64 
1 , 30 , 2019 , 25.05 , 24.68 , 24.75 , 24.92 
1 , 31 , 2019 , 25.37 , 24.75 , 24.86 , 25.11 
2 , 1 , 2019 , 25.46 , 25.04 , 25.10 , 25.07 
2 , 4 , 2019 , 25.53 , 24.93 , 25.10 , 25.40 
2 , 5 , 2019 , 25.63 , 25.13 , 25.54 , 25.20 
2 , 6 , 2019 , 25.46 , 25.09 , 25.16 , 25.26 
2 , 7 , 2019 , 25.62 , 25.17 , 25.25 , 25.53 
2 , 8 , 2019 , 25.94 , 25.48 , 25.49 , 25.93 
2 , 11 , 2019 , 26.17 , 25.90 , 26.00 , 26.11 
2 , 12 , 2019 , 26.61 , 26.20 , 26.25 , 26.29 
2 , 13 , 2019 , 26.55 , 26.02 , 26.27 , 26.13 
2 , 14 , 2019 , 26.44 , 26.07 , 26.14 , 26.31 
2 , 15 , 2019 , 26.55 , 26.24 , 26.43 , 26.51 
2 , 19 , 2019 , 26.71 , 26.40 , 26.47 , 26.59 
2 , 20 , 2019 , 26.78 , 26.43 , 26.55 , 26.64 
2 , 21 , 2019 , 26.86 , 26.43 , 26.51 , 26.76 
2 , 22 , 2019 , 27.01 , 26.72 , 26.77 , 26.89 
2 , 25 , 2019 , 26.91 , 26.40 , 26.89 , 26.56 
2 , 26 , 2019 , 26.61 , 26.16 , 26.61 , 26.28 
2 , 27 , 2019 , 26.44 , 26.05 , 26.28 , 26.15 
2 , 28 , 2019 , 26.50 , 25.62 , 25.98 , 26.04 
3 , 1 , 2019 , 26.62 , 26.00 , 26.17 , 26.55 
3 , 4 , 2019 , 26.75 , 25.04 , 26.68 , 25.43 
3 , 5 , 2019 , 25.71 , 24.97 , 25.34 , 25.48 
3 , 6 , 2019 , 25.53 , 25.13 , 25.43 , 25.23 
3 , 7 , 2019 , 25.44 , 24.84 , 25.31 , 24.94 
3 , 8 , 2019 , 25.14 , 24.57 , 24.76 , 25.13 
3 , 11 , 2019 , 25.33 , 25.05 , 25.16 , 25.25 
3 , 12 , 2019 , 25.92 , 25.15 , 25.32 , 25.88 
3 , 13 , 2019 , 26.41 , 25.94 , 25.96 , 26.02 
3 , 14 , 2019 , 25.87 , 25.50 , 25.87 , 25.55 
3 , 15 , 2019 , 25.86 , 25.31 , 25.55 , 25.59 
3 , 18 , 2019 , 25.79 , 25.53 , 25.58 , 25.79 
3 , 19 , 2019 , 25.97 , 25.50 , 25.81 , 25.58 
3 , 20 , 2019 , 25.92 , 25.56 , 25.61 , 25.60 
3 , 21 , 2019 , 26.25 , 25.63 , 25.63 , 26.14 
3 , 22 , 2019 , 26.36 , 25.94 , 26.25 , 25.98 
3 , 25 , 2019 , 26.35 , 25.79 , 26.08 , 26.09 
3 , 26 , 2019 , 26.31 , 25.85 , 26.22 , 25.96 
3 , 27 , 2019 , 26.10 , 25.66 , 26.02 , 25.90 
3 , 28 , 2019 , 26.08 , 25.69 , 25.95 , 25.80 
3 , 29 , 2019 , 26.20 , 25.72 , 25.72 , 26.03 
4 , 1 , 2019 , 26.39 , 25.84 , 26.15 , 26.03 
4 , 2 , 2019 , 26.34 , 25.91 , 26.07 , 26.32 
4 , 3 , 2019 , 26.61 , 26.15 , 26.34 , 26.19 
4 , 4 , 2019 , 26.21 , 25.84 , 26.14 , 26.05 
4 , 5 , 2019 , 26.15 , 25.77 , 26.12 , 25.94 
4 , 8 , 2019 , 25.92 , 25.60 , 25.90 , 25.76 
4 , 9 , 2019 , 25.81 , 25.31 , 25.77 , 25.49 
4 , 10 , 2019 , 26.06 , 25.46 , 25.53 , 25.90 
4 , 11 , 2019 , 26.16 , 25.90 , 25.97 , 26.04 
4 , 12 , 2019 , 26.15 , 25.92 , 26.11 , 26.10 
4 , 15 , 2019 , 26.37 , 25.89 , 26.13 , 25.99 
4 , 16 , 2019 , 26.26 , 25.95 , 25.98 , 25.98 
4 , 17 , 2019 , 26.21 , 25.49 , 26.05 , 25.67 
4 , 18 , 2019 , 26.16 , 25.73 , 25.79 , 26.01 
4 , 22 , 2019 , 26.33 , 25.99 , 25.99 , 26.20 
4 , 23 , 2019 , 26.57 , 26.21 , 26.26 , 26.42 
4 , 24 , 2019 , 26.70 , 26.33 , 26.45 , 26.59 
4 , 25 , 2019 , 27.00 , 26.43 , 26.61 , 26.80 
4 , 26 , 2019 , 27.10 , 26.87 , 26.92 , 27.02 
4 , 29 , 2019 , 27.15 , 26.90 , 27.07 , 27.05 
4 , 30 , 2019 , 27.27 , 26.94 , 27.02 , 27.25 
5 , 1 , 2019 , 27.46 , 27.11 , 27.23 , 27.25 
5 , 2 , 2019 , 27.48 , 27.07 , 27.11 , 27.25 
5 , 3 , 2019 , 27.86 , 26.60 , 27.56 , 26.66 
5 , 6 , 2019 , 26.85 , 26.07 , 26.83 , 26.31 
5 , 7 , 2019 , 26.57 , 26.07 , 26.10 , 26.15 
5 , 8 , 2019 , 26.02 , 24.60 , 25.90 , 25.19 
5 , 9 , 2019 , 25.04 , 24.52 , 24.95 , 24.85 
5 , 10 , 2019 , 25.01 , 24.57 , 24.92 , 24.83 
5 , 13 , 2019 , 24.49 , 24.03 , 24.45 , 24.47 
5 , 14 , 2019 , 25.01 , 24.50 , 24.55 , 24.57 
5 , 15 , 2019 , 24.81 , 24.28 , 24.54 , 24.50 
5 , 16 , 2019 , 24.88 , 24.43 , 24.48 , 24.66 
5 , 17 , 2019 , 24.99 , 24.42 , 24.45 , 24.81 
5 , 20 , 2019 , 25.31 , 24.69 , 24.75 , 25.06 
5 , 21 , 2019 , 25.98 , 25.13 , 25.13 , 25.75 
5 , 22 , 2019 , 25.75 , 25.28 , 25.64 , 25.45 
5 , 23 , 2019 , 25.33 , 24.60 , 25.31 , 24.80 
5 , 24 , 2019 , 24.92 , 24.48 , 24.83 , 24.48 
5 , 28 , 2019 , 24.90 , 24.31 , 24.57 , 24.59 
5 , 29 , 2019 , 24.65 , 23.75 , 24.58 , 24.02 
5 , 30 , 2019 , 24.12 , 22.96 , 23.98 , 23.42 
5 , 31 , 2019 , 23.87 , 23.19 , 23.23 , 23.56 
6 , 3 , 2019 , 23.89 , 23.53 , 23.62 , 23.76 
6 , 4 , 2019 , 24.31 , 23.52 , 24.12 , 24.27 
6 , 5 , 2019 , 24.69 , 24.10 , 24.37 , 24.61 
6 , 6 , 2019 , 25.14 , 24.41 , 24.71 , 24.62 
6 , 7 , 2019 , 24.81 , 24.29 , 24.72 , 24.31 
6 , 10 , 2019 , 24.48 , 24.04 , 24.30 , 24.11 
6 , 11 , 2019 , 24.59 , 24.04 , 24.12 , 24.57 
6 , 12 , 2019 , 24.70 , 24.04 , 24.62 , 24.22 
6 , 13 , 2019 , 24.34 , 23.75 , 24.14 , 23.86 
6 , 14 , 2019 , 23.90 , 23.56 , 23.86 , 23.77 
6 , 17 , 2019 , 23.75 , 23.17 , 23.74 , 23.26 
6 , 18 , 2019 , 23.72 , 23.36 , 23.44 , 23.60 
6 , 19 , 2019 , 23.92 , 23.59 , 23.60 , 23.82 
6 , 20 , 2019 , 24.25 , 23.90 , 24.11 , 24.19 
6 , 21 , 2019 , 24.32 , 23.75 , 24.21 , 24.10 
6 , 24 , 2019 , 24.23 , 23.77 , 24.20 , 23.89 
6 , 25 , 2019 , 23.91 , 23.29 , 23.90 , 23.37 
6 , 26 , 2019 , 23.47 , 22.20 , 23.33 , 22.26 
6 , 27 , 2019 , 22.37 , 21.89 , 22.26 , 22.24 
6 , 28 , 2019 , 22.67 , 22.29 , 22.30 , 22.64 
7 , 1 , 2019 , 22.85 , 22.43 , 22.71 , 22.76 
7 , 2 , 2019 , 22.84 , 22.43 , 22.79 , 22.62 
7 , 3 , 2019 , 22.89 , 22.52 , 22.69 , 22.54 
7 , 5 , 2019 , 22.84 , 22.39 , 22.46 , 22.54 
7 , 8 , 2019 , 22.56 , 22.17 , 22.41 , 22.43 
7 , 9 , 2019 , 22.56 , 22.26 , 22.39 , 22.42 
7 , 10 , 2019 , 22.76 , 22.39 , 22.44 , 22.43 
7 , 11 , 2019 , 22.46 , 22.16 , 22.44 , 22.39 
7 , 12 , 2019 , 22.72 , 22.22 , 22.47 , 22.58 
7 , 15 , 2019 , 22.64 , 22.35 , 22.60 , 22.55 
7 , 16 , 2019 , 22.64 , 21.86 , 22.45 , 21.97 
7 , 17 , 2019 , 22.37 , 21.95 , 21.95 , 22.22 
7 , 18 , 2019 , 22.28 , 21.84 , 22.17 , 22.11 
7 , 19 , 2019 , 22.27 , 21.83 , 22.14 , 21.83 
7 , 22 , 2019 , 21.86 , 21.58 , 21.84 , 21.61 
7 , 23 , 2019 , 21.68 , 21.37 , 21.67 , 21.43 
7 , 24 , 2019 , 21.64 , 21.33 , 21.41 , 21.56 
7 , 25 , 2019 , 22.08 , 21.44 , 21.46 , 21.92 
7 , 26 , 2019 , 22.06 , 21.65 , 21.95 , 21.75 
7 , 29 , 2019 , 21.94 , 21.53 , 21.77 , 21.77 
7 , 30 , 2019 , 21.90 , 21.60 , 21.68 , 21.87 
7 , 31 , 2019 , 21.97 , 21.43 , 21.85 , 21.46 
8 , 1 , 2019 , 21.80 , 21.35 , 21.45 , 21.55 
8 , 2 , 2019 , 22.36 , 21.35 , 21.75 , 22.04 
8 , 5 , 2019 , 21.96 , 21.51 , 21.84 , 21.72 
8 , 6 , 2019 , 22.33 , 21.63 , 21.75 , 22.28 
8 , 7 , 2019 , 22.61 , 22.06 , 22.23 , 22.06 
8 , 8 , 2019 , 22.83 , 22.05 , 22.09 , 22.75 
8 , 9 , 2019 , 22.77 , 22.13 , 22.70 , 22.13 
8 , 12 , 2019 , 22.11 , 21.75 , 22.03 , 22.10 
8 , 13 , 2019 , 22.74 , 22.00 , 22.05 , 22.59 
8 , 14 , 2019 , 22.87 , 22.22 , 22.53 , 22.29 
8 , 15 , 2019 , 22.74 , 22.25 , 22.40 , 22.61 
8 , 16 , 2019 , 23.74 , 22.70 , 22.70 , 23.69 
8 , 19 , 2019 , 23.99 , 23.46 , 23.94 , 23.69 
8 , 20 , 2019 , 23.83 , 23.29 , 23.61 , 23.79 
8 , 21 , 2019 , 24.19 , 23.76 , 23.94 , 24.11 
8 , 22 , 2019 , 24.42 , 24.05 , 24.12 , 24.14 
8 , 23 , 2019 , 24.40 , 23.90 , 24.22 , 23.98 
8 , 26 , 2019 , 24.27 , 23.95 , 24.10 , 24.26 
8 , 27 , 2019 , 24.59 , 23.95 , 24.35 , 23.99 
8 , 28 , 2019 , 24.06 , 23.93 , 24.00 , 24.04 
8 , 29 , 2019 , 24.44 , 24.18 , 24.20 , 24.40 
8 , 30 , 2019 , 25.02 , 24.50 , 24.50 , 24.95 
9 , 3 , 2019 , 25.11 , 24.79 , 24.90 , 25.07 
9 , 4 , 2019 , 25.46 , 25.02 , 25.30 , 25.22 
9 , 5 , 2019 , 25.72 , 25.11 , 25.22 , 25.68 
9 , 6 , 2019 , 25.88 , 25.40 , 25.75 , 25.53 
9 , 9 , 2019 , 25.67 , 25.38 , 25.52 , 25.55 
9 , 10 , 2019 , 26.12 , 25.59 , 25.63 , 25.62 
9 , 11 , 2019 , 26.10 , 25.59 , 25.63 , 25.97 
9 , 12 , 2019 , 26.49 , 25.98 , 26.01 , 26.27 
9 , 13 , 2019 , 26.28 , 25.84 , 26.00 , 26.25 
9 , 16 , 2019 , 26.68 , 26.12 , 26.26 , 26.56 
9 , 17 , 2019 , 26.95 , 26.56 , 26.59 , 26.66 
9 , 18 , 2019 , 26.83 , 26.48 , 26.71 , 26.75 
9 , 19 , 2019 , 26.92 , 26.58 , 26.85 , 26.68 
9 , 20 , 2019 , 27.19 , 26.66 , 26.80 , 27.14 
9 , 23 , 2019 , 27.23 , 26.93 , 27.08 , 26.96 
9 , 24 , 2019 , 27.21 , 26.71 , 27.02 , 26.98 
9 , 25 , 2019 , 27.21 , 26.74 , 26.91 , 27.15 
9 , 26 , 2019 , 27.16 , 26.76 , 27.15 , 26.88 
9 , 27 , 2019 , 26.97 , 26.55 , 26.94 , 26.74 
9 , 30 , 2019 , 26.88 , 26.59 , 26.62 , 26.73 
10 , 1 , 2019 , 26.87 , 26.47 , 26.71 , 26.50 
10 , 2 , 2019 , 26.46 , 26.12 , 26.39 , 26.12 
10 , 3 , 2019 , 26.30 , 26.02 , 26.16 , 26.23 
10 , 4 , 2019 , 26.93 , 26.17 , 26.34 , 26.93 
10 , 7 , 2019 , 27.22 , 26.81 , 26.93 , 27.00 
10 , 8 , 2019 , 27.48 , 26.82 , 26.94 , 27.14 
10 , 9 , 2019 , 27.32 , 26.94 , 27.18 , 27.07 
10 , 10 , 2019 , 27.05 , 26.75 , 27.05 , 26.92 
10 , 11 , 2019 , 27.42 , 26.93 , 27.03 , 27.09 
10 , 14 , 2019 , 27.23 , 26.91 , 27.23 , 26.97 
10 , 15 , 2019 , 27.15 , 26.81 , 27.00 , 26.90 
10 , 16 , 2019 , 26.94 , 26.54 , 26.84 , 26.66 
10 , 17 , 2019 , 26.93 , 26.64 , 26.76 , 26.84 
10 , 18 , 2019 , 26.95 , 26.57 , 26.84 , 26.79 
10 , 21 , 2019 , 27.22 , 26.95 , 26.95 , 27.05 
10 , 22 , 2019 , 27.21 , 26.94 , 27.12 , 27.10 
10 , 23 , 2019 , 27.17 , 26.88 , 27.06 , 27.04 
10 , 24 , 2019 , 27.17 , 26.85 , 27.17 , 26.99 
10 , 25 , 2019 , 27.15 , 26.92 , 26.95 , 27.10 
10 , 28 , 2019 , 27.24 , 26.98 , 27.14 , 26.99 
10 , 29 , 2019 , 27.19 , 26.79 , 26.86 , 27.03 
10 , 30 , 2019 , 27.29 , 26.83 , 27.08 , 27.25 
10 , 31 , 2019 , 27.42 , 26.98 , 27.20 , 27.03 
11 , 1 , 2019 , 27.28 , 26.95 , 27.09 , 27.17 
11 , 4 , 2019 , 27.52 , 27.07 , 27.13 , 27.37 
11 , 5 , 2019 , 27.96 , 26.33 , 27.56 , 26.36 
11 , 6 , 2019 , 26.58 , 25.65 , 26.44 , 25.75 
11 , 7 , 2019 , 26.73 , 25.83 , 26.23 , 26.21 
11 , 8 , 2019 , 26.29 , 25.89 , 26.21 , 26.00 
11 , 11 , 2019 , 26.22 , 26.01 , 26.04 , 26.09 
11 , 12 , 2019 , 26.48 , 26.01 , 26.01 , 26.30 
11 , 13 , 2019 , 26.29 , 25.98 , 26.29 , 26.00 
11 , 14 , 2019 , 26.53 , 25.84 , 26.06 , 26.34 
11 , 15 , 2019 , 26.51 , 26.13 , 26.39 , 26.20 
11 , 18 , 2019 , 26.78 , 26.25 , 26.28 , 26.68 
11 , 19 , 2019 , 26.72 , 26.20 , 26.72 , 26.44 
11 , 20 , 2019 , 26.69 , 26.36 , 26.36 , 26.69 
11 , 21 , 2019 , 26.80 , 26.27 , 26.72 , 26.44 
11 , 22 , 2019 , 26.69 , 26.30 , 26.43 , 26.53 
11 , 25 , 2019 , 26.70 , 26.17 , 26.50 , 26.27 
11 , 26 , 2019 , 26.31 , 26.01 , 26.31 , 26.17 
11 , 27 , 2019 , 26.51 , 26.14 , 26.28 , 26.48 
11 , 29 , 2019 , 26.68 , 26.27 , 26.43 , 26.53 
12 , 2 , 2019 , 26.69 , 26.44 , 26.52 , 26.46 
12 , 3 , 2019 , 26.51 , 26.09 , 26.43 , 26.41 
12 , 4 , 2019 , 25.73 , 24.95 , 25.73 , 25.11 
12 , 5 , 2019 , 25.30 , 24.33 , 25.21 , 24.45 
12 , 6 , 2019 , 24.59 , 24.01 , 24.48 , 24.09 
12 , 9 , 2019 , 24.27 , 23.57 , 24.17 , 23.67 
12 , 10 , 2019 , 24.06 , 23.44 , 23.90 , 23.84 
12 , 11 , 2019 , 24.11 , 23.78 , 23.78 , 23.90 
12 , 12 , 2019 , 24.24 , 23.92 , 24.00 , 24.05 
12 , 13 , 2019 , 24.10 , 23.66 , 24.00 , 23.71 
12 , 16 , 2019 , 24.31 , 23.66 , 23.68 , 24.24 
12 , 17 , 2019 , 24.41 , 23.83 , 24.39 , 23.94 
12 , 18 , 2019 , 24.19 , 23.74 , 23.90 , 23.88 
12 , 19 , 2019 , 24.52 , 23.88 , 23.89 , 24.23 
12 , 20 , 2019 , 24.60 , 23.94 , 24.28 , 24.01 
12 , 23 , 2019 , 24.08 , 23.55 , 24.07 , 23.65 
12 , 24 , 2019 , 23.71 , 23.44 , 23.68 , 23.49 
12 , 26 , 2019 , 23.58 , 22.97 , 23.55 , 23.03 
12 , 27 , 2019 , 23.09 , 22.65 , 23.00 , 22.82 
12 , 30 , 2019 , 23.02 , 22.69 , 22.72 , 22.82 
12 , 31 , 2019 , 23.05 , 22.72 , 22.74 , 22.99 
1 , 2 , 2020 , 23.08 , 22.63 , 23.08 , 22.84 
1 , 3 , 2020 , 23.13 , 22.72 , 22.72 , 23.08 
1 , 6 , 2020 , 23.14 , 22.61 , 23.04 , 22.69 
1 , 7 , 2020 , 22.88 , 22.54 , 22.61 , 22.83 
1 , 8 , 2020 , 23.22 , 22.70 , 22.79 , 23.13 
1 , 9 , 2020 , 23.22 , 22.83 , 23.15 , 22.86 
1 , 10 , 2020 , 23.07 , 22.67 , 22.86 , 22.76 
1 , 13 , 2020 , 22.86 , 22.50 , 22.72 , 22.53 
1 , 14 , 2020 , 22.74 , 22.48 , 22.51 , 22.67 
1 , 15 , 2020 , 23.01 , 22.60 , 22.60 , 22.73 
1 , 16 , 2020 , 23.43 , 22.81 , 22.81 , 23.20 
1 , 17 , 2020 , 23.36 , 22.93 , 23.26 , 22.94 
1 , 21 , 2020 , 22.99 , 22.70 , 22.93 , 22.71 
1 , 22 , 2020 , 23.02 , 22.69 , 22.83 , 22.74 
1 , 23 , 2020 , 23.01 , 22.63 , 22.77 , 22.96 
1 , 24 , 2020 , 22.94 , 22.06 , 22.88 , 22.17 
1 , 27 , 2020 , 22.09 , 21.65 , 22.01 , 21.65 
1 , 28 , 2020 , 21.79 , 21.54 , 21.71 , 21.54 
1 , 29 , 2020 , 22.22 , 21.36 , 21.51 , 22.13 
1 , 30 , 2020 , 22.45 , 21.82 , 22.16 , 22.41 
1 , 31 , 2020 , 22.60 , 22.22 , 22.30 , 22.52 
2 , 3 , 2020 , 22.75 , 22.37 , 22.53 , 22.57 
2 , 4 , 2020 , 22.83 , 22.04 , 22.68 , 22.04 
2 , 5 , 2020 , 22.51 , 21.85 , 22.07 , 21.93 
2 , 6 , 2020 , 22.01 , 21.72 , 21.96 , 21.72 
2 , 7 , 2020 , 22.36 , 21.74 , 21.74 , 22.30 
2 , 10 , 2020 , 22.38 , 22.07 , 22.30 , 22.27 
2 , 11 , 2020 , 23.44 , 22.33 , 22.37 , 22.98 
2 , 12 , 2020 , 23.20 , 22.83 , 22.83 , 22.93 
2 , 13 , 2020 , 23.09 , 22.86 , 22.93 , 23.07 
2 , 14 , 2020 , 23.30 , 23.06 , 23.13 , 23.29 
2 , 18 , 2020 , 23.60 , 23.16 , 23.38 , 23.36 
2 , 19 , 2020 , 23.46 , 22.68 , 23.40 , 22.69 
2 , 20 , 2020 , 22.96 , 22.59 , 22.71 , 22.91 
2 , 21 , 2020 , 23.46 , 22.79 , 22.87 , 23.43 
2 , 24 , 2020 , 23.19 , 22.62 , 23.18 , 22.98 
2 , 25 , 2020 , 23.28 , 22.13 , 23.04 , 22.14 
2 , 26 , 2020 , 22.63 , 21.67 , 22.32 , 21.68 
2 , 27 , 2020 , 21.60 , 20.46 , 21.58 , 20.59 
2 , 28 , 2020 , 20.43 , 18.75 , 20.43 , 19.23 
3 , 2 , 2020 , 20.24 , 18.94 , 19.30 , 20.14 
3 , 3 , 2020 , 21.03 , 20.10 , 20.25 , 20.25 
3 , 4 , 2020 , 21.08 , 20.42 , 20.52 , 21.05 
3 , 5 , 2020 , 21.00 , 20.38 , 20.88 , 20.64 
3 , 6 , 2020 , 20.83 , 19.84 , 19.91 , 20.53 
3 , 9 , 2020 , 19.32 , 18.04 , 18.90 , 18.43 
3 , 10 , 2020 , 19.38 , 17.89 , 18.97 , 19.34 
3 , 11 , 2020 , 18.94 , 17.27 , 18.76 , 17.79 
3 , 12 , 2020 , 16.75 , 14.27 , 16.36 , 14.55 
3 , 13 , 2020 , 15.91 , 14.51 , 15.41 , 15.49 
3 , 16 , 2020 , 15.48 , 13.50 , 14.26 , 13.69 
3 , 17 , 2020 , 14.38 , 12.67 , 14.07 , 12.89 
3 , 18 , 2020 , 13.04 , 11.30 , 11.95 , 12.60 
3 , 19 , 2020 , 14.44 , 12.34 , 12.43 , 14.22 
3 , 20 , 2020 , 14.73 , 13.83 , 14.60 , 14.08 
3 , 23 , 2020 , 14.12 , 12.71 , 14.03 , 12.92 
3 , 24 , 2020 , 15.02 , 13.68 , 13.73 , 14.61 
3 , 25 , 2020 , 15.53 , 13.86 , 14.57 , 14.69 
3 , 26 , 2020 , 16.21 , 14.26 , 14.84 , 15.79 
3 , 27 , 2020 , 16.71 , 14.72 , 15.21 , 16.39 
3 , 30 , 2020 , 16.63 , 15.46 , 16.49 , 16.06 
3 , 31 , 2020 , 16.26 , 15.60 , 15.83 , 15.96 
4 , 1 , 2020 , 15.46 , 15.04 , 15.27 , 15.33 
4 , 2 , 2020 , 16.03 , 15.09 , 15.16 , 15.98 
4 , 3 , 2020 , 16.15 , 15.60 , 15.85 , 15.83 
4 , 6 , 2020 , 16.82 , 15.73 , 16.49 , 16.02 
4 , 7 , 2020 , 16.97 , 16.26 , 16.60 , 16.30 
4 , 8 , 2020 , 17.53 , 16.31 , 16.40 , 17.46 
4 , 9 , 2020 , 18.69 , 17.42 , 17.78 , 17.79 
4 , 13 , 2020 , 17.74 , 16.47 , 17.69 , 17.14 
4 , 14 , 2020 , 17.71 , 16.97 , 17.46 , 17.42 
4 , 15 , 2020 , 16.97 , 15.98 , 16.87 , 16.19 
4 , 16 , 2020 , 16.32 , 15.77 , 16.27 , 16.10 
4 , 17 , 2020 , 17.63 , 16.41 , 16.50 , 17.54 
4 , 20 , 2020 , 17.59 , 16.68 , 17.22 , 16.89 
4 , 21 , 2020 , 17.08 , 16.36 , 16.53 , 17.02 
4 , 22 , 2020 , 17.73 , 17.07 , 17.39 , 17.64 
4 , 23 , 2020 , 17.77 , 17.37 , 17.75 , 17.50 
4 , 24 , 2020 , 18.23 , 17.46 , 17.52 , 18.04 
4 , 27 , 2020 , 19.07 , 18.13 , 18.39 , 18.95 
4 , 28 , 2020 , 19.94 , 19.07 , 19.33 , 19.21 
4 , 29 , 2020 , 20.20 , 19.47 , 19.79 , 19.75 
4 , 30 , 2020 , 19.69 , 19.08 , 19.55 , 19.54 
5 , 1 , 2020 , 19.52 , 18.85 , 19.16 , 19.35 
5 , 4 , 2020 , 19.25 , 18.65 , 19.15 , 18.97 
5 , 5 , 2020 , 20.68 , 18.68 , 20.68 , 18.72 
5 , 6 , 2020 , 18.87 , 18.04 , 18.76 , 18.23 
5 , 7 , 2020 , 18.54 , 17.88 , 18.42 , 17.95 
5 , 8 , 2020 , 19.11 , 18.09 , 18.23 , 18.90 
5 , 11 , 2020 , 18.72 , 18.14 , 18.72 , 18.32 
5 , 12 , 2020 , 18.50 , 18.03 , 18.27 , 18.10 
5 , 13 , 2020 , 18.25 , 17.50 , 18.01 , 17.82 
5 , 14 , 2020 , 18.75 , 17.61 , 17.71 , 18.71 
5 , 15 , 2020 , 18.85 , 18.37 , 18.49 , 18.57 
5 , 18 , 2020 , 20.03 , 19.22 , 19.22 , 19.92 
5 , 19 , 2020 , 20.03 , 19.53 , 19.84 , 19.53 
5 , 20 , 2020 , 20.59 , 19.79 , 19.80 , 19.99 
5 , 21 , 2020 , 20.02 , 19.58 , 19.85 , 19.60 
5 , 22 , 2020 , 19.84 , 19.31 , 19.54 , 19.81 
5 , 26 , 2020 , 20.48 , 19.60 , 20.44 , 19.72 
5 , 27 , 2020 , 20.12 , 19.57 , 20.05 , 20.12 
5 , 28 , 2020 , 20.93 , 20.12 , 20.30 , 20.81 
5 , 29 , 2020 , 20.94 , 20.14 , 20.76 , 20.44 
6 , 1 , 2020 , 21.02 , 20.34 , 20.34 , 20.94 
6 , 2 , 2020 , 21.27 , 20.52 , 21.04 , 20.63 
6 , 3 , 2020 , 20.94 , 20.49 , 20.84 , 20.81 
6 , 4 , 2020 , 20.84 , 19.94 , 20.74 , 20.28 
6 , 5 , 2020 , 21.39 , 20.65 , 20.82 , 20.87 
6 , 8 , 2020 , 22.02 , 21.00 , 21.21 , 22.00 
6 , 9 , 2020 , 21.99 , 21.01 , 21.99 , 21.17 
6 , 10 , 2020 , 21.43 , 20.54 , 21.16 , 21.22 
6 , 11 , 2020 , 20.62 , 19.50 , 20.59 , 19.75 
6 , 12 , 2020 , 20.56 , 19.73 , 20.31 , 20.20 
6 , 15 , 2020 , 20.16 , 19.30 , 19.59 , 19.87 
6 , 16 , 2020 , 21.00 , 20.22 , 20.46 , 20.49 
6 , 17 , 2020 , 20.71 , 20.02 , 20.53 , 20.28 
6 , 18 , 2020 , 20.43 , 20.02 , 20.08 , 20.29 
6 , 19 , 2020 , 20.63 , 19.80 , 20.57 , 19.83 
6 , 22 , 2020 , 19.84 , 19.29 , 19.80 , 19.65 
6 , 23 , 2020 , 19.76 , 18.76 , 19.72 , 18.89 
6 , 24 , 2020 , 18.88 , 18.42 , 18.67 , 18.61 
6 , 25 , 2020 , 18.90 , 18.38 , 18.58 , 18.87 
6 , 26 , 2020 , 18.80 , 17.82 , 18.73 , 18.13 
6 , 29 , 2020 , 18.76 , 17.99 , 18.30 , 18.74 
6 , 30 , 2020 , 18.72 , 18.32 , 18.60 , 18.62 
7 , 1 , 2020 , 19.25 , 18.54 , 18.62 , 19.14 
7 , 2 , 2020 , 19.47 , 18.94 , 19.39 , 19.04 
7 , 6 , 2020 , 19.53 , 19.05 , 19.34 , 19.28 
7 , 7 , 2020 , 19.11 , 18.90 , 19.11 , 18.98 
7 , 8 , 2020 , 19.67 , 18.94 , 19.06 , 19.56 
7 , 9 , 2020 , 19.44 , 18.71 , 19.44 , 19.00 
7 , 10 , 2020 , 19.22 , 18.83 , 19.00 , 18.87 
7 , 13 , 2020 , 19.49 , 18.85 , 18.96 , 19.11 
7 , 14 , 2020 , 19.38 , 18.95 , 19.02 , 19.19 
7 , 15 , 2020 , 19.57 , 19.17 , 19.39 , 19.30 
7 , 16 , 2020 , 19.62 , 19.19 , 19.21 , 19.40 
7 , 17 , 2020 , 19.70 , 19.41 , 19.41 , 19.62 
7 , 20 , 2020 , 19.62 , 18.95 , 19.53 , 19.10 
7 , 21 , 2020 , 19.62 , 19.15 , 19.18 , 19.24 
7 , 22 , 2020 , 19.63 , 18.91 , 19.12 , 19.52 
7 , 23 , 2020 , 19.62 , 19.07 , 19.46 , 19.16 
7 , 24 , 2020 , 19.48 , 18.69 , 19.19 , 18.88 
7 , 27 , 2020 , 18.88 , 18.00 , 18.88 , 18.20 
7 , 28 , 2020 , 18.75 , 18.19 , 18.26 , 18.44 
7 , 29 , 2020 , 18.91 , 18.44 , 18.48 , 18.87 
7 , 30 , 2020 , 18.86 , 18.23 , 18.64 , 18.80 
7 , 31 , 2020 , 18.86 , 18.43 , 18.79 , 18.66 
8 , 3 , 2020 , 18.80 , 18.29 , 18.63 , 18.76 
8 , 4 , 2020 , 19.23 , 18.69 , 18.73 , 18.76 
8 , 5 , 2020 , 19.39 , 18.10 , 19.00 , 18.26 
8 , 6 , 2020 , 18.97 , 18.13 , 18.13 , 18.83 
8 , 7 , 2020 , 19.15 , 18.49 , 18.73 , 18.90 
8 , 10 , 2020 , 19.27 , 18.81 , 18.93 , 19.20 
8 , 11 , 2020 , 19.66 , 18.85 , 19.38 , 18.89 
8 , 12 , 2020 , 19.44 , 19.02 , 19.08 , 19.34 
8 , 13 , 2020 , 19.33 , 18.99 , 19.27 , 19.11 
8 , 14 , 2020 , 19.20 , 18.80 , 18.93 , 19.05 
8 , 17 , 2020 , 19.40 , 18.99 , 19.13 , 19.35 
8 , 18 , 2020 , 20.40 , 19.35 , 19.40 , 20.14 
8 , 19 , 2020 , 20.21 , 19.69 , 20.21 , 19.73 
8 , 20 , 2020 , 19.75 , 19.34 , 19.60 , 19.40 
8 , 21 , 2020 , 19.53 , 19.05 , 19.31 , 19.10 
8 , 24 , 2020 , 19.41 , 18.90 , 19.16 , 19.30 
8 , 25 , 2020 , 19.51 , 19.00 , 19.41 , 19.14 
8 , 26 , 2020 , 19.02 , 18.48 , 19.00 , 18.76 
8 , 27 , 2020 , 19.14 , 18.72 , 18.83 , 19.10 
8 , 28 , 2020 , 19.33 , 18.96 , 19.25 , 19.30 
8 , 31 , 2020 , 19.48 , 19.19 , 19.34 , 19.23 
9 , 1 , 2020 , 19.11 , 18.68 , 19.11 , 18.76 
9 , 2 , 2020 , 19.44 , 18.51 , 18.79 , 19.29 
9 , 3 , 2020 , 19.52 , 18.67 , 19.26 , 18.75 
9 , 4 , 2020 , 18.90 , 18.03 , 18.77 , 18.23 
9 , 8 , 2020 , 18.40 , 17.75 , 18.23 , 17.85 
9 , 9 , 2020 , 18.62 , 18.06 , 18.08 , 18.42 
9 , 10 , 2020 , 18.42 , 18.08 , 18.38 , 18.09 
9 , 11 , 2020 , 18.51 , 17.93 , 18.42 , 18.51 
9 , 14 , 2020 , 18.88 , 18.25 , 18.51 , 18.87 
9 , 15 , 2020 , 18.76 , 18.36 , 18.76 , 18.42 
9 , 16 , 2020 , 18.83 , 18.30 , 18.32 , 18.61 
9 , 17 , 2020 , 18.50 , 18.11 , 18.47 , 18.28 
9 , 18 , 2020 , 18.50 , 18.02 , 18.25 , 18.11 
9 , 21 , 2020 , 18.10 , 17.67 , 17.81 , 17.89 
9 , 22 , 2020 , 18.19 , 17.68 , 18.08 , 17.82 
9 , 23 , 2020 , 18.14 , 17.82 , 17.89 , 17.96 
9 , 24 , 2020 , 18.11 , 17.64 , 17.95 , 17.99 
9 , 25 , 2020 , 18.11 , 17.76 , 17.90 , 18.01 
9 , 28 , 2020 , 18.21 , 17.94 , 18.16 , 17.97 
9 , 29 , 2020 , 18.86 , 18.15 , 18.15 , 18.53 
9 , 30 , 2020 , 18.98 , 18.33 , 18.67 , 18.86 
10 , 1 , 2020 , 18.96 , 17.86 , 18.94 , 17.89 
10 , 2 , 2020 , 18.04 , 17.21 , 17.44 , 17.99 
10 , 5 , 2020 , 18.23 , 17.79 , 18.04 , 17.81 
10 , 6 , 2020 , 18.22 , 17.74 , 17.85 , 17.95 
10 , 7 , 2020 , 18.04 , 17.76 , 18.00 , 17.83 
10 , 8 , 2020 , 18.31 , 17.90 , 17.94 , 18.28 
10 , 9 , 2020 , 18.43 , 17.99 , 18.36 , 17.99 
10 , 12 , 2020 , 18.18 , 17.78 , 17.94 , 18.00 
10 , 13 , 2020 , 18.15 , 17.69 , 17.90 , 18.03 
10 , 14 , 2020 , 19.02 , 18.07 , 18.10 , 18.76 
10 , 15 , 2020 , 19.07 , 18.44 , 18.55 , 18.75 
10 , 16 , 2020 , 19.27 , 18.66 , 18.79 , 19.02 
10 , 19 , 2020 , 19.13 , 18.81 , 19.09 , 18.81 
10 , 20 , 2020 , 19.20 , 18.80 , 18.95 , 18.95 
10 , 21 , 2020 , 19.15 , 18.72 , 18.77 , 18.94 
10 , 22 , 2020 , 19.20 , 18.65 , 18.99 , 19.06 
10 , 23 , 2020 , 19.37 , 19.02 , 19.22 , 19.28 
10 , 26 , 2020 , 19.20 , 18.75 , 19.14 , 19.09 
10 , 27 , 2020 , 19.26 , 18.37 , 19.00 , 18.44 
10 , 28 , 2020 , 18.22 , 17.31 , 18.13 , 17.35 
10 , 29 , 2020 , 17.53 , 16.91 , 17.19 , 17.34 
10 , 30 , 2020 , 17.66 , 17.23 , 17.31 , 17.37 
11 , 2 , 2020 , 17.91 , 17.42 , 17.59 , 17.74 
11 , 3 , 2020 , 18.68 , 18.03 , 18.05 , 18.39 
11 , 4 , 2020 , 18.88 , 18.06 , 18.60 , 18.34 
11 , 5 , 2020 , 18.98 , 18.34 , 18.53 , 18.49 
11 , 6 , 2020 , 18.73 , 18.24 , 18.37 , 18.26 
11 , 9 , 2020 , 19.65 , 18.64 , 19.01 , 18.91 
11 , 10 , 2020 , 20.20 , 18.85 , 18.99 , 20.18 
11 , 11 , 2020 , 20.32 , 19.41 , 20.21 , 19.64 
11 , 12 , 2020 , 19.86 , 18.83 , 19.71 , 19.03 
11 , 13 , 2020 , 19.85 , 19.17 , 19.17 , 19.73 
11 , 16 , 2020 , 20.16 , 19.57 , 20.00 , 19.80 
11 , 17 , 2020 , 19.80 , 19.11 , 19.60 , 19.33 
11 , 18 , 2020 , 19.49 , 18.61 , 19.35 , 18.62 
11 , 19 , 2020 , 18.73 , 18.18 , 18.57 , 18.53 
11 , 20 , 2020 , 18.69 , 18.18 , 18.45 , 18.20 
11 , 23 , 2020 , 18.67 , 18.32 , 18.34 , 18.57 
11 , 24 , 2020 , 19.38 , 18.60 , 18.84 , 19.37 
11 , 25 , 2020 , 19.58 , 19.24 , 19.37 , 19.47 
11 , 27 , 2020 , 19.65 , 19.46 , 19.51 , 19.59 
11 , 30 , 2020 , 19.68 , 18.58 , 19.59 , 18.68 
12 , 1 , 2020 , 19.12 , 18.69 , 18.75 , 18.78 
12 , 2 , 2020 , 18.89 , 18.50 , 18.64 , 18.87 
12 , 3 , 2020 , 18.95 , 18.61 , 18.84 , 18.77 
12 , 4 , 2020 , 19.24 , 18.88 , 18.89 , 19.15 
12 , 7 , 2020 , 19.20 , 18.66 , 19.20 , 18.97 
12 , 8 , 2020 , 18.97 , 18.53 , 18.81 , 18.95 
12 , 9 , 2020 , 19.14 , 18.83 , 19.00 , 19.01 
12 , 10 , 2020 , 19.08 , 18.68 , 19.01 , 18.82 
12 , 11 , 2020 , 18.72 , 18.22 , 18.64 , 18.28 
12 , 14 , 2020 , 18.62 , 17.99 , 18.51 , 18.14 
12 , 15 , 2020 , 18.52 , 17.96 , 18.20 , 18.46 
12 , 16 , 2020 , 18.55 , 17.91 , 18.53 , 18.08 
12 , 17 , 2020 , 18.11 , 17.79 , 17.98 , 17.93 
12 , 18 , 2020 , 18.08 , 17.58 , 17.90 , 17.65 
12 , 21 , 2020 , 17.78 , 17.39 , 17.74 , 17.56 
12 , 22 , 2020 , 18.16 , 17.68 , 17.77 , 18.13 
12 , 23 , 2020 , 18.57 , 18.08 , 18.25 , 18.47 
12 , 24 , 2020 , 18.80 , 18.48 , 18.79 , 18.71 
12 , 28 , 2020 , 19.16 , 18.77 , 18.80 , 19.12 
12 , 29 , 2020 , 19.33 , 18.86 , 19.20 , 18.90 
12 , 30 , 2020 , 19.53 , 18.80 , 18.82 , 19.49 
12 , 31 , 2020 , 19.75 , 19.40 , 19.56 , 19.66 
1 , 4 , 2021 , 19.73 , 19.16 , 19.64 , 19.18 
1 , 5 , 2021 , 20.05 , 19.13 , 19.16 , 19.82 
1 , 6 , 2021 , 20.90 , 20.01 , 20.01 , 20.29 
1 , 7 , 2021 , 20.61 , 20.12 , 20.30 , 20.18 
1 , 8 , 2021 , 21.06 , 20.28 , 20.30 , 20.99 
1 , 11 , 2021 , 21.27 , 20.56 , 20.74 , 21.17 
1 , 12 , 2021 , 21.72 , 21.20 , 21.26 , 21.56 
1 , 13 , 2021 , 21.98 , 21.46 , 21.55 , 21.80 
1 , 14 , 2021 , 21.90 , 21.31 , 21.87 , 21.33 
1 , 15 , 2021 , 21.69 , 21.23 , 21.29 , 21.51 
1 , 19 , 2021 , 21.88 , 21.51 , 21.66 , 21.71 
1 , 20 , 2021 , 21.82 , 21.31 , 21.71 , 21.42 
1 , 21 , 2021 , 21.46 , 20.96 , 21.37 , 21.19 
1 , 22 , 2021 , 21.43 , 20.79 , 21.05 , 21.34 
1 , 25 , 2021 , 21.52 , 20.84 , 21.23 , 20.85 
1 , 26 , 2021 , 20.94 , 20.68 , 20.85 , 20.80 
1 , 27 , 2021 , 20.90 , 20.18 , 20.55 , 20.18 
1 , 28 , 2021 , 20.48 , 19.78 , 20.16 , 20.18 
1 , 29 , 2021 , 20.48 , 19.97 , 20.06 , 19.97 
2 , 1 , 2021 , 20.55 , 19.92 , 20.02 , 20.37 
2 , 2 , 2021 , 21.12 , 20.47 , 20.57 , 20.82 
2 , 3 , 2021 , 21.73 , 20.55 , 20.64 , 21.30 
2 , 4 , 2021 , 21.43 , 20.86 , 21.35 , 21.09 
2 , 5 , 2021 , 21.27 , 20.93 , 21.26 , 21.05 
2 , 8 , 2021 , 21.37 , 20.84 , 21.10 , 21.04 
2 , 9 , 2021 , 21.47 , 20.98 , 21.12 , 21.33 
2 , 10 , 2021 , 21.59 , 21.08 , 21.53 , 21.45 
2 , 11 , 2021 , 21.63 , 21.34 , 21.49 , 21.52 
2 , 12 , 2021 , 21.61 , 21.22 , 21.58 , 21.33 
2 , 16 , 2021 , 22.12 , 21.71 , 21.99 , 21.91 
2 , 17 , 2021 , 22.30 , 21.71 , 22.00 , 22.01 
2 , 18 , 2021 , 23.30 , 22.02 , 22.14 , 23.15 
2 , 19 , 2021 , 23.34 , 22.80 , 23.24 , 22.91 
2 , 22 , 2021 , 23.23 , 22.72 , 23.00 , 23.05 
2 , 23 , 2021 , 23.48 , 22.46 , 23.05 , 23.38 
2 , 24 , 2021 , 24.20 , 23.41 , 23.56 , 23.83 
2 , 25 , 2021 , 24.01 , 22.73 , 23.74 , 22.76 
2 , 26 , 2021 , 19.20 , 17.12 , 18.66 , 17.25 
3 , 1 , 2021 , 18.30 , 17.37 , 18.01 , 17.41 
3 , 2 , 2021 , 17.51 , 16.69 , 17.51 , 16.70 
3 , 3 , 2021 , 16.79 , 16.20 , 16.60 , 16.43 
3 , 4 , 2021 , 17.57 , 16.47 , 16.65 , 17.49 
3 , 5 , 2021 , 18.09 , 17.32 , 17.87 , 17.82 
3 , 8 , 2021 , 19.18 , 18.04 , 18.07 , 18.88 
3 , 9 , 2021 , 19.36 , 18.54 , 18.90 , 18.65 
3 , 10 , 2021 , 19.57 , 18.63 , 18.68 , 19.52 
3 , 11 , 2021 , 19.63 , 18.31 , 19.50 , 18.81 
3 , 12 , 2021 , 19.02 , 18.16 , 18.86 , 18.40 
3 , 15 , 2021 , 18.64 , 18.22 , 18.40 , 18.59 
3 , 16 , 2021 , 18.31 , 17.92 , 18.31 , 18.12 
3 , 17 , 2021 , 17.71 , 17.01 , 17.01 , 17.29 
3 , 18 , 2021 , 17.30 , 16.77 , 17.16 , 16.79 
3 , 19 , 2021 , 17.35 , 16.64 , 16.80 , 17.30 
3 , 22 , 2021 , 17.34 , 16.63 , 17.16 , 16.70 
3 , 23 , 2021 , 17.10 , 16.63 , 16.79 , 16.70 
3 , 24 , 2021 , 17.19 , 16.60 , 16.66 , 16.82 
3 , 25 , 2021 , 17.28 , 16.61 , 16.88 , 17.05 
3 , 26 , 2021 , 17.19 , 16.60 , 17.08 , 16.87 
3 , 29 , 2021 , 17.74 , 16.77 , 16.83 , 17.62 
3 , 30 , 2021 , 17.82 , 17.45 , 17.61 , 17.81 
3 , 31 , 2021 , 17.94 , 17.67 , 17.87 , 17.68 
4 , 1 , 2021 , 17.74 , 17.35 , 17.65 , 17.72 
4 , 5 , 2021 , 17.99 , 17.51 , 17.90 , 17.68 
4 , 6 , 2021 , 18.01 , 17.47 , 17.50 , 17.88 
4 , 7 , 2021 , 17.93 , 17.60 , 17.85 , 17.69 
4 , 8 , 2021 , 17.80 , 17.55 , 17.73 , 17.60 
4 , 9 , 2021 , 17.65 , 17.25 , 17.54 , 17.50 
4 , 12 , 2021 , 17.61 , 17.12 , 17.48 , 17.16 
4 , 13 , 2021 , 17.65 , 17.01 , 17.15 , 17.55 
4 , 14 , 2021 , 17.82 , 17.52 , 17.75 , 17.63 
4 , 15 , 2021 , 17.92 , 17.63 , 17.63 , 17.92 
4 , 16 , 2021 , 18.01 , 17.73 , 17.96 , 17.80 
4 , 19 , 2021 , 18.02 , 17.81 , 18.00 , 17.86 
4 , 20 , 2021 , 18.06 , 17.72 , 17.83 , 17.81 
4 , 21 , 2021 , 17.91 , 17.65 , 17.75 , 17.76 
4 , 22 , 2021 , 17.99 , 17.41 , 17.83 , 17.42 
4 , 23 , 2021 , 17.53 , 17.23 , 17.42 , 17.49 
4 , 26 , 2021 , 17.42 , 16.63 , 16.83 , 17.05 
4 , 27 , 2021 , 17.06 , 16.74 , 17.00 , 16.84 
4 , 28 , 2021 , 16.88 , 16.72 , 16.76 , 16.79 
4 , 29 , 2021 , 17.32 , 16.84 , 16.89 , 17.06 
4 , 30 , 2021 , 17.08 , 16.76 , 16.99 , 16.87 
5 , 3 , 2021 , 17.06 , 16.80 , 16.91 , 16.80 
5 , 4 , 2021 , 16.86 , 16.29 , 16.86 , 16.29 
5 , 5 , 2021 , 16.40 , 16.13 , 16.32 , 16.26 
5 , 6 , 2021 , 16.32 , 15.52 , 16.24 , 16.06 
5 , 7 , 2021 , 16.06 , 15.47 , 16.06 , 16.05 
5 , 10 , 2021 , 16.45 , 16.00 , 16.24 , 16.01 
5 , 11 , 2021 , 16.43 , 16.02 , 16.12 , 16.33 
5 , 12 , 2021 , 16.53 , 15.98 , 16.34 , 16.00 
5 , 13 , 2021 , 16.35 , 15.94 , 16.07 , 16.06 
5 , 14 , 2021 , 16.69 , 16.16 , 16.17 , 16.38 
5 , 17 , 2021 , 16.32 , 15.76 , 16.22 , 15.92 
5 , 18 , 2021 , 16.33 , 15.80 , 15.91 , 16.15 
5 , 19 , 2021 , 16.56 , 15.86 , 15.97 , 16.53 
5 , 20 , 2021 , 16.90 , 16.47 , 16.69 , 16.48 
5 , 21 , 2021 , 16.80 , 16.51 , 16.57 , 16.68 
5 , 24 , 2021 , 16.86 , 16.43 , 16.82 , 16.66 
5 , 25 , 2021 , 16.68 , 16.17 , 16.55 , 16.18 
5 , 26 , 2021 , 16.37 , 16.06 , 16.15 , 16.23 
5 , 27 , 2021 , 16.32 , 15.91 , 16.24 , 16.06 
5 , 28 , 2021 , 16.23 , 15.95 , 16.01 , 16.17 
6 , 1 , 2021 , 16.53 , 16.18 , 16.30 , 16.45 
6 , 2 , 2021 , 16.84 , 16.33 , 16.50 , 16.75 
6 , 3 , 2021 , 17.46 , 16.06 , 16.31 , 17.37 
6 , 4 , 2021 , 17.46 , 17.14 , 17.30 , 17.40 
6 , 7 , 2021 , 17.73 , 17.30 , 17.46 , 17.61 
6 , 8 , 2021 , 18.28 , 17.52 , 17.66 , 18.15 
6 , 9 , 2021 , 18.37 , 18.08 , 18.24 , 18.28 
6 , 10 , 2021 , 18.34 , 17.94 , 18.34 , 18.17 
6 , 11 , 2021 , 18.65 , 18.16 , 18.25 , 18.63 
6 , 14 , 2021 , 18.67 , 18.24 , 18.63 , 18.39 
6 , 15 , 2021 , 18.49 , 18.08 , 18.28 , 18.41 
6 , 16 , 2021 , 18.57 , 17.96 , 18.45 , 18.14 
6 , 17 , 2021 , 18.21 , 17.98 , 18.12 , 18.15 
6 , 18 , 2021 , 18.10 , 17.42 , 18.06 , 17.47 
6 , 21 , 2021 , 17.96 , 17.57 , 17.64 , 17.92 
6 , 22 , 2021 , 18.04 , 17.74 , 17.87 , 17.88 
6 , 23 , 2021 , 17.94 , 17.70 , 17.88 , 17.75 
6 , 24 , 2021 , 18.28 , 17.63 , 17.76 , 18.25 
6 , 25 , 2021 , 18.49 , 18.18 , 18.25 , 18.39 
6 , 28 , 2021 , 18.84 , 18.22 , 18.40 , 18.81 
6 , 29 , 2021 , 18.94 , 18.31 , 18.87 , 18.39 
6 , 30 , 2021 , 18.62 , 18.19 , 18.41 , 18.55 
7 , 1 , 2021 , 18.97 , 18.58 , 18.65 , 18.88 
7 , 2 , 2021 , 19.24 , 18.73 , 18.91 , 19.04 
7 , 6 , 2021 , 19.02 , 18.05 , 18.98 , 18.34 
7 , 7 , 2021 , 19.53 , 18.55 , 18.61 , 19.39 
7 , 8 , 2021 , 19.06 , 18.65 , 19.05 , 18.75 
7 , 9 , 2021 , 19.57 , 19.09 , 19.20 , 19.32 
7 , 12 , 2021 , 19.31 , 18.98 , 19.21 , 19.31 
7 , 13 , 2021 , 19.39 , 18.79 , 19.39 , 18.82 
7 , 14 , 2021 , 19.02 , 18.74 , 18.82 , 18.80 
7 , 15 , 2021 , 18.90 , 18.47 , 18.63 , 18.82 
7 , 16 , 2021 , 19.13 , 18.76 , 18.94 , 18.81 
7 , 19 , 2021 , 18.63 , 17.72 , 18.50 , 17.79 
7 , 20 , 2021 , 18.31 , 17.84 , 17.84 , 18.19 
7 , 21 , 2021 , 18.58 , 18.15 , 18.19 , 18.32 
7 , 22 , 2021 , 18.91 , 18.43 , 18.67 , 18.83 
7 , 23 , 2021 , 19.14 , 18.69 , 18.77 , 19.10 
7 , 26 , 2021 , 19.34 , 18.89 , 19.07 , 19.10 
7 , 27 , 2021 , 19.29 , 18.74 , 19.08 , 19.27 
7 , 28 , 2021 , 19.49 , 19.09 , 19.30 , 19.47 
7 , 29 , 2021 , 19.60 , 19.34 , 19.55 , 19.38 
7 , 30 , 2021 , 19.56 , 19.11 , 19.28 , 19.15 
8 , 2 , 2021 , 19.35 , 18.96 , 19.25 , 18.98 
8 , 3 , 2021 , 19.20 , 18.85 , 18.91 , 18.95 
8 , 4 , 2021 , 19.05 , 18.55 , 18.82 , 18.91 
8 , 5 , 2021 , 18.66 , 17.85 , 18.40 , 18.27 
8 , 6 , 2021 , 18.83 , 18.33 , 18.36 , 18.56 
8 , 9 , 2021 , 18.91 , 18.52 , 18.61 , 18.89 
8 , 10 , 2021 , 18.89 , 18.36 , 18.89 , 18.49 
8 , 11 , 2021 , 18.52 , 18.20 , 18.41 , 18.35 
8 , 12 , 2021 , 18.45 , 18.06 , 18.42 , 18.39 
8 , 13 , 2021 , 18.49 , 18.32 , 18.37 , 18.40 
8 , 16 , 2021 , 18.43 , 17.96 , 18.27 , 17.98 
8 , 17 , 2021 , 18.20 , 17.81 , 17.95 , 18.15 
8 , 18 , 2021 , 18.21 , 17.92 , 18.05 , 18.01 
8 , 19 , 2021 , 18.12 , 17.78 , 17.91 , 17.80 
8 , 20 , 2021 , 18.17 , 17.70 , 17.86 , 18.13 
8 , 23 , 2021 , 18.13 , 17.96 , 18.07 , 18.03 
8 , 24 , 2021 , 18.54 , 18.11 , 18.20 , 18.45 
8 , 25 , 2021 , 19.08 , 18.39 , 18.54 , 19.00 
8 , 26 , 2021 , 19.05 , 18.47 , 18.95 , 18.49 
8 , 27 , 2021 , 18.72 , 18.42 , 18.56 , 18.68 
8 , 30 , 2021 , 19.06 , 18.70 , 18.75 , 18.85 
8 , 31 , 2021 , 19.09 , 18.80 , 18.89 , 19.09 
9 , 1 , 2021 , 19.38 , 19.09 , 19.24 , 19.15 
9 , 2 , 2021 , 19.40 , 19.13 , 19.15 , 19.28 
9 , 3 , 2021 , 19.27 , 18.99 , 19.19 , 19.11 
9 , 7 , 2021 , 19.11 , 18.81 , 19.01 , 18.84 
9 , 8 , 2021 , 19.29 , 18.71 , 18.81 , 19.20 
9 , 9 , 2021 , 19.23 , 18.74 , 19.16 , 18.90 
9 , 10 , 2021 , 19.00 , 18.43 , 19.00 , 18.44 
9 , 13 , 2021 , 18.73 , 18.40 , 18.58 , 18.60 
9 , 14 , 2021 , 18.68 , 17.99 , 18.68 , 18.00 
9 , 15 , 2021 , 18.44 , 17.79 , 17.85 , 18.44 
9 , 16 , 2021 , 18.31 , 17.84 , 18.30 , 17.90 
9 , 17 , 2021 , 18.08 , 17.76 , 18.00 , 17.79 
9 , 20 , 2021 , 17.82 , 16.93 , 17.65 , 17.35 
9 , 21 , 2021 , 17.69 , 17.39 , 17.49 , 17.39 
9 , 22 , 2021 , 17.73 , 17.42 , 17.55 , 17.43 
9 , 23 , 2021 , 17.85 , 17.51 , 17.63 , 17.61 
9 , 24 , 2021 , 17.85 , 17.56 , 17.70 , 17.56 
9 , 27 , 2021 , 17.64 , 17.09 , 17.55 , 17.11 
9 , 28 , 2021 , 17.11 , 16.72 , 17.04 , 16.77 
9 , 29 , 2021 , 17.06 , 16.51 , 16.74 , 16.95 
9 , 30 , 2021 , 17.56 , 17.09 , 17.35 , 17.10 
10 , 1 , 2021 , 17.22 , 16.70 , 17.21 , 16.85 
10 , 4 , 2021 , 17.19 , 16.69 , 16.72 , 17.02 
10 , 5 , 2021 , 17.37 , 17.00 , 17.08 , 17.36 
10 , 6 , 2021 , 17.62 , 17.03 , 17.19 , 17.58 
10 , 7 , 2021 , 18.09 , 17.50 , 17.61 , 17.95 
10 , 8 , 2021 , 18.33 , 17.88 , 17.97 , 17.90 
10 , 11 , 2021 , 18.04 , 17.55 , 17.90 , 17.57 
10 , 12 , 2021 , 17.93 , 17.46 , 17.53 , 17.84 
10 , 13 , 2021 , 19.90 , 19.25 , 19.50 , 19.81 
10 , 14 , 2021 , 20.10 , 19.49 , 19.96 , 19.57 
10 , 15 , 2021 , 19.87 , 19.43 , 19.69 , 19.68 
10 , 18 , 2021 , 19.53 , 19.25 , 19.47 , 19.33 
10 , 19 , 2021 , 19.63 , 19.19 , 19.54 , 19.21 
10 , 20 , 2021 , 19.54 , 19.17 , 19.22 , 19.31 
10 , 21 , 2021 , 19.34 , 19.03 , 19.17 , 19.10 
10 , 22 , 2021 , 19.33 , 18.98 , 19.12 , 19.11 
10 , 25 , 2021 , 19.56 , 19.07 , 19.07 , 19.50 
10 , 26 , 2021 , 19.75 , 19.36 , 19.50 , 19.50 
10 , 27 , 2021 , 19.75 , 19.40 , 19.50 , 19.66 
10 , 28 , 2021 , 19.89 , 19.65 , 19.65 , 19.85 
10 , 29 , 2021 , 19.86 , 19.53 , 19.67 , 19.59 
11 , 1 , 2021 , 20.11 , 19.54 , 19.60 , 20.01 
11 , 2 , 2021 , 20.02 , 19.63 , 20.01 , 19.87 
11 , 3 , 2021 , 19.91 , 19.56 , 19.67 , 19.68 
11 , 4 , 2021 , 19.58 , 18.93 , 19.53 , 19.21 
11 , 5 , 2021 , 20.79 , 19.95 , 20.00 , 20.50 
11 , 8 , 2021 , 20.60 , 19.68 , 20.56 , 19.74 
11 , 9 , 2021 , 19.93 , 19.30 , 19.93 , 19.34 
11 , 10 , 2021 , 19.73 , 19.20 , 19.21 , 19.44 
11 , 11 , 2021 , 19.72 , 19.35 , 19.60 , 19.60 
11 , 12 , 2021 , 19.79 , 19.59 , 19.65 , 19.65 
11 , 15 , 2021 , 20.48 , 19.65 , 19.75 , 20.46 
11 , 16 , 2021 , 20.59 , 20.42 , 20.55 , 20.44 
11 , 17 , 2021 , 20.45 , 20.06 , 20.39 , 20.20 
11 , 18 , 2021 , 20.24 , 19.97 , 20.12 , 20.15 
11 , 19 , 2021 , 20.18 , 19.80 , 20.08 , 20.05 
11 , 22 , 2021 , 20.70 , 19.93 , 20.05 , 20.28 
11 , 23 , 2021 , 20.97 , 20.21 , 20.27 , 20.62 
11 , 24 , 2021 , 20.82 , 20.51 , 20.51 , 20.62 
11 , 26 , 2021 , 20.35 , 19.92 , 20.09 , 20.16 
11 , 29 , 2021 , 20.40 , 19.65 , 20.40 , 20.09 
11 , 30 , 2021 , 20.43 , 19.79 , 19.94 , 19.88 
12 , 1 , 2021 , 21.01 , 20.16 , 20.19 , 20.55 
12 , 2 , 2021 , 21.26 , 20.66 , 20.73 , 20.96 
12 , 3 , 2021 , 21.10 , 20.57 , 21.05 , 20.71 
12 , 6 , 2021 , 21.08 , 20.72 , 20.93 , 20.92 
12 , 7 , 2021 , 21.30 , 20.85 , 20.95 , 20.93 
12 , 8 , 2021 , 21.27 , 20.83 , 20.83 , 21.21 
12 , 9 , 2021 , 21.24 , 20.84 , 21.19 , 20.89 
12 , 10 , 2021 , 21.07 , 20.83 , 20.96 , 21.02 
12 , 13 , 2021 , 21.02 , 20.68 , 20.77 , 20.73 
12 , 14 , 2021 , 21.12 , 20.67 , 20.68 , 20.77 
12 , 15 , 2021 , 20.81 , 20.44 , 20.72 , 20.70 
12 , 16 , 2021 , 21.23 , 20.65 , 20.70 , 20.93 
12 , 17 , 2021 , 21.36 , 20.68 , 20.82 , 21.23 
12 , 20 , 2021 , 21.16 , 20.74 , 21.00 , 21.09 
12 , 21 , 2021 , 21.86 , 21.26 , 21.30 , 21.81 
12 , 22 , 2021 , 22.35 , 21.72 , 21.81 , 22.33 
12 , 23 , 2021 , 22.49 , 22.03 , 22.36 , 22.03 
12 , 27 , 2021 , 22.21 , 21.85 , 22.05 , 22.19 
12 , 28 , 2021 , 22.32 , 21.94 , 22.21 , 22.05 
12 , 29 , 2021 , 22.06 , 21.82 , 22.00 , 21.87 
12 , 30 , 2021 , 22.47 , 21.88 , 21.88 , 22.39 
12 , 31 , 2021 , 22.87 , 22.24 , 22.30 , 22.77 
1 , 3 , 2022 , 22.95 , 22.34 , 22.82 , 22.74 
1 , 4 , 2022 , 22.96 , 22.49 , 22.77 , 22.52 
1 , 5 , 2022 , 22.76 , 22.09 , 22.48 , 22.11 
1 , 6 , 2022 , 22.36 , 21.96 , 22.18 , 22.32 
1 , 7 , 2022 , 22.76 , 22.11 , 22.32 , 22.71 
1 , 10 , 2022 , 22.78 , 22.39 , 22.67 , 22.46 
1 , 11 , 2022 , 22.67 , 22.32 , 22.55 , 22.51 
1 , 12 , 2022 , 22.99 , 22.43 , 22.46 , 22.93 
1 , 13 , 2022 , 22.91 , 22.53 , 22.90 , 22.61 
1 , 14 , 2022 , 22.64 , 22.36 , 22.61 , 22.59 
1 , 18 , 2022 , 22.76 , 22.38 , 22.54 , 22.44 
1 , 19 , 2022 , 22.67 , 22.38 , 22.51 , 22.48 
1 , 20 , 2022 , 22.80 , 21.70 , 22.53 , 21.73 
1 , 21 , 2022 , 22.02 , 21.42 , 21.64 , 21.72 
1 , 24 , 2022 , 22.01 , 21.27 , 21.50 , 21.96 
1 , 25 , 2022 , 21.97 , 21.45 , 21.75 , 21.67 
1 , 26 , 2022 , 22.24 , 21.38 , 21.96 , 21.53 
1 , 27 , 2022 , 21.95 , 21.15 , 21.77 , 21.31 
1 , 28 , 2022 , 21.68 , 21.14 , 21.29 , 21.67 
1 , 31 , 2022 , 21.91 , 21.63 , 21.63 , 21.81 
2 , 1 , 2022 , 21.99 , 21.44 , 21.97 , 21.65 
2 , 2 , 2022 , 22.26 , 21.53 , 21.81 , 22.24 
2 , 3 , 2022 , 22.15 , 21.54 , 21.78 , 21.85 
2 , 4 , 2022 , 22.01 , 21.26 , 21.71 , 21.83 
2 , 7 , 2022 , 22.12 , 21.57 , 21.87 , 21.98 
2 , 8 , 2022 , 22.37 , 21.91 , 22.03 , 22.27 
2 , 9 , 2022 , 22.68 , 22.34 , 22.45 , 22.49 
2 , 10 , 2022 , 22.53 , 22.01 , 22.22 , 22.08 
2 , 11 , 2022 , 22.35 , 21.63 , 22.16 , 21.81 
2 , 14 , 2022 , 21.91 , 21.24 , 21.76 , 21.60 
2 , 15 , 2022 , 21.95 , 21.65 , 21.87 , 21.79 
2 , 16 , 2022 , 21.91 , 21.61 , 21.72 , 21.72 
2 , 17 , 2022 , 21.72 , 21.48 , 21.57 , 21.49 
2 , 18 , 2022 , 21.75 , 21.34 , 21.45 , 21.45 
2 , 22 , 2022 , 21.60 , 21.11 , 21.26 , 21.21 
2 , 23 , 2022 , 21.41 , 20.81 , 21.20 , 20.81 
2 , 24 , 2022 , 21.81 , 20.26 , 20.50 , 21.68 
2 , 25 , 2022 , 22.43 , 21.36 , 21.68 , 21.90 
2 , 28 , 2022 , 22.88 , 21.70 , 21.87 , 22.82 
3 , 1 , 2022 , 22.81 , 21.71 , 22.79 , 21.93 
3 , 2 , 2022 , 22.32 , 21.76 , 22.00 , 22.22 
3 , 3 , 2022 , 22.47 , 21.85 , 22.28 , 21.98 
3 , 4 , 2022 , 22.56 , 21.77 , 21.91 , 22.51 
3 , 7 , 2022 , 23.49 , 22.28 , 22.67 , 22.36 
3 , 8 , 2022 , 22.90 , 22.31 , 22.50 , 22.65 
3 , 9 , 2022 , 23.07 , 22.53 , 22.87 , 22.74 
3 , 10 , 2022 , 22.70 , 22.41 , 22.63 , 22.65 
3 , 11 , 2022 , 22.83 , 22.38 , 22.72 , 22.43 
3 , 14 , 2022 , 22.71 , 21.91 , 22.37 , 22.42 
3 , 15 , 2022 , 22.64 , 22.04 , 22.50 , 22.33 
3 , 16 , 2022 , 22.65 , 22.25 , 22.30 , 22.59 
3 , 17 , 2022 , 22.73 , 22.28 , 22.52 , 22.31 
3 , 18 , 2022 , 22.55 , 22.12 , 22.23 , 22.41 
3 , 21 , 2022 , 22.54 , 21.93 , 22.32 , 22.05 
3 , 22 , 2022 , 22.67 , 22.07 , 22.07 , 22.39 
3 , 23 , 2022 , 22.42 , 21.78 , 22.31 , 21.80 
3 , 24 , 2022 , 22.17 , 21.83 , 21.85 , 22.05 
3 , 25 , 2022 , 22.80 , 22.13 , 22.13 , 22.74 
3 , 28 , 2022 , 23.21 , 22.68 , 22.76 , 23.11 
3 , 29 , 2022 , 23.21 , 22.92 , 23.06 , 23.15 
3 , 30 , 2022 , 23.38 , 22.99 , 23.13 , 23.10 
3 , 31 , 2022 , 23.61 , 23.07 , 23.07 , 23.25 
4 , 1 , 2022 , 23.50 , 23.08 , 23.31 , 23.44 
4 , 4 , 2022 , 23.53 , 23.14 , 23.50 , 23.33 
4 , 5 , 2022 , 23.78 , 23.38 , 23.39 , 23.58 
4 , 6 , 2022 , 24.00 , 23.39 , 23.50 , 24.00 
4 , 7 , 2022 , 24.21 , 23.74 , 23.98 , 24.12 
4 , 8 , 2022 , 24.59 , 24.00 , 24.21 , 24.51 
4 , 11 , 2022 , 24.65 , 23.97 , 24.52 , 24.00 
4 , 12 , 2022 , 24.46 , 23.90 , 24.11 , 24.05 
4 , 13 , 2022 , 24.21 , 23.66 , 24.07 , 23.80 
4 , 14 , 2022 , 24.23 , 23.83 , 23.83 , 24.03 
4 , 18 , 2022 , 24.87 , 23.92 , 24.00 , 24.84 
4 , 19 , 2022 , 25.21 , 24.48 , 24.92 , 24.82 
4 , 20 , 2022 , 26.63 , 25.18 , 25.18 , 26.26 
4 , 21 , 2022 , 26.35 , 25.69 , 26.19 , 25.74 
4 , 22 , 2022 , 25.79 , 25.30 , 25.75 , 25.35 
4 , 25 , 2022 , 25.30 , 24.58 , 25.30 , 25.01 
4 , 26 , 2022 , 25.42 , 24.81 , 24.81 , 24.90 
4 , 27 , 2022 , 25.31 , 24.76 , 24.88 , 24.88 
4 , 28 , 2022 , 25.17 , 24.75 , 25.12 , 25.13 
4 , 29 , 2022 , 25.49 , 25.02 , 25.22 , 25.02 
5 , 2 , 2022 , 25.25 , 24.18 , 25.00 , 24.69 
5 , 3 , 2022 , 25.58 , 24.74 , 24.77 , 25.25 
5 , 4 , 2022 , 26.08 , 25.30 , 25.36 , 25.92 
5 , 5 , 2022 , 26.33 , 25.27 , 26.00 , 25.41 
5 , 6 , 2022 , 27.10 , 25.75 , 26.00 , 26.62 
5 , 9 , 2022 , 26.43 , 23.92 , 26.43 , 24.13 
5 , 10 , 2022 , 24.99 , 23.87 , 24.45 , 24.44 
5 , 11 , 2022 , 24.88 , 24.20 , 24.59 , 24.29 
5 , 12 , 2022 , 24.19 , 22.89 , 24.04 , 23.41 
5 , 13 , 2022 , 24.72 , 23.82 , 23.86 , 24.58 
5 , 16 , 2022 , 25.01 , 24.39 , 24.53 , 25.00 
5 , 17 , 2022 , 25.28 , 24.76 , 25.05 , 25.25 
5 , 18 , 2022 , 25.59 , 25.10 , 25.31 , 25.23 
5 , 19 , 2022 , 26.13 , 25.14 , 25.27 , 26.08 
5 , 20 , 2022 , 26.46 , 24.83 , 25.96 , 25.23 
5 , 23 , 2022 , 25.84 , 25.14 , 25.41 , 25.73 
5 , 24 , 2022 , 25.77 , 25.23 , 25.51 , 25.48 
5 , 25 , 2022 , 26.17 , 25.45 , 25.47 , 26.10 
5 , 26 , 2022 , 26.46 , 25.92 , 26.22 , 25.93 
5 , 27 , 2022 , 26.33 , 25.74 , 25.98 , 26.31 
5 , 31 , 2022 , 26.69 , 25.88 , 26.50 , 26.37 
6 , 1 , 2022 , 26.46 , 25.27 , 26.36 , 25.90 
6 , 2 , 2022 , 26.24 , 25.60 , 25.96 , 25.98 
6 , 3 , 2022 , 26.25 , 25.83 , 25.91 , 25.85 
6 , 6 , 2022 , 26.53 , 25.82 , 25.99 , 26.49 
6 , 7 , 2022 , 27.39 , 26.39 , 26.39 , 27.39 
6 , 8 , 2022 , 27.31 , 26.62 , 27.24 , 26.84 
6 , 9 , 2022 , 26.90 , 26.17 , 26.74 , 26.20 
6 , 10 , 2022 , 25.88 , 25.43 , 25.77 , 25.44 
6 , 13 , 2022 , 25.04 , 23.40 , 25.00 , 23.50 
6 , 14 , 2022 , 23.70 , 22.63 , 23.45 , 22.96 
6 , 15 , 2022 , 23.91 , 23.10 , 23.22 , 23.50 
6 , 16 , 2022 , 23.32 , 22.28 , 23.32 , 22.52 
6 , 17 , 2022 , 22.74 , 21.84 , 22.53 , 22.42 
6 , 21 , 2022 , 23.01 , 22.50 , 22.98 , 22.77 
6 , 22 , 2022 , 22.88 , 22.31 , 22.42 , 22.71 
6 , 23 , 2022 , 23.46 , 22.84 , 22.97 , 23.41 
6 , 24 , 2022 , 23.60 , 23.10 , 23.52 , 23.39 
6 , 27 , 2022 , 24.06 , 23.34 , 23.39 , 23.75 
6 , 28 , 2022 , 24.01 , 23.06 , 23.80 , 23.25 
6 , 29 , 2022 , 23.25 , 22.39 , 23.22 , 22.89 
6 , 30 , 2022 , 23.36 , 22.51 , 22.62 , 22.85 
7 , 1 , 2022 , 23.49 , 22.89 , 23.07 , 23.35 
7 , 5 , 2022 , 23.14 , 21.00 , 22.97 , 21.66 
7 , 6 , 2022 , 21.95 , 21.37 , 21.54 , 21.70 
7 , 7 , 2022 , 22.39 , 21.98 , 22.00 , 22.23 
7 , 8 , 2022 , 22.33 , 21.87 , 22.21 , 22.08 
7 , 11 , 2022 , 22.34 , 21.79 , 22.02 , 22.09 
7 , 12 , 2022 , 22.65 , 21.97 , 21.98 , 22.52 
7 , 13 , 2022 , 22.87 , 22.16 , 22.20 , 22.73 
7 , 14 , 2022 , 23.02 , 22.17 , 22.20 , 22.93 
7 , 15 , 2022 , 23.07 , 22.26 , 23.03 , 22.58 
7 , 18 , 2022 , 23.33 , 22.67 , 22.74 , 22.82 
7 , 19 , 2022 , 23.74 , 23.13 , 23.16 , 23.63 
7 , 20 , 2022 , 23.73 , 23.12 , 23.62 , 23.64 
7 , 21 , 2022 , 23.69 , 23.09 , 23.55 , 23.36 
7 , 22 , 2022 , 23.66 , 22.75 , 23.41 , 23.00 
7 , 25 , 2022 , 23.50 , 22.78 , 23.04 , 23.36 
7 , 26 , 2022 , 23.76 , 23.16 , 23.31 , 23.75 
7 , 27 , 2022 , 23.96 , 23.44 , 23.80 , 23.83 
7 , 28 , 2022 , 24.87 , 24.04 , 24.39 , 24.82 
7 , 29 , 2022 , 25.86 , 24.93 , 25.00 , 25.85 
8 , 1 , 2022 , 25.90 , 25.26 , 25.70 , 25.36 
8 , 2 , 2022 , 25.76 , 25.25 , 25.48 , 25.26 
8 , 3 , 2022 , 25.59 , 25.11 , 25.22 , 25.46 
8 , 4 , 2022 , 25.90 , 25.53 , 25.60 , 25.62 
8 , 5 , 2022 , 25.73 , 24.31 , 25.53 , 24.60 
8 , 8 , 2022 , 25.45 , 24.56 , 24.75 , 24.73 
8 , 9 , 2022 , 24.81 , 24.32 , 24.61 , 24.79 
8 , 10 , 2022 , 25.22 , 24.86 , 24.93 , 25.17 
8 , 11 , 2022 , 25.78 , 25.23 , 25.27 , 25.34 
8 , 12 , 2022 , 25.91 , 25.53 , 25.62 , 25.88 
8 , 15 , 2022 , 25.99 , 25.35 , 25.65 , 25.97 
8 , 16 , 2022 , 26.00 , 25.69 , 25.79 , 25.83 
8 , 17 , 2022 , 25.81 , 25.44 , 25.49 , 25.53 
8 , 18 , 2022 , 26.12 , 25.53 , 25.53 , 25.84 
8 , 19 , 2022 , 25.78 , 25.14 , 25.74 , 25.25 
8 , 22 , 2022 , 24.93 , 24.59 , 24.90 , 24.73 
8 , 23 , 2022 , 24.95 , 24.46 , 24.92 , 24.47 
8 , 24 , 2022 , 25.30 , 24.37 , 24.37 , 25.19 
8 , 25 , 2022 , 25.97 , 25.12 , 25.29 , 25.65 
8 , 26 , 2022 , 25.71 , 24.92 , 25.67 , 24.93 
8 , 29 , 2022 , 24.84 , 24.40 , 24.59 , 24.74 
8 , 30 , 2022 , 24.98 , 24.18 , 24.75 , 24.18 
8 , 31 , 2022 , 24.80 , 24.01 , 24.06 , 24.75 
9 , 1 , 2022 , 25.01 , 24.59 , 24.67 , 24.96 
9 , 2 , 2022 , 25.52 , 24.89 , 25.18 , 24.96 
9 , 6 , 2022 , 25.00 , 24.32 , 24.88 , 24.34 
9 , 7 , 2022 , 24.71 , 24.30 , 24.37 , 24.64 
9 , 8 , 2022 , 25.09 , 24.54 , 24.65 , 24.90 
9 , 9 , 2022 , 25.46 , 24.98 , 25.19 , 25.25 
9 , 12 , 2022 , 25.85 , 25.24 , 25.33 , 25.79 
9 , 13 , 2022 , 25.73 , 24.89 , 25.40 , 24.98 
9 , 14 , 2022 , 25.37 , 24.96 , 24.98 , 25.36 
9 , 15 , 2022 , 25.40 , 25.09 , 25.22 , 25.37 
9 , 16 , 2022 , 25.33 , 24.87 , 25.32 , 25.31 
9 , 19 , 2022 , 25.81 , 25.04 , 25.04 , 25.62 
9 , 20 , 2022 , 25.45 , 24.74 , 25.34 , 24.91 
9 , 21 , 2022 , 25.32 , 24.42 , 25.03 , 24.44 
9 , 22 , 2022 , 24.46 , 23.99 , 24.42 , 24.06 
9 , 23 , 2022 , 23.69 , 23.10 , 23.63 , 23.37 
9 , 26 , 2022 , 23.34 , 22.33 , 23.11 , 22.47 
9 , 27 , 2022 , 22.82 , 21.67 , 22.75 , 22.02 
9 , 28 , 2022 , 22.56 , 22.13 , 22.31 , 22.30 
9 , 29 , 2022 , 22.06 , 21.17 , 22.01 , 21.38 
9 , 30 , 2022 , 21.63 , 20.92 , 21.50 , 21.00 
10 , 3 , 2022 , 21.84 , 21.04 , 21.37 , 21.47 
10 , 4 , 2022 , 22.94 , 21.65 , 21.69 , 22.94 
10 , 5 , 2022 , 23.14 , 22.24 , 22.54 , 22.89 
10 , 6 , 2022 , 22.92 , 22.41 , 22.83 , 22.65 
10 , 7 , 2022 , 22.61 , 21.93 , 22.51 , 21.97 
10 , 10 , 2022 , 22.38 , 21.64 , 22.00 , 21.68 
10 , 11 , 2022 , 22.13 , 21.38 , 21.56 , 21.80 
10 , 12 , 2022 , 21.80 , 21.33 , 21.79 , 21.44 
10 , 13 , 2022 , 21.96 , 20.76 , 21.11 , 21.68 
10 , 14 , 2022 , 22.22 , 21.33 , 21.93 , 21.42 
10 , 17 , 2022 , 22.49 , 21.85 , 21.95 , 22.03 
10 , 18 , 2022 , 22.63 , 22.34 , 22.44 , 22.56 
10 , 19 , 2022 , 22.41 , 21.79 , 22.33 , 22.20 
10 , 20 , 2022 , 22.30 , 21.38 , 22.23 , 21.52 
10 , 21 , 2022 , 21.77 , 21.12 , 21.48 , 21.75 
10 , 24 , 2022 , 22.12 , 21.45 , 21.80 , 21.49 
10 , 25 , 2022 , 22.22 , 21.48 , 21.52 , 21.99 
10 , 26 , 2022 , 22.21 , 21.82 , 22.08 , 21.90 
10 , 27 , 2022 , 22.31 , 21.89 , 22.12 , 21.98 
10 , 28 , 2022 , 23.00 , 22.03 , 22.10 , 22.98 
10 , 31 , 2022 , 23.23 , 22.77 , 22.93 , 22.97 
11 , 1 , 2022 , 23.22 , 22.71 , 23.21 , 22.87 
11 , 2 , 2022 , 23.68 , 22.73 , 22.83 , 22.87 
11 , 3 , 2022 , 23.67 , 22.56 , 22.79 , 23.23 
11 , 4 , 2022 , 23.87 , 22.43 , 23.16 , 22.85 
11 , 7 , 2022 , 23.98 , 22.75 , 22.95 , 23.83 
11 , 8 , 2022 , 24.35 , 23.72 , 23.79 , 24.12 
11 , 9 , 2022 , 24.18 , 23.48 , 24.00 , 23.55 
11 , 10 , 2022 , 24.99 , 24.09 , 24.39 , 24.59 
11 , 11 , 2022 , 24.90 , 23.84 , 24.80 , 24.09 
11 , 14 , 2022 , 24.08 , 22.95 , 23.89 , 22.95 
11 , 15 , 2022 , 23.51 , 22.64 , 23.39 , 22.70 
11 , 16 , 2022 , 23.01 , 22.47 , 22.50 , 22.83 
11 , 17 , 2022 , 22.90 , 22.39 , 22.66 , 22.46 
11 , 18 , 2022 , 22.91 , 22.63 , 22.72 , 22.91 
11 , 21 , 2022 , 22.98 , 22.51 , 22.86 , 22.88 
11 , 22 , 2022 , 23.48 , 22.88 , 22.99 , 23.43 
11 , 23 , 2022 , 24.07 , 23.41 , 23.42 , 24.00 
11 , 25 , 2022 , 24.40 , 23.95 , 23.95 , 24.08 
11 , 28 , 2022 , 23.90 , 23.57 , 23.76 , 23.79 
11 , 29 , 2022 , 24.29 , 23.54 , 23.81 , 24.23 
11 , 30 , 2022 , 24.45 , 23.95 , 24.37 , 24.33 
12 , 1 , 2022 , 24.82 , 24.31 , 24.47 , 24.53 
12 , 2 , 2022 , 24.39 , 23.96 , 24.20 , 23.99 
12 , 5 , 2022 , 23.84 , 23.26 , 23.78 , 23.44 
12 , 6 , 2022 , 23.75 , 23.16 , 23.30 , 23.72 
12 , 7 , 2022 , 24.05 , 23.52 , 23.63 , 23.64 
12 , 8 , 2022 , 23.91 , 23.49 , 23.68 , 23.59 
12 , 9 , 2022 , 24.01 , 23.33 , 23.41 , 23.86 
12 , 12 , 2022 , 24.23 , 23.83 , 23.98 , 24.22 
12 , 13 , 2022 , 25.03 , 24.10 , 24.58 , 24.29 
12 , 14 , 2022 , 24.54 , 23.99 , 24.10 , 24.35 
12 , 15 , 2022 , 24.53 , 24.03 , 24.24 , 24.33 
12 , 16 , 2022 , 24.24 , 23.68 , 24.08 , 24.07 
12 , 19 , 2022 , 24.29 , 23.76 , 24.05 , 23.86 
12 , 20 , 2022 , 24.11 , 23.77 , 23.84 , 23.82 
12 , 21 , 2022 , 24.17 , 23.81 , 24.00 , 24.17 
12 , 22 , 2022 , 24.03 , 23.31 , 24.03 , 23.55 
12 , 23 , 2022 , 23.90 , 23.37 , 23.41 , 23.87 
12 , 27 , 2022 , 23.95 , 23.43 , 23.82 , 23.69 
12 , 28 , 2022 , 23.84 , 23.55 , 23.71 , 23.66 
12 , 29 , 2022 , 24.18 , 23.62 , 23.75 , 24.07 
12 , 30 , 2022 , 24.02 , 22.84 , 24.00 , 23.20 
1 , 3 , 2023 , 23.35 , 22.13 , 23.24 , 22.27 
1 , 4 , 2023 , 22.85 , 22.01 , 22.28 , 22.75 
1 , 5 , 2023 , 22.78 , 22.25 , 22.61 , 22.32 
1 , 6 , 2023 , 22.78 , 22.25 , 22.48 , 22.51 
1 , 9 , 2023 , 22.89 , 22.46 , 22.63 , 22.53 
1 , 10 , 2023 , 22.54 , 22.19 , 22.41 , 22.40 
1 , 11 , 2023 , 22.79 , 22.40 , 22.40 , 22.74 
1 , 12 , 2023 , 23.10 , 22.61 , 22.86 , 22.69 
1 , 13 , 2023 , 22.55 , 22.14 , 22.43 , 22.38 
1 , 17 , 2023 , 22.77 , 22.14 , 22.42 , 22.15 
1 , 18 , 2023 , 22.23 , 21.48 , 22.11 , 21.50 
1 , 19 , 2023 , 21.53 , 21.25 , 21.38 , 21.39 
1 , 20 , 2023 , 21.87 , 21.30 , 21.32 , 21.85 
1 , 23 , 2023 , 22.73 , 21.76 , 21.78 , 22.50 
1 , 24 , 2023 , 22.89 , 22.28 , 22.50 , 22.83 
1 , 25 , 2023 , 22.80 , 22.35 , 22.63 , 22.57 
1 , 26 , 2023 , 22.81 , 22.23 , 22.60 , 22.80 
1 , 27 , 2023 , 22.91 , 22.65 , 22.70 , 22.67 
1 , 30 , 2023 , 22.91 , 22.32 , 22.60 , 22.37 
1 , 31 , 2023 , 23.07 , 22.32 , 22.44 , 23.06 
2 , 1 , 2023 , 23.48 , 22.84 , 22.86 , 23.20 
2 , 2 , 2023 , 23.87 , 23.03 , 23.43 , 23.28 
2 , 3 , 2023 , 23.04 , 22.56 , 22.98 , 22.88 
2 , 6 , 2023 , 23.10 , 22.76 , 22.84 , 22.97 
2 , 7 , 2023 , 23.31 , 22.66 , 22.94 , 23.24 
2 , 8 , 2023 , 23.20 , 22.83 , 23.08 , 22.86 
2 , 9 , 2023 , 23.00 , 22.69 , 22.89 , 22.69 
2 , 10 , 2023 , 23.14 , 22.62 , 22.66 , 23.04 
2 , 13 , 2023 , 23.38 , 23.01 , 23.03 , 23.05 
2 , 14 , 2023 , 23.47 , 22.86 , 22.97 , 23.01 
2 , 15 , 2023 , 23.49 , 22.81 , 22.81 , 23.44 
2 , 16 , 2023 , 23.38 , 22.55 , 23.17 , 22.82 
2 , 17 , 2023 , 23.24 , 22.74 , 22.89 , 22.96 
2 , 21 , 2023 , 22.92 , 22.44 , 22.77 , 22.57 
2 , 22 , 2023 , 22.61 , 22.26 , 22.48 , 22.42 
2 , 23 , 2023 , 22.83 , 22.40 , 22.57 , 22.50 
2 , 24 , 2023 , 22.49 , 22.17 , 22.32 , 22.36 
2 , 27 , 2023 , 22.80 , 22.22 , 22.60 , 22.25 
2 , 28 , 2023 , 22.40 , 21.89 , 22.07 , 21.99 
3 , 1 , 2023 , 22.54 , 21.56 , 22.08 , 21.71 
3 , 2 , 2023 , 21.67 , 21.23 , 21.66 , 21.29 
3 , 3 , 2023 , 21.59 , 21.18 , 21.32 , 21.41 
3 , 6 , 2023 , 25.03 , 22.05 , 22.05 , 24.38 
3 , 7 , 2023 , 27.29 , 24.60 , 24.95 , 26.51 
3 , 8 , 2023 , 27.19 , 26.18 , 26.51 , 26.20 
3 , 9 , 2023 , 26.50 , 25.68 , 26.24 , 25.69 
3 , 10 , 2023 , 25.93 , 24.51 , 25.89 , 24.52 
3 , 13 , 2023 , 25.04 , 24.02 , 24.38 , 24.34 
3 , 14 , 2023 , 25.71 , 24.55 , 24.68 , 25.50 
3 , 15 , 2023 , 25.12 , 23.90 , 24.77 , 24.41 
3 , 16 , 2023 , 25.49 , 23.99 , 24.00 , 25.34 
3 , 17 , 2023 , 25.13 , 24.22 , 25.09 , 24.84 
3 , 20 , 2023 , 25.65 , 25.06 , 25.10 , 25.10 
3 , 21 , 2023 , 25.68 , 24.75 , 25.14 , 25.06 
3 , 22 , 2023 , 24.99 , 24.22 , 24.86 , 24.23 
3 , 23 , 2023 , 24.62 , 23.63 , 24.33 , 23.91 
3 , 24 , 2023 , 23.84 , 23.04 , 23.82 , 23.42 
3 , 27 , 2023 , 23.74 , 23.12 , 23.49 , 23.20 
3 , 28 , 2023 , 23.76 , 23.10 , 23.17 , 23.34 
3 , 29 , 2023 , 23.76 , 23.32 , 23.48 , 23.51 
3 , 30 , 2023 , 23.87 , 23.48 , 23.67 , 23.59 
3 , 31 , 2023 , 24.00 , 23.54 , 23.65 , 24.00 
4 , 3 , 2023 , 24.10 , 23.67 , 23.88 , 23.70 
4 , 4 , 2023 , 23.76 , 23.19 , 23.67 , 23.41 
4 , 5 , 2023 , 23.99 , 23.33 , 23.36 , 23.92 
4 , 6 , 2023 , 24.30 , 23.87 , 24.12 , 24.07 
4 , 10 , 2023 , 24.49 , 23.80 , 23.90 , 24.42 
4 , 11 , 2023 , 24.91 , 24.44 , 24.55 , 24.69 
4 , 12 , 2023 , 24.88 , 24.41 , 24.80 , 24.55 
4 , 13 , 2023 , 25.12 , 24.32 , 24.43 , 24.83 
4 , 14 , 2023 , 24.96 , 24.30 , 24.70 , 24.49 
4 , 17 , 2023 , 24.53 , 24.05 , 24.53 , 24.25 
4 , 18 , 2023 , 24.37 , 23.93 , 24.27 , 24.31 
4 , 19 , 2023 , 24.27 , 23.80 , 24.15 , 24.26 
4 , 20 , 2023 , 24.25 , 23.75 , 24.06 , 23.78 
4 , 21 , 2023 , 23.90 , 23.46 , 23.80 , 23.70 
4 , 24 , 2023 , 23.90 , 23.40 , 23.79 , 23.65 
4 , 25 , 2023 , 23.72 , 23.25 , 23.60 , 23.35 
4 , 26 , 2023 , 23.52 , 22.95 , 23.32 , 22.97 
4 , 27 , 2023 , 23.28 , 22.95 , 23.05 , 23.13 
4 , 28 , 2023 , 23.96 , 23.05 , 23.14 , 23.86 
5 , 1 , 2023 , 24.12 , 23.42 , 23.86 , 23.43 
5 , 2 , 2023 , 23.59 , 22.67 , 23.41 , 23.11 
5 , 3 , 2023 , 23.55 , 22.98 , 23.40 , 23.01 
5 , 4 , 2023 , 23.21 , 22.70 , 23.06 , 23.17 
5 , 5 , 2023 , 23.56 , 23.20 , 23.27 , 23.42 
5 , 8 , 2023 , 23.57 , 23.24 , 23.45 , 23.38 
5 , 9 , 2023 , 24.66 , 23.59 , 23.59 , 24.60 
5 , 10 , 2023 , 25.71 , 24.84 , 25.00 , 25.22 
5 , 11 , 2023 , 25.21 , 24.52 , 25.01 , 24.64 
5 , 12 , 2023 , 24.86 , 24.21 , 24.83 , 24.52 
5 , 15 , 2023 , 24.81 , 24.41 , 24.50 , 24.80 
5 , 16 , 2023 , 24.83 , 24.07 , 24.75 , 24.35 
5 , 17 , 2023 , 24.61 , 24.21 , 24.46 , 24.35 
5 , 18 , 2023 , 24.53 , 24.01 , 24.16 , 24.44 
5 , 19 , 2023 , 24.95 , 24.51 , 24.68 , 24.51 
5 , 22 , 2023 , 24.87 , 24.43 , 24.45 , 24.51 
5 , 23 , 2023 , 24.97 , 24.39 , 24.45 , 24.56 
5 , 24 , 2023 , 24.54 , 24.27 , 24.49 , 24.40 
5 , 25 , 2023 , 24.61 , 23.85 , 24.46 , 24.27 
5 , 26 , 2023 , 24.55 , 24.08 , 24.34 , 24.45 
5 , 30 , 2023 , 24.58 , 23.92 , 24.53 , 23.95 
5 , 31 , 2023 , 24.09 , 23.54 , 23.81 , 23.97 
6 , 1 , 2023 , 24.73 , 23.99 , 24.04 , 24.64 
6 , 2 , 2023 , 25.03 , 24.46 , 24.69 , 24.72 
6 , 5 , 2023 , 24.99 , 24.57 , 24.57 , 24.90 
6 , 6 , 2023 , 24.99 , 24.67 , 24.90 , 24.73 
6 , 7 , 2023 , 25.23 , 24.65 , 24.78 , 25.16 
6 , 8 , 2023 , 25.18 , 24.68 , 25.16 , 24.82 
6 , 9 , 2023 , 25.06 , 24.77 , 24.97 , 24.82 
6 , 12 , 2023 , 24.98 , 24.60 , 24.81 , 24.70 
6 , 13 , 2023 , 25.02 , 24.60 , 24.70 , 24.90 
6 , 14 , 2023 , 25.13 , 24.74 , 24.92 , 24.81 
6 , 15 , 2023 , 25.40 , 24.81 , 24.84 , 25.33 
6 , 16 , 2023 , 25.46 , 24.99 , 25.41 , 25.06 
6 , 20 , 2023 , 25.16 , 24.72 , 24.95 , 24.97 
6 , 21 , 2023 , 25.25 , 24.70 , 24.87 , 25.15 
6 , 22 , 2023 , 25.32 , 24.93 , 25.26 , 25.30 
6 , 23 , 2023 , 25.53 , 24.91 , 25.33 , 25.10 
6 , 26 , 2023 , 26.08 , 25.44 , 25.48 , 25.60 
6 , 27 , 2023 , 26.14 , 25.56 , 25.69 , 25.79 
6 , 28 , 2023 , 25.82 , 25.56 , 25.77 , 25.73 
6 , 29 , 2023 , 26.13 , 25.64 , 25.73 , 26.04 
6 , 30 , 2023 , 26.40 , 25.97 , 26.10 , 26.25 
7 , 3 , 2023 , 26.43 , 26.09 , 26.16 , 26.09 
7 , 5 , 2023 , 26.95 , 25.88 , 25.91 , 26.84 
7 , 6 , 2023 , 26.95 , 26.53 , 26.60 , 26.95 
7 , 7 , 2023 , 27.07 , 26.64 , 26.73 , 26.70 
7 , 10 , 2023 , 26.81 , 26.34 , 26.70 , 26.46 
7 , 11 , 2023 , 26.52 , 26.26 , 26.44 , 26.52 
7 , 12 , 2023 , 26.93 , 26.57 , 26.62 , 26.76 
7 , 13 , 2023 , 26.80 , 26.55 , 26.57 , 26.71 
7 , 14 , 2023 , 26.68 , 26.30 , 26.68 , 26.34 
7 , 17 , 2023 , 26.32 , 26.06 , 26.20 , 26.13 
7 , 18 , 2023 , 26.78 , 26.17 , 26.18 , 26.78 
7 , 19 , 2023 , 27.41 , 26.74 , 26.82 , 27.33 
7 , 20 , 2023 , 27.51 , 27.21 , 27.31 , 27.37 
7 , 21 , 2023 , 28.52 , 27.37 , 27.55 , 28.36 
7 , 24 , 2023 , 28.48 , 28.11 , 28.36 , 28.30 
7 , 25 , 2023 , 28.53 , 28.08 , 28.43 , 28.10 
7 , 26 , 2023 , 28.55 , 28.08 , 28.20 , 28.41 
7 , 27 , 2023 , 28.51 , 28.07 , 28.37 , 28.10 
7 , 28 , 2023 , 28.35 , 27.58 , 28.18 , 27.72 
7 , 31 , 2023 , 28.56 , 27.85 , 28.00 , 28.06 
8 , 1 , 2023 , 28.37 , 27.75 , 27.97 , 27.89 
8 , 2 , 2023 , 28.07 , 27.54 , 27.65 , 27.99 
8 , 3 , 2023 , 28.31 , 27.70 , 27.97 , 27.94 
8 , 4 , 2023 , 28.85 , 27.90 , 28.01 , 28.54 
8 , 7 , 2023 , 29.00 , 28.59 , 28.67 , 28.70 
8 , 8 , 2023 , 28.88 , 28.39 , 28.56 , 28.82 
8 , 9 , 2023 , 30.77 , 29.19 , 29.54 , 30.31 
8 , 10 , 2023 , 30.99 , 30.44 , 30.44 , 30.69 
8 , 11 , 2023 , 30.85 , 30.07 , 30.62 , 30.14 
8 , 14 , 2023 , 30.34 , 29.92 , 30.04 , 30.32 
8 , 15 , 2023 , 30.32 , 29.99 , 30.03 , 30.24 
8 , 16 , 2023 , 30.43 , 30.02 , 30.28 , 30.07 
8 , 17 , 2023 , 30.45 , 29.47 , 30.00 , 29.71 
8 , 18 , 2023 , 30.09 , 29.57 , 29.60 , 29.86 
8 , 21 , 2023 , 30.02 , 29.74 , 29.95 , 30.00 
8 , 22 , 2023 , 29.91 , 29.48 , 29.90 , 29.66 
8 , 23 , 2023 , 30.34 , 29.87 , 29.91 , 30.33 
8 , 24 , 2023 , 30.47 , 29.89 , 30.43 , 30.01 
8 , 25 , 2023 , 30.37 , 30.03 , 30.12 , 30.12 
8 , 28 , 2023 , 30.28 , 29.84 , 30.13 , 29.97 
8 , 29 , 2023 , 30.46 , 30.00 , 30.07 , 30.42 
8 , 30 , 2023 , 31.35 , 30.36 , 30.39 , 31.33 
8 , 31 , 2023 , 31.68 , 31.32 , 31.37 , 31.42 
9 , 1 , 2023 , 31.99 , 31.59 , 31.61 , 31.79 
9 , 5 , 2023 , 33.05 , 31.98 , 32.60 , 32.50 
9 , 6 , 2023 , 33.15 , 32.24 , 32.24 , 32.81 
9 , 7 , 2023 , 33.59 , 32.66 , 33.02 , 33.37 
9 , 8 , 2023 , 34.17 , 33.33 , 33.33 , 34.06 
9 , 11 , 2023 , 34.29 , 33.67 , 34.07 , 33.69 
9 , 12 , 2023 , 34.19 , 33.58 , 33.81 , 33.70 
9 , 13 , 2023 , 33.73 , 32.95 , 33.30 , 33.18 
9 , 14 , 2023 , 33.54 , 32.94 , 33.46 , 33.04 
9 , 15 , 2023 , 33.23 , 32.79 , 33.14 , 32.91 
9 , 18 , 2023 , 33.60 , 32.89 , 32.89 , 33.49 
9 , 19 , 2023 , 33.78 , 33.12 , 33.46 , 33.15 
9 , 20 , 2023 , 33.35 , 32.26 , 33.28 , 32.34 
9 , 21 , 2023 , 33.67 , 32.74 , 32.74 , 33.45 
9 , 22 , 2023 , 33.54 , 33.12 , 33.30 , 33.22 
9 , 25 , 2023 , 33.84 , 33.03 , 33.04 , 33.66 
9 , 26 , 2023 , 33.70 , 32.91 , 33.59 , 32.99 
9 , 27 , 2023 , 33.57 , 32.86 , 33.00 , 33.32 
9 , 28 , 2023 , 33.94 , 33.23 , 33.41 , 33.43 
9 , 29 , 2023 , 33.84 , 32.83 , 33.73 , 33.18 
10 , 2 , 2023 , 33.74 , 31.95 , 33.38 , 32.53 
10 , 3 , 2023 , 32.69 , 31.37 , 32.34 , 32.00 
10 , 4 , 2023 , 32.31 , 31.16 , 32.19 , 31.39 
10 , 5 , 2023 , 32.06 , 31.34 , 31.39 , 31.83 
10 , 6 , 2023 , 31.92 , 31.22 , 31.73 , 31.54 
10 , 9 , 2023 , 32.11 , 31.57 , 31.57 , 31.85 
10 , 10 , 2023 , 32.20 , 31.85 , 31.92 , 32.10 
10 , 11 , 2023 , 32.81 , 31.95 , 32.10 , 32.77 
10 , 12 , 2023 , 33.02 , 31.41 , 32.79 , 31.80 
10 , 13 , 2023 , 32.10 , 31.40 , 31.93 , 31.64 
10 , 16 , 2023 , 32.46 , 31.84 , 31.98 , 32.29 
10 , 17 , 2023 , 32.80 , 31.97 , 31.97 , 32.57 
10 , 18 , 2023 , 32.66 , 32.26 , 32.48 , 32.42 
10 , 19 , 2023 , 32.84 , 32.10 , 32.29 , 32.11 
10 , 20 , 2023 , 32.39 , 31.74 , 32.19 , 31.93 
10 , 23 , 2023 , 32.13 , 31.43 , 31.68 , 31.89 
10 , 24 , 2023 , 32.84 , 32.24 , 32.24 , 32.70 
10 , 25 , 2023 , 33.04 , 32.53 , 32.89 , 32.78 
10 , 26 , 2023 , 33.44 , 32.67 , 33.16 , 32.90 
10 , 27 , 2023 , 32.77 , 31.92 , 32.68 , 32.02 
10 , 30 , 2023 , 32.69 , 32.17 , 32.17 , 32.58 
10 , 31 , 2023 , 32.83 , 32.34 , 32.76 , 32.72 
11 , 1 , 2023 , 34.11 , 32.67 , 32.88 , 33.93 
11 , 2 , 2023 , 35.04 , 33.92 , 34.00 , 34.66 
11 , 3 , 2023 , 35.31 , 34.75 , 34.86 , 34.99 
11 , 6 , 2023 , 35.52 , 34.87 , 35.15 , 35.33 
11 , 7 , 2023 , 36.50 , 33.84 , 35.35 , 34.75 
11 , 8 , 2023 , 35.54 , 34.60 , 35.09 , 34.67 
11 , 9 , 2023 , 35.04 , 34.52 , 34.66 , 34.56 
11 , 10 , 2023 , 35.11 , 34.42 , 34.86 , 34.48 
11 , 13 , 2023 , 34.64 , 34.24 , 34.48 , 34.40 
11 , 14 , 2023 , 35.30 , 34.86 , 34.90 , 35.22 
11 , 15 , 2023 , 35.30 , 34.65 , 35.07 , 34.70 
11 , 16 , 2023 , 35.31 , 34.31 , 35.00 , 34.74 
11 , 17 , 2023 , 34.97 , 34.64 , 34.65 , 34.86 
11 , 20 , 2023 , 35.07 , 34.66 , 34.86 , 34.69 
11 , 21 , 2023 , 34.93 , 34.48 , 34.70 , 34.49 
11 , 22 , 2023 , 34.82 , 34.25 , 34.55 , 34.81 
11 , 24 , 2023 , 35.03 , 34.61 , 34.63 , 34.86 
11 , 27 , 2023 , 35.69 , 34.70 , 34.89 , 35.64 
11 , 28 , 2023 , 35.64 , 35.15 , 35.54 , 35.22 
11 , 29 , 2023 , 35.84 , 34.88 , 35.51 , 34.92 
11 , 30 , 2023 , 35.54 , 34.89 , 34.96 , 35.41 
12 , 1 , 2023 , 36.28 , 35.41 , 35.41 , 36.28 
12 , 4 , 2023 , 37.16 , 35.99 , 36.04 , 37.12 
12 , 5 , 2023 , 37.41 , 36.72 , 37.13 , 37.37 
12 , 6 , 2023 , 37.72 , 36.22 , 37.41 , 36.28 
12 , 7 , 2023 , 37.20 , 36.17 , 36.25 , 37.17 
12 , 8 , 2023 , 37.20 , 36.45 , 37.10 , 36.96 
12 , 11 , 2023 , 37.06 , 36.48 , 37.00 , 36.88 
12 , 12 , 2023 , 37.60 , 36.81 , 36.86 , 37.33 
12 , 13 , 2023 , 38.19 , 37.31 , 37.39 , 38.12 
12 , 14 , 2023 , 38.34 , 37.39 , 38.32 , 37.49 
12 , 15 , 2023 , 37.91 , 37.39 , 37.50 , 37.68 
12 , 18 , 2023 , 38.06 , 37.46 , 37.68 , 37.76 
12 , 19 , 2023 , 37.98 , 37.38 , 37.71 , 37.72 
12 , 20 , 2023 , 38.11 , 37.48 , 37.53 , 37.61 
12 , 21 , 2023 , 37.99 , 37.58 , 37.77 , 37.79 
12 , 22 , 2023 , 38.16 , 37.79 , 37.90 , 38.02 
12 , 26 , 2023 , 38.42 , 37.88 , 37.96 , 38.20 
12 , 27 , 2023 , 38.60 , 38.10 , 38.15 , 38.38 
12 , 28 , 2023 , 38.84 , 38.22 , 38.22 , 38.82 
12 , 29 , 2023 , 38.90 , 38.34 , 38.76 , 38.52 
1 , 2 , 2024 , 38.60 , 37.81 , 38.29 , 38.07 
1 , 3 , 2024 , 38.33 , 37.77 , 38.03 , 38.18 
1 , 4 , 2024 , 38.74 , 38.20 , 38.32 , 38.40 
1 , 5 , 2024 , 39.04 , 38.43 , 38.59 , 38.59 
1 , 8 , 2024 , 39.19 , 38.50 , 38.66 , 39.14 
1 , 9 , 2024 , 39.77 , 38.42 , 39.00 , 39.59 
1 , 10 , 2024 , 39.68 , 38.39 , 39.68 , 38.46 
1 , 11 , 2024 , 39.09 , 38.08 , 38.46 , 38.87 
1 , 12 , 2024 , 39.39 , 39.08 , 39.13 , 39.22 
1 , 16 , 2024 , 39.71 , 38.95 , 38.95 , 39.32 
1 , 17 , 2024 , 40.00 , 39.08 , 39.14 , 39.72 
1 , 18 , 2024 , 39.97 , 39.08 , 39.67 , 39.41 
1 , 19 , 2024 , 40.17 , 39.46 , 39.56 , 40.17 
1 , 22 , 2024 , 40.49 , 39.94 , 40.25 , 39.97 
1 , 23 , 2024 , 40.31 , 39.52 , 40.06 , 39.85 
1 , 24 , 2024 , 40.16 , 39.14 , 40.13 , 39.23 
1 , 25 , 2024 , 40.55 , 39.69 , 39.74 , 40.43 
1 , 26 , 2024 , 40.86 , 40.31 , 40.49 , 40.78 
1 , 29 , 2024 , 40.80 , 40.54 , 40.79 , 40.56 
1 , 30 , 2024 , 41.26 , 40.57 , 40.72 , 41.23 
1 , 31 , 2024 , 41.66 , 40.78 , 41.35 , 41.03 
2 , 1 , 2024 , 43.42 , 41.02 , 41.03 , 43.26 
2 , 2 , 2024 , 44.96 , 42.72 , 43.10 , 44.55 
2 , 5 , 2024 , 44.15 , 42.91 , 44.04 , 43.35 
2 , 6 , 2024 , 43.88 , 42.94 , 43.30 , 43.26 
2 , 7 , 2024 , 44.05 , 43.29 , 43.43 , 43.76 
2 , 8 , 2024 , 43.83 , 42.61 , 43.60 , 42.90 
2 , 9 , 2024 , 43.50 , 42.79 , 42.82 , 43.23 
2 , 12 , 2024 , 43.47 , 42.23 , 43.21 , 42.81 
2 , 13 , 2024 , 44.22 , 42.34 , 42.56 , 44.20 
2 , 14 , 2024 , 45.00 , 43.99 , 44.53 , 44.27 
2 , 15 , 2024 , 45.45 , 44.25 , 44.37 , 45.39 
2 , 16 , 2024 , 46.31 , 45.19 , 45.19 , 45.58 
2 , 20 , 2024 , 46.91 , 45.52 , 45.66 , 46.15 
2 , 21 , 2024 , 47.35 , 45.80 , 46.18 , 46.18 
2 , 22 , 2024 , 48.09 , 46.18 , 46.18 , 47.62 
2 , 23 , 2024 , 48.77 , 47.59 , 47.77 , 48.62 
2 , 26 , 2024 , 49.55 , 48.53 , 48.98 , 48.75 
2 , 27 , 2024 , 51.18 , 48.22 , 48.63 , 50.98 
2 , 28 , 2024 , 53.10 , 49.74 , 50.10 , 53.02 
2 , 29 , 2024 , 55.98 , 53.02 , 53.18 , 54.54 
3 , 1 , 2024 , 54.69 , 53.42 , 54.40 , 54.50 
3 , 4 , 2024 , 57.75 , 55.28 , 55.28 , 56.99 
3 , 5 , 2024 , 59.75 , 56.92 , 56.92 , 58.89 
3 , 6 , 2024 , 61.36 , 59.27 , 59.27 , 60.90 
3 , 7 , 2024 , 61.81 , 60.58 , 61.21 , 61.68 
3 , 8 , 2024 , 62.12 , 57.65 , 61.71 , 60.49 
3 , 11 , 2024 , 60.50 , 57.50 , 60.24 , 58.05 
3 , 12 , 2024 , 60.22 , 58.00 , 58.51 , 60.20 
3 , 13 , 2024 , 61.70 , 59.93 , 60.63 , 61.16 
3 , 14 , 2024 , 63.22 , 61.39 , 61.42 , 63.11 
3 , 15 , 2024 , 63.17 , 60.73 , 62.88 , 61.56 
3 , 18 , 2024 , 63.03 , 60.86 , 61.95 , 62.48 
3 , 19 , 2024 , 64.74 , 62.12 , 62.50 , 63.68 
3 , 20 , 2024 , 66.88 , 63.94 , 64.00 , 66.75 
3 , 21 , 2024 , 69.26 , 67.37 , 67.85 , 68.37 
3 , 22 , 2024 , 69.27 , 66.44 , 68.49 , 69.09 
3 , 25 , 2024 , 72.37 , 68.22 , 69.50 , 71.20 
3 , 26 , 2024 , 73.05 , 67.84 , 71.19 , 67.89 
3 , 27 , 2024 , 69.38 , 67.42 , 69.00 , 68.30 
3 , 28 , 2024 , 69.84 , 67.79 , 68.31 , 69.65 
4 , 1 , 2024 , 73.07 , 69.46 , 70.00 , 71.53 
4 , 2 , 2024 , 71.28 , 69.21 , 69.75 , 71.15 
4 , 3 , 2024 , 74.32 , 71.05 , 71.25 , 73.76 
4 , 4 , 2024 , 75.89 , 70.37 , 74.56 , 70.54 
4 , 5 , 2024 , 75.64 , 69.91 , 70.45 , 75.33 
4 , 8 , 2024 , 75.31 , 71.91 , 74.96 , 74.42 
4 , 9 , 2024 , 75.60 , 68.50 , 74.90 , 69.53 
4 , 10 , 2024 , 71.30 , 67.60 , 68.58 , 70.76 
4 , 11 , 2024 , 72.15 , 70.14 , 71.02 , 72.00 
4 , 12 , 2024 , 72.37 , 68.86 , 71.77 , 69.74 
4 , 15 , 2024 , 72.48 , 68.20 , 70.83 , 68.22 
4 , 16 , 2024 , 68.60 , 65.68 , 68.37 , 67.60 
4 , 17 , 2024 , 69.50 , 67.26 , 68.62 , 68.65 
4 , 18 , 2024 , 69.29 , 64.91 , 68.99 , 65.88 
4 , 19 , 2024 , 67.18 , 64.26 , 65.60 , 65.66 
4 , 22 , 2024 , 68.01 , 65.32 , 66.13 , 66.72 
4 , 23 , 2024 , 69.15 , 66.60 , 67.38 , 68.45 
4 , 24 , 2024 , 71.49 , 68.88 , 70.00 , 70.46 
4 , 25 , 2024 , 73.05 , 66.67 , 67.67 , 72.48 
4 , 26 , 2024 , 73.55 , 71.54 , 72.67 , 72.70 
4 , 29 , 2024 , 78.00 , 72.98 , 73.31 , 77.96 
4 , 30 , 2024 , 78.73 , 75.81 , 77.83 , 75.84 
5 , 1 , 2024 , 79.09 , 74.70 , 75.67 , 76.86 
5 , 2 , 2024 , 80.81 , 76.11 , 77.45 , 79.87 
5 , 3 , 2024 , 83.03 , 80.07 , 80.60 , 81.49 
5 , 6 , 2024 , 83.61 , 80.10 , 82.31 , 83.24 
5 , 7 , 2024 , 84.83 , 81.18 , 82.88 , 81.74 
5 , 8 , 2024 , 91.04 , 81.74 , 81.78 , 89.20 
5 , 9 , 2024 , 94.18 , 89.56 , 89.56 , 93.17 
5 , 10 , 2024 , 96.07 , 92.01 , 94.74 , 93.42 
5 , 13 , 2024 , 95.75 , 90.05 , 94.53 , 90.17 
5 , 14 , 2024 , 91.57 , 87.92 , 89.02 , 91.47 
5 , 15 , 2024 , 97.61 , 92.77 , 93.50 , 96.91 
5 , 16 , 2024 , 97.90 , 93.03 , 97.00 , 93.14 
5 , 17 , 2024 , 96.58 , 93.30 , 94.04 , 94.08 
5 , 20 , 2024 , 96.69 , 90.85 , 94.95 , 91.51 
5 , 21 , 2024 , 94.44 , 91.50 , 91.77 , 94.24 
5 , 22 , 2024 , 94.68 , 92.44 , 94.07 , 94.27 
5 , 23 , 2024 , 98.11 , 92.67 , 96.00 , 96.13 
5 , 24 , 2024 , 104.12 , 94.16 , 96.06 , 102.10 
5 , 28 , 2024 , 107.24 , 101.37 , 105.27 , 106.20 
5 , 29 , 2024 , 106.70 , 102.41 , 104.90 , 103.62 
5 , 30 , 2024 , 105.48 , 102.55 , 104.00 , 105.37 
5 , 31 , 2024 , 106.39 , 95.41 , 105.94 , 99.08 
6 , 3 , 2024 , 99.87 , 91.50 , 99.87 , 93.25 
6 , 4 , 2024 , 93.25 , 86.63 , 92.80 , 89.55 
6 , 5 , 2024 , 92.94 , 89.60 , 90.07 , 92.00 
6 , 6 , 2024 , 93.88 , 83.01 , 91.21 , 86.26 
6 , 7 , 2024 , 90.00 , 83.89 , 85.45 , 85.07 
6 , 10 , 2024 , 90.90 , 84.54 , 84.55 , 88.22 
6 , 11 , 2024 , 92.34 , 87.56 , 87.81 , 91.22 
6 , 12 , 2024 , 94.50 , 89.00 , 92.88 , 90.56 
6 , 13 , 2024 , 90.68 , 84.52 , 90.58 , 88.40 
6 , 14 , 2024 , 88.13 , 85.58 , 87.90 , 87.59 
6 , 17 , 2024 , 87.91 , 82.33 , 87.59 , 84.04 
6 , 18 , 2024 , 87.67 , 83.40 , 83.91 , 87.58 
6 , 20 , 2024 , 89.95 , 86.70 , 88.28 , 88.19 
6 , 21 , 2024 , 88.67 , 84.62 , 87.72 , 86.86 
6 , 24 , 2024 , 89.65 , 85.80 , 86.23 , 88.23 
6 , 25 , 2024 , 91.36 , 87.10 , 87.88 , 89.41 
6 , 26 , 2024 , 90.84 , 85.30 , 88.75 , 85.91 
6 , 27 , 2024 , 87.54 , 83.66 , 85.00 , 87.22 
6 , 28 , 2024 , 88.27 , 83.34 , 87.00 , 85.98 
7 , 1 , 2024 , 91.83 , 86.30 , 88.74 , 87.34 
7 , 2 , 2024 , 90.44 , 86.81 , 86.97 , 87.70 
7 , 3 , 2024 , 92.48 , 87.70 , 87.90 , 91.72 
7 , 5 , 2024 , 93.47 , 88.60 , 92.10 , 89.36 
7 , 8 , 2024 , 92.89 , 89.42 , 89.95 , 92.88 
7 , 9 , 2024 , 96.00 , 90.74 , 91.95 , 91.40 
7 , 10 , 2024 , 92.96 , 86.80 , 91.55 , 92.31 
7 , 11 , 2024 , 93.06 , 90.32 , 92.61 , 91.61 
7 , 12 , 2024 , 92.29 , 88.60 , 91.18 , 91.33 
7 , 15 , 2024 , 90.46 , 85.31 , 90.37 , 86.19 
7 , 16 , 2024 , 87.35 , 84.56 , 86.28 , 85.87 
7 , 17 , 2024 , 83.06 , 76.07 , 82.76 , 76.20 
7 , 18 , 2024 , 78.15 , 73.75 , 77.48 , 76.55 
7 , 19 , 2024 , 77.97 , 75.33 , 76.67 , 76.47 
7 , 22 , 2024 , 79.41 , 77.07 , 77.28 , 79.17 
7 , 23 , 2024 , 81.27 , 78.68 , 79.14 , 80.07 
7 , 24 , 2024 , 79.53 , 72.13 , 79.00 , 72.58 
7 , 25 , 2024 , 73.96 , 69.02 , 73.55 , 70.38 
7 , 26 , 2024 , 72.30 , 70.12 , 72.08 , 71.12 
7 , 29 , 2024 , 73.18 , 70.84 , 71.95 , 71.24 
7 , 30 , 2024 , 72.89 , 68.74 , 71.93 , 69.00 
7 , 31 , 2024 , 82.88 , 77.18 , 82.44 , 79.22 
8 , 1 , 2024 , 81.67 , 75.23 , 79.48 , 76.04 
8 , 2 , 2024 , 74.57 , 69.82 , 74.29 , 72.43 
8 , 5 , 2024 , 71.46 , 66.50 , 66.82 , 70.20 
8 , 6 , 2024 , 75.77 , 70.00 , 70.00 , 74.39 
8 , 7 , 2024 , 77.05 , 72.53 , 76.68 , 73.95 
8 , 8 , 2024 , 80.46 , 73.58 , 75.50 , 79.08 
8 , 9 , 2024 , 78.93 , 75.92 , 78.00 , 78.64 
8 , 12 , 2024 , 79.00 , 75.09 , 78.99 , 77.96 
8 , 13 , 2024 , 81.93 , 77.93 , 79.03 , 80.45 
8 , 14 , 2024 , 80.90 , 77.47 , 80.27 , 79.25 
8 , 15 , 2024 , 81.57 , 78.37 , 79.55 , 81.45 
8 , 16 , 2024 , 81.13 , 78.57 , 81.13 , 79.35 
8 , 19 , 2024 , 80.76 , 78.41 , 79.50 , 80.74 
8 , 20 , 2024 , 80.64 , 79.00 , 80.45 , 79.64 
8 , 21 , 2024 , 82.99 , 79.03 , 79.65 , 82.28 
8 , 22 , 2024 , 84.76 , 82.05 , 82.41 , 83.30 
8 , 23 , 2024 , 86.20 , 83.39 , 83.94 , 85.77 
8 , 26 , 2024 , 87.89 , 84.17 , 86.31 , 84.88 
8 , 27 , 2024 , 85.94 , 83.41 , 84.13 , 84.59 
8 , 28 , 2024 , 84.91 , 82.23 , 84.57 , 82.50 
8 , 29 , 2024 , 86.23 , 83.20 , 83.20 , 84.67 
8 , 30 , 2024 , 86.15 , 84.22 , 85.07 , 85.43 
9 , 3 , 2024 , 85.04 , 75.68 , 85.00 , 75.74 
9 , 4 , 2024 , 78.45 , 75.03 , 75.50 , 76.68 
9 , 5 , 2024 , 77.22 , 75.50 , 76.61 , 75.83 
9 , 6 , 2024 , 76.43 , 73.14 , 75.72 , 73.70 
9 , 9 , 2024 , 75.49 , 72.90 , 75.00 , 74.95 
9 , 10 , 2024 , 76.82 , 74.50 , 75.41 , 76.08 
9 , 11 , 2024 , 80.29 , 75.21 , 76.96 , 80.06 
9 , 12 , 2024 , 81.86 , 79.03 , 80.10 , 80.47 
9 , 13 , 2024 , 85.96 , 81.12 , 82.52 , 85.55 
9 , 16 , 2024 , 90.07 , 84.92 , 85.00 , 89.40 
9 , 17 , 2024 , 92.41 , 88.89 , 90.32 , 91.15 
9 , 18 , 2024 , 93.94 , 90.74 , 91.83 , 91.19 
9 , 19 , 2024 , 95.25 , 90.26 , 94.33 , 92.74 
9 , 20 , 2024 , 108.26 , 97.86 , 99.73 , 107.88 
9 , 23 , 2024 , 114.55 , 107.04 , 110.35 , 111.63 
9 , 24 , 2024 , 115.57 , 111.18 , 111.89 , 112.40 
9 , 25 , 2024 , 120.61 , 113.70 , 114.18 , 119.08 
9 , 26 , 2024 , 122.01 , 113.62 , 120.00 , 114.16 
9 , 27 , 2024 , 119.70 , 114.32 , 115.25 , 117.72 
9 , 30 , 2024 , 120.28 , 114.84 , 117.88 , 118.54 
10 , 1 , 2024 , 122.64 , 115.03 , 118.00 , 122.55 
10 , 2 , 2024 , 127.57 , 119.69 , 120.05 , 125.37 
10 , 3 , 2024 , 135.30 , 126.01 , 128.40 , 132.45 
10 , 4 , 2024 , 139.38 , 132.80 , 134.34 , 138.41 
10 , 7 , 2024 , 143.87 , 128.36 , 139.86 , 131.27 
10 , 8 , 2024 , 131.25 , 127.73 , 131.00 , 127.96 
10 , 9 , 2024 , 126.50 , 120.77 , 126.41 , 124.18 
10 , 10 , 2024 , 127.04 , 122.97 , 124.00 , 124.11 
10 , 11 , 2024 , 125.31 , 114.50 , 117.50 , 125.29 
10 , 14 , 2024 , 133.74 , 127.29 , 127.77 , 132.26 
10 , 15 , 2024 , 132.78 , 126.52 , 132.01 , 128.29 
10 , 16 , 2024 , 136.08 , 128.45 , 130.74 , 135.69 
10 , 17 , 2024 , 139.48 , 126.99 , 139.48 , 127.27 
10 , 18 , 2024 , 132.26 , 125.37 , 127.30 , 131.16 
10 , 21 , 2024 , 133.43 , 127.81 , 131.58 , 130.38 
10 , 22 , 2024 , 128.88 , 124.70 , 128.00 , 125.04 
10 , 23 , 2024 , 128.70 , 123.11 , 124.00 , 126.11 
10 , 24 , 2024 , 127.11 , 123.30 , 125.91 , 125.58 
10 , 25 , 2024 , 128.35 , 123.10 , 127.35 , 124.03 
10 , 28 , 2024 , 128.62 , 123.97 , 125.21 , 127.78 
10 , 29 , 2024 , 127.86 , 124.34 , 125.58 , 126.66 
10 , 30 , 2024 , 128.46 , 121.50 , 127.05 , 124.11 
10 , 31 , 2024 , 125.73 , 122.42 , 124.31 , 124.96 
11 , 1 , 2024 , 126.34 , 119.09 , 124.60 , 119.51 
11 , 4 , 2024 , 118.80 , 111.50 , 117.69 , 115.74 
11 , 5 , 2024 , 122.27 , 115.89 , 116.31 , 121.90 
11 , 6 , 2024 , 127.00 , 121.07 , 125.17 , 126.09 
11 , 7 , 2024 , 143.79 , 130.02 , 138.11 , 135.73 
11 , 8 , 2024 , 144.77 , 135.24 , 136.88 , 141.90 
11 , 11 , 2024 , 149.80 , 141.95 , 146.28 , 145.80 
11 , 12 , 2024 , 145.98 , 137.24 , 143.92 , 142.16 
11 , 13 , 2024 , 147.60 , 141.31 , 145.43 , 142.12 
11 , 14 , 2024 , 143.41 , 138.17 , 142.23 , 138.46 
11 , 15 , 2024 , 142.60 , 137.03 , 137.60 , 142.15 
11 , 18 , 2024 , 152.64 , 142.72 , 142.72 , 146.63 
11 , 19 , 2024 , 154.95 , 143.13 , 144.14 , 154.86 
11 , 20 , 2024 , 157.72 , 151.26 , 155.77 , 154.63 
11 , 21 , 2024 , 167.60 , 156.86 , 157.74 , 166.61 
11 , 22 , 2024 , 168.67 , 158.12 , 167.00 , 161.92 
11 , 25 , 2024 , 166.38 , 152.72 , 166.00 , 154.14 
11 , 26 , 2024 , 164.14 , 153.61 , 154.38 , 162.66 
11 , 27 , 2024 , 163.15 , 153.40 , 161.68 , 154.52 
11 , 29 , 2024 , 160.90 , 156.73 , 158.49 , 159.84 
12 , 2 , 2024 , 163.33 , 153.53 , 161.60 , 154.11 
12 , 3 , 2024 , 158.88 , 153.90 , 155.64 , 154.16 
12 , 4 , 2024 , 164.25 , 157.01 , 158.94 , 161.31 
12 , 5 , 2024 , 164.86 , 159.58 , 161.00 , 160.88 
12 , 6 , 2024 , 163.49 , 157.29 , 161.66 , 159.98 
12 , 9 , 2024 , 160.71 , 146.15 , 160.17 , 148.31 
12 , 10 , 2024 , 147.80 , 139.30 , 145.88 , 141.52 
12 , 11 , 2024 , 148.41 , 143.44 , 145.94 , 146.00 
12 , 12 , 2024 , 148.98 , 144.60 , 146.43 , 145.08 
12 , 13 , 2024 , 149.35 , 143.59 , 146.35 , 144.89 
12 , 16 , 2024 , 147.22 , 143.28 , 144.71 , 145.33 
12 , 17 , 2024 , 143.37 , 136.10 , 142.88 , 139.77 
12 , 18 , 2024 , 141.25 , 131.64 , 141.25 , 132.89 
12 , 19 , 2024 , 139.73 , 133.32 , 134.61 , 137.20 
12 , 20 , 2024 , 141.63 , 132.00 , 132.45 , 139.95 
12 , 23 , 2024 , 141.37 , 135.62 , 140.00 , 140.79 
12 , 24 , 2024 , 144.16 , 141.02 , 142.03 , 143.36 
12 , 26 , 2024 , 144.88 , 141.45 , 142.90 , 144.11 
12 , 27 , 2024 , 143.00 , 136.74 , 143.00 , 139.68 
12 , 30 , 2024 , 141.18 , 134.86 , 136.05 , 140.09 
12 , 31 , 2024 , 140.44 , 137.02 , 139.91 , 137.87 
1 , 2 , 2025 , 149.89 , 138.26 , 139.63 , 149.66 
1 , 3 , 2025 , 162.66 , 151.66 , 154.36 , 162.36 
1 , 6 , 2025 , 166.00 , 159.50 , 165.16 , 163.95 
1 , 7 , 2025 , 165.21 , 155.80 , 164.61 , 163.37 
1 , 8 , 2025 , 163.00 , 152.61 , 162.97 , 160.81 
1 , 10 , 2025 , 169.19 , 154.40 , 161.50 , 166.73 
1 , 13 , 2025 , 164.74 , 156.31 , 161.71 , 162.13 
1 , 14 , 2025 , 175.00 , 165.69 , 166.68 , 170.51 
1 , 15 , 2025 , 178.08 , 167.09 , 175.00 , 169.17 
1 , 16 , 2025 , 178.40 , 170.00 , 170.93 , 174.00 
1 , 17 , 2025 , 173.28 , 166.50 , 169.03 , 170.86 
1 , 21 , 2025 , 188.77 , 174.85 , 179.30 , 185.35 
1 , 22 , 2025 , 194.67 , 183.30 , 192.99 , 186.86 
1 , 23 , 2025 , 199.84 , 188.22 , 189.00 , 191.89 
1 , 24 , 2025 , 194.44 , 189.11 , 194.02 , 191.11 
1 , 27 , 2025 , 156.93 , 132.59 , 154.09 , 137.08 
1 , 28 , 2025 , 149.90 , 134.92 , 142.18 , 149.64 
1 , 29 , 2025 , 160.00 , 146.63 , 147.25 , 155.21 
1 , 30 , 2025 , 176.49 , 157.00 , 159.02 , 176.30 
1 , 31 , 2025 , 176.42 , 167.14 , 175.00 , 168.03 
2 , 3 , 2025 , 171.50 , 156.28 , 157.50 , 168.53 
2 , 4 , 2025 , 170.77 , 162.97 , 168.52 , 168.33 
2 , 5 , 2025 , 176.36 , 168.67 , 172.38 , 171.61 
2 , 6 , 2025 , 174.95 , 167.28 , 172.00 , 169.88 
2 , 7 , 2025 , 174.97 , 165.13 , 170.88 , 166.90 
2 , 10 , 2025 , 172.70 , 165.53 , 169.00 , 168.39 
2 , 11 , 2025 , 170.40 , 164.33 , 166.51 , 167.61 
2 , 12 , 2025 , 170.98 , 161.07 , 163.43 , 166.61 
2 , 13 , 2025 , 169.34 , 161.25 , 168.14 , 165.65 
2 , 14 , 2025 , 170.45 , 161.50 , 165.61 , 167.66 
2 , 18 , 2025 , 172.77 , 166.88 , 168.87 , 169.28 
2 , 19 , 2025 , 173.32 , 167.14 , 168.10 , 169.35 
2 , 20 , 2025 , 168.20 , 157.87 , 167.50 , 163.18 
2 , 21 , 2025 , 163.65 , 147.80 , 163.65 , 150.44 
2 , 24 , 2025 , 151.59 , 139.01 , 151.20 , 142.76 
2 , 25 , 2025 , 141.00 , 127.67 , 139.42 , 137.92 
2 , 26 , 2025 , 150.20 , 142.56 , 143.00 , 148.19 
2 , 27 , 2025 , 152.94 , 129.77 , 149.11 , 130.01 
2 , 28 , 2025 , 134.71 , 124.05 , 128.00 , 133.66 
3 , 3 , 2025 , 134.28 , 121.72 , 133.66 , 123.95 
3 , 4 , 2025 , 131.98 , 116.40 , 122.98 , 126.94 
3 , 5 , 2025 , 128.27 , 121.40 , 124.42 , 126.87 
3 , 6 , 2025 , 122.35 , 112.15 , 120.22 , 114.41 
3 , 7 , 2025 , 118.69 , 109.55 , 117.00 , 114.32 
3 , 10 , 2025 , 111.91 , 104.34 , 110.00 , 108.49 
3 , 11 , 2025 , 115.41 , 107.18 , 109.50 , 114.36 
3 , 12 , 2025 , 127.83 , 118.40 , 119.53 , 121.92 
3 , 13 , 2025 , 122.01 , 115.79 , 122.01 , 118.00 
3 , 14 , 2025 , 124.72 , 118.54 , 121.05 , 124.46 
3 , 17 , 2025 , 129.84 , 123.40 , 123.60 , 126.29 
3 , 18 , 2025 , 126.81 , 122.28 , 124.88 , 124.46 
3 , 19 , 2025 , 132.66 , 124.00 , 125.00 , 129.85 
3 , 20 , 2025 , 133.25 , 126.24 , 127.53 , 131.90 
3 , 21 , 2025 , 131.54 , 126.27 , 129.79 , 130.58 
3 , 24 , 2025 , 138.74 , 133.50 , 134.98 , 134.94 
3 , 25 , 2025 , 134.44 , 128.00 , 134.01 , 131.81 
3 , 26 , 2025 , 130.50 , 122.00 , 129.80 , 124.01 
3 , 27 , 2025 , 124.50 , 118.39 , 120.25 , 119.31 
3 , 28 , 2025 , 122.34 , 117.46 , 118.50 , 119.05 
3 , 31 , 2025 , 118.34 , 112.00 , 113.90 , 117.44 
4 , 1 , 2025 , 122.29 , 116.00 , 118.28 , 122.24 
4 , 2 , 2025 , 127.61 , 118.00 , 118.85 , 127.19 
4 , 3 , 2025 , 118.84 , 107.31 , 114.22 , 108.21 
4 , 4 , 2025 , 103.91 , 92.12 , 103.57 , 98.07 
4 , 7 , 2025 , 109.18 , 90.51 , 92.66 , 102.69 
4 , 8 , 2025 , 112.39 , 99.90 , 109.46 , 102.19 
4 , 9 , 2025 , 120.96 , 99.24 , 102.34 , 118.02 
4 , 10 , 2025 , 115.51 , 107.03 , 113.63 , 109.26 
4 , 11 , 2025 , 112.34 , 105.75 , 109.26 , 111.71 
4 , 14 , 2025 , 118.20 , 110.51 , 117.31 , 112.69 
4 , 15 , 2025 , 116.35 , 112.38 , 113.26 , 115.75 
4 , 16 , 2025 , 117.62 , 111.95 , 112.51 , 115.87 
4 , 17 , 2025 , 120.18 , 114.00 , 117.83 , 115.42 
4 , 21 , 2025 , 114.00 , 103.34 , 112.52 , 106.52 
4 , 22 , 2025 , 113.70 , 108.59 , 109.50 , 112.63 
4 , 23 , 2025 , 125.58 , 118.33 , 122.00 , 120.00 
4 , 24 , 2025 , 126.29 , 120.51 , 120.77 , 124.23 
4 , 25 , 2025 , 128.24 , 123.52 , 124.38 , 126.64 
4 , 28 , 2025 , 129.95 , 125.80 , 126.25 , 129.62 
4 , 29 , 2025 , 130.41 , 126.42 , 128.58 , 129.33 
4 , 30 , 2025 , 130.02 , 122.30 , 125.09 , 129.63 
