Month , Day , Year , High , Low , Open , Close
6 , 7 , 2024 , 165.76 , 159.04 , 159.50 , 162.08 
6 , 10 , 2024 , 170.00 , 160.60 , 161.22 , 166.64 
6 , 11 , 2024 , 168.54 , 163.30 , 165.50 , 168.23 
6 , 12 , 2024 , 179.22 , 171.16 , 171.54 , 177.52 
6 , 13 , 2024 , 181.96 , 172.84 , 179.80 , 176.17 
6 , 14 , 2024 , 174.78 , 166.20 , 174.09 , 170.17 
6 , 17 , 2024 , 171.88 , 166.15 , 169.75 , 168.76 
6 , 18 , 2024 , 180.25 , 166.33 , 167.94 , 179.57 
6 , 20 , 2024 , 185.50 , 175.10 , 178.47 , 177.18 
6 , 21 , 2024 , 177.18 , 170.40 , 177.10 , 175.73 
6 , 24 , 2024 , 179.15 , 174.77 , 176.55 , 178.14 
6 , 25 , 2024 , 181.50 , 176.27 , 179.80 , 181.45 
6 , 26 , 2024 , 181.73 , 177.62 , 180.89 , 180.00 
6 , 27 , 2024 , 179.27 , 173.25 , 178.39 , 176.28 
6 , 28 , 2024 , 176.30 , 167.18 , 174.80 , 171.51 
7 , 1 , 2024 , 171.20 , 165.12 , 171.00 , 167.52 
7 , 2 , 2024 , 171.98 , 165.41 , 165.41 , 169.81 
7 , 3 , 2024 , 174.78 , 169.18 , 170.10 , 172.68 
7 , 5 , 2024 , 177.44 , 171.26 , 171.50 , 176.23 
7 , 8 , 2024 , 178.60 , 174.17 , 176.81 , 174.37 
7 , 9 , 2024 , 174.83 , 172.60 , 174.28 , 172.98 
7 , 10 , 2024 , 179.80 , 174.60 , 174.93 , 179.73 
7 , 11 , 2024 , 183.16 , 176.55 , 181.00 , 176.70 
7 , 12 , 2024 , 184.33 , 174.40 , 177.95 , 180.45 
7 , 15 , 2024 , 181.81 , 176.50 , 180.24 , 177.44 
7 , 16 , 2024 , 183.89 , 178.18 , 178.78 , 182.74 
7 , 17 , 2024 , 180.20 , 162.90 , 180.20 , 165.83 
7 , 18 , 2024 , 171.45 , 159.43 , 168.00 , 161.49 
7 , 19 , 2024 , 163.69 , 159.11 , 162.00 , 163.34 
7 , 22 , 2024 , 168.25 , 163.68 , 166.38 , 166.76 
7 , 23 , 2024 , 171.01 , 166.22 , 167.00 , 170.49 
7 , 24 , 2024 , 172.30 , 162.73 , 167.34 , 162.90 
7 , 25 , 2024 , 166.29 , 156.41 , 166.00 , 160.00 
7 , 26 , 2024 , 173.98 , 163.69 , 168.46 , 173.11 
7 , 29 , 2024 , 174.77 , 169.85 , 174.32 , 172.05 
7 , 30 , 2024 , 174.07 , 162.45 , 172.93 , 162.70 
7 , 31 , 2024 , 180.26 , 171.25 , 171.25 , 178.24 
8 , 1 , 2024 , 183.86 , 171.81 , 181.90 , 174.03 
8 , 2 , 2024 , 169.99 , 161.50 , 168.78 , 164.73 
8 , 5 , 2024 , 165.39 , 150.01 , 152.41 , 162.24 
8 , 6 , 2024 , 166.47 , 160.00 , 163.08 , 164.35 
8 , 7 , 2024 , 172.75 , 164.69 , 168.66 , 166.07 
8 , 8 , 2024 , 177.46 , 165.05 , 169.20 , 177.21 
8 , 9 , 2024 , 179.55 , 172.60 , 176.52 , 179.11 
8 , 12 , 2024 , 180.50 , 174.39 , 178.49 , 176.44 
8 , 13 , 2024 , 180.26 , 175.32 , 178.05 , 179.65 
8 , 14 , 2024 , 185.19 , 178.25 , 180.00 , 184.16 
8 , 15 , 2024 , 190.80 , 181.61 , 185.50 , 188.82 
8 , 16 , 2024 , 188.82 , 180.39 , 188.72 , 184.06 
8 , 19 , 2024 , 185.51 , 181.22 , 184.10 , 185.40 
8 , 20 , 2024 , 186.00 , 181.68 , 184.96 , 184.00 
8 , 21 , 2024 , 185.24 , 181.81 , 183.47 , 184.26 
8 , 22 , 2024 , 186.75 , 182.31 , 185.00 , 186.00 
8 , 23 , 2024 , 183.56 , 173.07 , 180.80 , 183.29 
8 , 26 , 2024 , 183.27 , 179.19 , 181.48 , 182.13 
8 , 27 , 2024 , 187.10 , 180.49 , 181.00 , 185.55 
8 , 28 , 2024 , 185.37 , 180.77 , 183.85 , 184.00 
8 , 29 , 2024 , 195.68 , 185.36 , 186.00 , 191.36 
8 , 30 , 2024 , 201.37 , 194.20 , 195.86 , 201.00 
9 , 3 , 2024 , 202.60 , 187.55 , 200.00 , 192.55 
9 , 4 , 2024 , 204.19 , 192.12 , 193.03 , 199.63 
9 , 5 , 2024 , 200.73 , 194.27 , 197.09 , 198.44 
9 , 6 , 2024 , 201.18 , 193.38 , 198.99 , 198.33 
9 , 9 , 2024 , 202.93 , 197.38 , 200.01 , 201.81 
9 , 10 , 2024 , 203.00 , 199.14 , 202.74 , 202.01 
9 , 11 , 2024 , 210.12 , 201.50 , 204.10 , 209.15 
9 , 12 , 2024 , 217.09 , 199.65 , 200.00 , 215.27 
9 , 13 , 2024 , 228.68 , 219.01 , 220.65 , 225.59 
9 , 16 , 2024 , 231.51 , 225.24 , 227.88 , 229.93 
9 , 17 , 2024 , 240.00 , 233.51 , 237.67 , 237.15 
9 , 18 , 2024 , 241.52 , 234.00 , 238.62 , 235.67 
9 , 19 , 2024 , 245.00 , 238.11 , 243.31 , 244.45 
9 , 20 , 2024 , 250.85 , 242.25 , 243.23 , 245.46 
9 , 23 , 2024 , 254.87 , 246.79 , 247.83 , 251.53 
9 , 24 , 2024 , 257.50 , 252.12 , 254.00 , 255.48 
9 , 25 , 2024 , 257.75 , 252.17 , 257.10 , 255.05 
9 , 26 , 2024 , 258.64 , 247.07 , 257.76 , 251.22 
9 , 27 , 2024 , 254.43 , 249.58 , 250.76 , 249.86 
9 , 30 , 2024 , 255.35 , 248.96 , 251.00 , 254.98 
10 , 1 , 2024 , 257.60 , 251.10 , 256.00 , 256.53 
10 , 2 , 2024 , 257.53 , 248.50 , 251.00 , 252.29 
10 , 3 , 2024 , 257.24 , 250.89 , 253.15 , 254.68 
10 , 4 , 2024 , 266.42 , 253.23 , 257.00 , 265.59 
10 , 7 , 2024 , 265.98 , 260.52 , 264.52 , 262.54 
10 , 8 , 2024 , 266.56 , 262.25 , 264.03 , 264.27 
10 , 9 , 2024 , 269.30 , 262.88 , 264.50 , 266.60 
10 , 10 , 2024 , 266.55 , 261.79 , 264.00 , 264.62 
10 , 11 , 2024 , 270.11 , 261.05 , 263.75 , 266.89 
10 , 14 , 2024 , 270.83 , 265.69 , 267.26 , 269.50 
10 , 15 , 2024 , 270.87 , 260.05 , 270.00 , 266.36 
10 , 16 , 2024 , 276.19 , 267.69 , 268.90 , 274.77 
10 , 17 , 2024 , 281.37 , 271.89 , 279.24 , 272.00 
10 , 18 , 2024 , 275.30 , 271.35 , 273.69 , 272.72 
10 , 21 , 2024 , 277.60 , 272.28 , 277.00 , 276.43 
10 , 22 , 2024 , 278.29 , 270.55 , 271.00 , 276.42 
10 , 23 , 2024 , 282.97 , 268.50 , 273.71 , 279.88 
10 , 24 , 2024 , 297.54 , 283.00 , 285.81 , 297.00 
10 , 25 , 2024 , 298.81 , 292.40 , 295.39 , 293.54 
10 , 28 , 2024 , 295.94 , 288.08 , 295.74 , 289.23 
10 , 29 , 2024 , 298.96 , 284.10 , 288.00 , 298.77 
10 , 30 , 2024 , 301.53 , 294.67 , 300.00 , 297.60 
10 , 31 , 2024 , 303.71 , 296.02 , 300.00 , 301.66 
11 , 1 , 2024 , 311.58 , 300.52 , 305.00 , 301.09 
11 , 4 , 2024 , 301.50 , 292.54 , 298.00 , 295.46 
11 , 5 , 2024 , 316.45 , 294.87 , 295.85 , 315.77 
11 , 6 , 2024 , 338.58 , 319.00 , 321.16 , 336.30 
11 , 7 , 2024 , 340.41 , 332.50 , 339.00 , 336.78 
11 , 8 , 2024 , 342.79 , 335.75 , 336.50 , 341.18 
11 , 11 , 2024 , 349.79 , 338.50 , 347.80 , 349.44 
11 , 12 , 2024 , 349.40 , 319.10 , 346.50 , 323.71 
11 , 13 , 2024 , 343.64 , 330.55 , 334.42 , 333.26 
11 , 14 , 2024 , 335.11 , 325.28 , 333.26 , 326.04 
11 , 15 , 2024 , 339.24 , 325.10 , 325.10 , 329.76 
11 , 18 , 2024 , 333.24 , 322.16 , 326.57 , 325.37 
11 , 19 , 2024 , 340.39 , 317.55 , 320.01 , 340.00 
11 , 20 , 2024 , 348.00 , 337.74 , 343.75 , 342.77 
11 , 21 , 2024 , 357.09 , 339.38 , 349.90 , 339.85 
11 , 22 , 2024 , 349.70 , 334.00 , 339.85 , 349.16 
11 , 25 , 2024 , 354.99 , 328.19 , 353.52 , 328.98 
11 , 26 , 2024 , 340.71 , 330.62 , 332.27 , 338.89 
11 , 27 , 2024 , 339.74 , 329.63 , 339.23 , 335.33 
11 , 29 , 2024 , 336.62 , 332.67 , 334.46 , 334.12 
12 , 2 , 2024 , 346.67 , 335.51 , 335.73 , 337.54 
12 , 3 , 2024 , 339.96 , 326.63 , 338.75 , 331.92 
12 , 4 , 2024 , 344.73 , 333.63 , 336.49 , 343.75 
12 , 5 , 2024 , 354.69 , 344.94 , 346.02 , 348.13 
12 , 6 , 2024 , 349.32 , 341.00 , 348.50 , 346.51 
12 , 9 , 2024 , 345.00 , 324.50 , 340.35 , 335.25 
12 , 10 , 2024 , 336.59 , 322.33 , 334.21 , 327.39 
12 , 11 , 2024 , 350.58 , 333.33 , 333.56 , 343.80 
12 , 12 , 2024 , 343.00 , 328.19 , 343.00 , 329.91 
12 , 13 , 2024 , 338.00 , 329.45 , 334.78 , 332.01 
12 , 16 , 2024 , 340.50 , 330.84 , 336.06 , 337.71 
12 , 17 , 2024 , 334.00 , 323.50 , 333.00 , 328.34 
12 , 18 , 2024 , 332.06 , 314.19 , 327.59 , 317.12 
12 , 19 , 2024 , 337.46 , 322.51 , 324.95 , 332.80 
12 , 20 , 2024 , 345.64 , 327.15 , 328.13 , 342.66 
12 , 23 , 2024 , 346.28 , 337.00 , 344.25 , 344.92 
12 , 24 , 2024 , 348.99 , 343.32 , 347.22 , 347.29 
12 , 26 , 2024 , 345.80 , 338.90 , 345.80 , 343.07 
12 , 27 , 2024 , 340.75 , 332.50 , 339.95 , 333.80 
12 , 30 , 2024 , 335.64 , 323.00 , 325.22 , 330.26 
12 , 31 , 2024 , 333.10 , 327.50 , 330.93 , 328.93 
1 , 2 , 2025 , 342.67 , 328.52 , 332.79 , 338.94 
1 , 3 , 2025 , 354.98 , 331.50 , 333.58 , 354.03 
1 , 6 , 2025 , 376.30 , 366.51 , 369.75 , 371.32 
1 , 7 , 2025 , 374.62 , 357.23 , 373.26 , 368.52 
1 , 8 , 2025 , 368.79 , 348.20 , 362.31 , 366.48 
1 , 10 , 2025 , 367.83 , 351.00 , 363.20 , 367.10 
1 , 13 , 2025 , 366.85 , 353.01 , 355.33 , 366.81 
1 , 14 , 2025 , 388.88 , 373.70 , 376.32 , 382.26 
1 , 15 , 2025 , 392.77 , 380.00 , 391.00 , 387.03 
1 , 16 , 2025 , 397.76 , 387.03 , 394.07 , 391.00 
1 , 17 , 2025 , 404.13 , 389.59 , 393.29 , 401.41 
1 , 21 , 2025 , 417.21 , 395.29 , 405.00 , 416.00 
1 , 22 , 2025 , 434.10 , 418.10 , 430.00 , 427.10 
1 , 23 , 2025 , 447.50 , 422.66 , 423.63 , 437.71 
1 , 24 , 2025 , 436.93 , 416.00 , 436.93 , 420.49 
1 , 27 , 2025 , 353.00 , 322.30 , 339.60 , 330.00 
1 , 28 , 2025 , 355.51 , 317.70 , 351.42 , 355.12 
1 , 29 , 2025 , 368.84 , 346.26 , 358.30 , 353.25 
1 , 30 , 2025 , 387.64 , 364.93 , 365.00 , 382.94 
1 , 31 , 2025 , 387.08 , 370.56 , 387.08 , 372.88 
2 , 3 , 2025 , 367.20 , 348.95 , 350.34 , 361.71 
2 , 4 , 2025 , 366.08 , 349.57 , 360.60 , 356.53 
2 , 5 , 2025 , 369.48 , 359.63 , 363.97 , 367.93 
2 , 6 , 2025 , 380.05 , 364.60 , 365.99 , 374.83 
2 , 7 , 2025 , 389.89 , 375.39 , 380.68 , 377.97 
2 , 10 , 2025 , 385.70 , 372.00 , 379.15 , 385.00 
2 , 11 , 2025 , 383.08 , 369.37 , 381.30 , 372.90 
2 , 12 , 2025 , 378.26 , 359.73 , 364.76 , 369.65 
2 , 13 , 2025 , 377.20 , 360.60 , 376.00 , 370.31 
2 , 14 , 2025 , 369.28 , 357.00 , 369.28 , 367.59 
2 , 18 , 2025 , 377.77 , 363.35 , 367.92 , 373.25 
2 , 19 , 2025 , 376.48 , 366.25 , 369.94 , 375.20 
2 , 20 , 2025 , 383.29 , 353.11 , 375.06 , 359.68 
2 , 21 , 2025 , 359.93 , 325.42 , 357.60 , 327.88 
2 , 24 , 2025 , 329.39 , 303.44 , 327.38 , 315.91 
2 , 25 , 2025 , 322.10 , 298.00 , 307.26 , 317.69 
2 , 26 , 2025 , 342.07 , 327.85 , 334.83 , 335.24 
2 , 27 , 2025 , 348.51 , 322.00 , 347.00 , 326.28 
2 , 28 , 2025 , 336.00 , 318.68 , 322.35 , 335.18 
3 , 3 , 2025 , 337.43 , 308.77 , 334.70 , 315.98 
3 , 4 , 2025 , 321.65 , 294.45 , 305.80 , 313.07 
3 , 5 , 2025 , 323.89 , 311.19 , 314.55 , 316.80 
3 , 6 , 2025 , 309.08 , 288.28 , 306.68 , 293.21 
3 , 7 , 2025 , 301.00 , 279.56 , 293.00 , 289.30 
3 , 10 , 2025 , 281.37 , 266.47 , 275.97 , 270.13 
3 , 11 , 2025 , 291.53 , 268.51 , 269.99 , 284.21 
3 , 12 , 2025 , 308.00 , 292.39 , 301.58 , 298.68 
3 , 13 , 2025 , 303.49 , 285.35 , 297.00 , 300.24 
3 , 14 , 2025 , 315.80 , 303.00 , 306.45 , 313.63 
3 , 17 , 2025 , 335.29 , 311.00 , 312.50 , 331.96 
3 , 18 , 2025 , 330.98 , 314.56 , 329.00 , 318.93 
3 , 19 , 2025 , 343.42 , 320.50 , 323.27 , 335.80 
3 , 20 , 2025 , 342.34 , 329.27 , 329.27 , 336.83 
3 , 21 , 2025 , 335.15 , 325.11 , 330.64 , 333.87 
3 , 24 , 2025 , 349.62 , 339.15 , 344.24 , 343.57 
3 , 25 , 2025 , 344.94 , 333.21 , 343.87 , 336.20 
3 , 26 , 2025 , 335.45 , 314.66 , 335.45 , 317.70 
3 , 27 , 2025 , 314.99 , 302.33 , 310.18 , 303.00 
3 , 28 , 2025 , 308.88 , 299.13 , 302.00 , 302.93 
3 , 31 , 2025 , 306.03 , 288.00 , 291.35 , 305.28 
4 , 1 , 2025 , 316.43 , 302.40 , 307.60 , 315.64 
4 , 2 , 2025 , 335.79 , 306.00 , 307.08 , 330.80 
4 , 3 , 2025 , 315.87 , 293.48 , 306.96 , 297.66 
4 , 4 , 2025 , 283.47 , 252.25 , 277.16 , 271.48 
4 , 7 , 2025 , 298.49 , 253.08 , 257.02 , 286.07 
4 , 8 , 2025 , 307.06 , 279.57 , 303.77 , 286.89 
4 , 9 , 2025 , 333.30 , 281.56 , 283.21 , 326.81 
4 , 10 , 2025 , 322.24 , 303.10 , 312.04 , 309.95 
4 , 11 , 2025 , 323.21 , 306.00 , 310.00 , 321.43 
4 , 14 , 2025 , 334.25 , 317.50 , 333.33 , 322.30 
4 , 15 , 2025 , 331.13 , 323.07 , 323.37 , 328.56 
4 , 16 , 2025 , 332.31 , 316.00 , 320.71 , 328.16 
4 , 17 , 2025 , 339.99 , 321.78 , 335.26 , 323.55 
4 , 21 , 2025 , 324.93 , 306.21 , 320.00 , 313.08 
4 , 22 , 2025 , 331.22 , 317.60 , 319.05 , 326.07 
4 , 23 , 2025 , 358.88 , 333.19 , 354.04 , 336.09 
4 , 24 , 2025 , 366.66 , 337.31 , 343.20 , 360.49 
4 , 25 , 2025 , 376.15 , 356.94 , 359.81 , 372.42 
4 , 28 , 2025 , 379.96 , 361.63 , 371.00 , 370.06 
4 , 29 , 2025 , 372.09 , 363.22 , 369.62 , 371.19 
4 , 30 , 2025 , 371.51 , 357.64 , 359.98 , 370.82 
