Month , Day , Year , High , Low , Open , Close
6 , 1 , 2020 , 21.95 , 20.55 , 20.55 , 21.82 
6 , 2 , 2020 , 21.83 , 20.91 , 21.69 , 21.36 
6 , 3 , 2020 , 22.58 , 21.38 , 21.47 , 22.22 
6 , 4 , 2020 , 23.12 , 22.03 , 22.03 , 22.68 
6 , 5 , 2020 , 24.40 , 23.38 , 23.54 , 23.56 
6 , 8 , 2020 , 24.38 , 23.31 , 23.63 , 24.37 
6 , 9 , 2020 , 23.96 , 23.21 , 23.74 , 23.21 
6 , 10 , 2020 , 23.15 , 22.04 , 22.31 , 22.20 
6 , 11 , 2020 , 21.80 , 20.00 , 20.26 , 21.06 
6 , 12 , 2020 , 22.31 , 21.02 , 22.00 , 21.54 
6 , 15 , 2020 , 22.54 , 20.63 , 20.72 , 21.97 
6 , 16 , 2020 , 22.98 , 21.93 , 22.94 , 22.07 
6 , 17 , 2020 , 22.34 , 21.08 , 22.17 , 21.26 
6 , 18 , 2020 , 21.89 , 21.00 , 21.00 , 21.25 
6 , 19 , 2020 , 21.85 , 21.00 , 21.76 , 21.45 
6 , 22 , 2020 , 22.83 , 21.31 , 21.52 , 22.74 
6 , 23 , 2020 , 23.24 , 22.32 , 23.12 , 22.39 
6 , 24 , 2020 , 22.66 , 21.45 , 22.10 , 21.82 
6 , 25 , 2020 , 21.87 , 21.04 , 21.62 , 21.52 
6 , 26 , 2020 , 21.74 , 20.59 , 21.52 , 20.97 
6 , 29 , 2020 , 22.47 , 21.00 , 21.08 , 22.12 
6 , 30 , 2020 , 22.41 , 21.41 , 21.81 , 22.22 
7 , 1 , 2020 , 23.01 , 21.87 , 22.32 , 22.61 
7 , 2 , 2020 , 23.22 , 22.57 , 22.99 , 22.91 
7 , 6 , 2020 , 24.29 , 23.13 , 23.13 , 24.21 
7 , 7 , 2020 , 24.18 , 23.72 , 23.76 , 24.01 
7 , 8 , 2020 , 24.09 , 23.46 , 23.88 , 23.99 
7 , 9 , 2020 , 24.22 , 23.76 , 24.00 , 23.91 
7 , 10 , 2020 , 26.06 , 23.72 , 23.84 , 24.89 
7 , 13 , 2020 , 25.21 , 23.26 , 25.14 , 24.28 
7 , 14 , 2020 , 25.16 , 24.23 , 24.30 , 25.15 
7 , 15 , 2020 , 26.57 , 25.54 , 25.58 , 26.45 
7 , 16 , 2020 , 26.99 , 25.92 , 26.12 , 26.61 
7 , 17 , 2020 , 26.90 , 26.33 , 26.89 , 26.48 
7 , 20 , 2020 , 26.54 , 26.07 , 26.22 , 26.41 
7 , 21 , 2020 , 26.80 , 26.16 , 26.29 , 26.57 
7 , 22 , 2020 , 27.06 , 26.32 , 26.34 , 26.60 
7 , 23 , 2020 , 27.63 , 26.52 , 26.66 , 27.35 
7 , 24 , 2020 , 27.26 , 26.54 , 27.25 , 26.58 
7 , 27 , 2020 , 26.78 , 26.08 , 26.50 , 26.25 
7 , 28 , 2020 , 26.40 , 25.85 , 26.07 , 26.07 
7 , 29 , 2020 , 27.72 , 26.11 , 26.11 , 27.18 
7 , 30 , 2020 , 27.50 , 25.60 , 25.85 , 26.90 
7 , 31 , 2020 , 27.36 , 26.63 , 26.85 , 27.24 
8 , 3 , 2020 , 27.89 , 27.01 , 27.24 , 27.62 
8 , 4 , 2020 , 27.87 , 27.16 , 27.40 , 27.77 
8 , 5 , 2020 , 28.18 , 27.66 , 27.66 , 28.11 
8 , 6 , 2020 , 28.54 , 27.94 , 28.02 , 28.27 
8 , 7 , 2020 , 29.03 , 28.44 , 28.72 , 28.97 
8 , 10 , 2020 , 29.57 , 28.91 , 29.02 , 29.46 
8 , 11 , 2020 , 30.32 , 29.44 , 30.16 , 29.49 
8 , 12 , 2020 , 30.19 , 29.62 , 29.87 , 29.79 
8 , 13 , 2020 , 30.28 , 29.37 , 29.90 , 29.54 
8 , 14 , 2020 , 30.05 , 29.28 , 29.71 , 29.52 
8 , 17 , 2020 , 30.19 , 29.14 , 29.50 , 29.84 
8 , 18 , 2020 , 30.05 , 29.37 , 29.72 , 29.46 
8 , 19 , 2020 , 29.69 , 29.12 , 29.54 , 29.25 
8 , 20 , 2020 , 29.41 , 28.75 , 29.02 , 29.01 
8 , 21 , 2020 , 29.82 , 29.09 , 29.16 , 29.52 
8 , 24 , 2020 , 30.44 , 29.74 , 29.76 , 30.38 
8 , 25 , 2020 , 30.81 , 30.41 , 30.50 , 30.47 
8 , 26 , 2020 , 31.24 , 30.41 , 30.51 , 31.03 
8 , 27 , 2020 , 31.24 , 30.16 , 31.07 , 30.28 
8 , 28 , 2020 , 30.48 , 29.96 , 30.38 , 30.30 
8 , 31 , 2020 , 30.46 , 29.83 , 30.19 , 29.85 
9 , 1 , 2020 , 30.36 , 29.17 , 29.66 , 30.30 
9 , 2 , 2020 , 30.95 , 29.84 , 30.22 , 30.78 
9 , 3 , 2020 , 30.69 , 28.96 , 30.50 , 29.33 
9 , 4 , 2020 , 30.10 , 28.83 , 29.43 , 30.00 
9 , 8 , 2020 , 30.25 , 29.20 , 29.35 , 29.57 
9 , 9 , 2020 , 30.35 , 29.55 , 29.93 , 30.13 
9 , 10 , 2020 , 30.01 , 28.58 , 29.90 , 29.14 
9 , 11 , 2020 , 29.65 , 29.01 , 29.17 , 29.24 
9 , 14 , 2020 , 29.44 , 28.83 , 29.40 , 29.15 
9 , 15 , 2020 , 30.04 , 29.30 , 29.48 , 29.69 
9 , 16 , 2020 , 30.54 , 29.53 , 30.16 , 30.25 
9 , 17 , 2020 , 30.70 , 29.37 , 29.77 , 30.66 
9 , 18 , 2020 , 31.20 , 30.50 , 30.50 , 30.79 
9 , 21 , 2020 , 30.77 , 29.22 , 30.29 , 29.51 
9 , 22 , 2020 , 30.33 , 29.49 , 29.51 , 30.26 
9 , 23 , 2020 , 30.42 , 29.10 , 30.40 , 29.11 
9 , 24 , 2020 , 29.97 , 28.79 , 29.12 , 29.88 
9 , 25 , 2020 , 30.50 , 29.35 , 29.40 , 30.49 
9 , 28 , 2020 , 31.56 , 30.43 , 30.75 , 30.74 
9 , 29 , 2020 , 30.69 , 30.08 , 30.51 , 30.50 
9 , 30 , 2020 , 31.24 , 30.35 , 30.61 , 30.54 
10 , 1 , 2020 , 31.06 , 30.55 , 30.72 , 30.77 
10 , 2 , 2020 , 31.52 , 30.26 , 30.34 , 31.23 
10 , 5 , 2020 , 32.47 , 31.64 , 31.64 , 32.08 
10 , 6 , 2020 , 32.39 , 31.45 , 32.34 , 31.51 
10 , 7 , 2020 , 32.29 , 31.89 , 31.93 , 32.12 
10 , 8 , 2020 , 32.47 , 31.63 , 32.31 , 31.95 
10 , 9 , 2020 , 32.55 , 31.71 , 31.91 , 32.23 
10 , 12 , 2020 , 33.16 , 32.20 , 32.59 , 33.00 
10 , 13 , 2020 , 33.47 , 32.04 , 33.30 , 32.49 
10 , 14 , 2020 , 33.05 , 32.43 , 32.68 , 32.51 
10 , 15 , 2020 , 32.66 , 32.01 , 32.09 , 32.60 
10 , 16 , 2020 , 33.27 , 32.42 , 32.92 , 32.76 
10 , 19 , 2020 , 33.00 , 32.07 , 32.80 , 32.32 
10 , 20 , 2020 , 33.80 , 32.35 , 32.45 , 33.23 
10 , 21 , 2020 , 33.44 , 32.90 , 33.06 , 33.35 
10 , 22 , 2020 , 34.13 , 33.15 , 33.15 , 33.89 
10 , 23 , 2020 , 34.96 , 33.86 , 33.90 , 34.93 
10 , 26 , 2020 , 34.45 , 33.27 , 34.45 , 33.71 
10 , 27 , 2020 , 33.94 , 33.11 , 33.83 , 33.60 
10 , 28 , 2020 , 33.76 , 32.76 , 32.93 , 33.30 
10 , 29 , 2020 , 34.78 , 32.93 , 33.79 , 34.07 
10 , 30 , 2020 , 34.88 , 33.00 , 33.97 , 33.39 
11 , 2 , 2020 , 35.13 , 33.87 , 34.00 , 35.10 
11 , 3 , 2020 , 37.01 , 35.43 , 35.45 , 36.95 
11 , 4 , 2020 , 37.40 , 35.50 , 35.63 , 36.78 
11 , 5 , 2020 , 38.30 , 37.38 , 37.51 , 38.20 
11 , 6 , 2020 , 39.03 , 38.15 , 38.53 , 38.95 
11 , 9 , 2020 , 41.30 , 38.68 , 40.74 , 38.80 
11 , 10 , 2020 , 39.35 , 37.58 , 39.03 , 37.81 
11 , 11 , 2020 , 38.73 , 37.89 , 38.49 , 38.06 
11 , 12 , 2020 , 38.94 , 37.79 , 38.00 , 37.96 
11 , 13 , 2020 , 38.61 , 38.14 , 38.23 , 38.29 
11 , 16 , 2020 , 40.51 , 38.48 , 39.24 , 40.50 
11 , 17 , 2020 , 41.48 , 39.86 , 41.45 , 40.36 
11 , 18 , 2020 , 40.59 , 39.37 , 40.28 , 39.39 
11 , 19 , 2020 , 39.28 , 38.51 , 39.00 , 39.13 
11 , 20 , 2020 , 39.10 , 38.21 , 38.93 , 38.54 
11 , 23 , 2020 , 39.14 , 38.40 , 39.00 , 38.77 
11 , 24 , 2020 , 39.57 , 38.43 , 38.94 , 39.37 
11 , 25 , 2020 , 39.24 , 38.52 , 39.06 , 38.61 
11 , 27 , 2020 , 38.84 , 37.46 , 38.69 , 37.81 
11 , 30 , 2020 , 38.48 , 37.41 , 37.75 , 38.07 
12 , 1 , 2020 , 38.94 , 37.55 , 38.64 , 37.60 
12 , 2 , 2020 , 37.28 , 36.56 , 37.19 , 36.83 
12 , 3 , 2020 , 37.77 , 36.60 , 37.19 , 36.69 
12 , 4 , 2020 , 37.97 , 37.06 , 37.27 , 37.70 
12 , 7 , 2020 , 37.70 , 36.71 , 37.55 , 36.84 
12 , 8 , 2020 , 37.57 , 36.61 , 36.64 , 37.30 
12 , 9 , 2020 , 37.99 , 37.39 , 37.41 , 37.84 
12 , 10 , 2020 , 38.47 , 37.27 , 37.67 , 37.54 
12 , 11 , 2020 , 37.39 , 36.76 , 37.16 , 37.16 
12 , 14 , 2020 , 37.55 , 36.52 , 37.50 , 36.62 
12 , 15 , 2020 , 37.91 , 36.52 , 37.10 , 37.67 
12 , 16 , 2020 , 38.02 , 37.34 , 37.73 , 38.00 
12 , 17 , 2020 , 38.87 , 38.25 , 38.41 , 38.70 
12 , 18 , 2020 , 38.86 , 37.61 , 38.75 , 38.79 
12 , 21 , 2020 , 38.72 , 37.93 , 38.00 , 38.52 
12 , 22 , 2020 , 38.52 , 37.86 , 38.29 , 38.03 
12 , 23 , 2020 , 38.40 , 37.80 , 38.12 , 38.16 
12 , 24 , 2020 , 38.24 , 37.85 , 37.91 , 37.89 
12 , 28 , 2020 , 39.43 , 37.75 , 38.11 , 37.76 
12 , 29 , 2020 , 38.18 , 36.68 , 38.00 , 37.17 
12 , 30 , 2020 , 37.80 , 37.25 , 37.31 , 37.73 
12 , 31 , 2020 , 37.81 , 36.92 , 37.62 , 37.72 
1 , 4 , 2021 , 38.38 , 36.98 , 38.35 , 37.03 
1 , 5 , 2021 , 38.18 , 36.80 , 37.00 , 37.94 
1 , 6 , 2021 , 40.26 , 38.32 , 38.32 , 40.05 
1 , 7 , 2021 , 41.19 , 40.00 , 40.41 , 41.09 
1 , 8 , 2021 , 41.35 , 40.00 , 41.20 , 40.69 
1 , 11 , 2021 , 41.84 , 39.85 , 39.88 , 41.57 
1 , 12 , 2021 , 41.94 , 41.05 , 41.56 , 41.74 
1 , 13 , 2021 , 41.89 , 40.83 , 41.42 , 41.38 
1 , 14 , 2021 , 41.59 , 40.73 , 41.40 , 40.80 
1 , 15 , 2021 , 40.60 , 39.57 , 40.60 , 40.38 
1 , 19 , 2021 , 40.98 , 40.20 , 40.70 , 40.37 
1 , 20 , 2021 , 40.41 , 39.69 , 40.41 , 40.04 
1 , 21 , 2021 , 40.40 , 39.21 , 40.40 , 39.74 
1 , 22 , 2021 , 40.11 , 39.10 , 39.20 , 39.51 
1 , 25 , 2021 , 39.06 , 37.20 , 38.97 , 38.89 
1 , 26 , 2021 , 39.05 , 37.30 , 38.89 , 37.32 
1 , 27 , 2021 , 36.78 , 34.21 , 36.60 , 36.23 
1 , 28 , 2021 , 38.45 , 36.42 , 36.81 , 38.20 
1 , 29 , 2021 , 38.80 , 37.77 , 37.89 , 38.50 
2 , 1 , 2021 , 39.45 , 38.55 , 39.20 , 38.66 
2 , 2 , 2021 , 39.40 , 38.43 , 39.12 , 38.48 
2 , 3 , 2021 , 38.66 , 37.96 , 38.30 , 38.15 
2 , 4 , 2021 , 38.53 , 37.86 , 38.37 , 38.33 
2 , 5 , 2021 , 39.99 , 38.00 , 38.00 , 39.15 
2 , 8 , 2021 , 40.12 , 39.34 , 39.53 , 39.70 
2 , 9 , 2021 , 38.28 , 36.95 , 37.10 , 37.25 
2 , 10 , 2021 , 37.95 , 36.80 , 37.66 , 37.19 
2 , 11 , 2021 , 37.48 , 36.63 , 37.30 , 37.20 
2 , 12 , 2021 , 37.40 , 36.76 , 37.00 , 37.28 
2 , 16 , 2021 , 37.53 , 36.78 , 37.46 , 37.41 
2 , 17 , 2021 , 37.37 , 36.70 , 37.23 , 37.24 
2 , 18 , 2021 , 37.23 , 36.36 , 37.09 , 36.65 
2 , 19 , 2021 , 37.76 , 36.96 , 37.00 , 37.64 
2 , 22 , 2021 , 37.87 , 37.27 , 37.41 , 37.30 
2 , 23 , 2021 , 37.19 , 35.82 , 36.83 , 37.10 
2 , 24 , 2021 , 37.51 , 36.70 , 36.86 , 37.45 
2 , 25 , 2021 , 37.27 , 35.94 , 37.07 , 36.14 
2 , 26 , 2021 , 37.00 , 36.02 , 36.39 , 36.53 
3 , 1 , 2021 , 37.57 , 36.72 , 36.76 , 37.20 
3 , 2 , 2021 , 37.42 , 36.68 , 37.40 , 37.14 
3 , 3 , 2021 , 37.58 , 36.63 , 36.85 , 37.12 
3 , 4 , 2021 , 37.21 , 35.06 , 36.95 , 35.52 
3 , 5 , 2021 , 37.04 , 34.75 , 36.12 , 36.94 
3 , 8 , 2021 , 37.79 , 36.30 , 36.79 , 37.06 
3 , 9 , 2021 , 37.71 , 37.10 , 37.35 , 37.12 
3 , 10 , 2021 , 39.10 , 37.48 , 37.61 , 38.78 
3 , 11 , 2021 , 39.57 , 38.61 , 39.27 , 39.23 
3 , 12 , 2021 , 39.62 , 38.92 , 39.00 , 39.59 
3 , 15 , 2021 , 39.74 , 39.10 , 39.22 , 39.60 
3 , 16 , 2021 , 39.65 , 38.31 , 39.62 , 38.57 
3 , 17 , 2021 , 39.36 , 38.43 , 38.81 , 39.35 
3 , 18 , 2021 , 41.60 , 39.40 , 39.40 , 41.00 
3 , 19 , 2021 , 41.31 , 40.58 , 41.23 , 40.91 
3 , 22 , 2021 , 41.69 , 39.85 , 40.62 , 41.41 
3 , 23 , 2021 , 41.49 , 40.06 , 40.92 , 40.29 
3 , 24 , 2021 , 41.23 , 40.13 , 40.50 , 40.14 
3 , 25 , 2021 , 40.48 , 39.58 , 40.19 , 40.35 
3 , 26 , 2021 , 41.14 , 39.83 , 40.82 , 41.09 
3 , 29 , 2021 , 42.98 , 41.95 , 42.21 , 42.34 
3 , 30 , 2021 , 42.92 , 41.79 , 42.07 , 42.36 
3 , 31 , 2021 , 43.48 , 42.03 , 43.00 , 42.22 
4 , 1 , 2021 , 42.40 , 41.86 , 42.23 , 42.02 
4 , 5 , 2021 , 42.92 , 42.33 , 42.39 , 42.58 
4 , 6 , 2021 , 43.30 , 42.30 , 42.64 , 42.81 
4 , 7 , 2021 , 42.84 , 42.14 , 42.56 , 42.69 
4 , 8 , 2021 , 43.00 , 42.05 , 42.58 , 42.53 
4 , 9 , 2021 , 43.06 , 42.26 , 42.85 , 42.75 
4 , 12 , 2021 , 43.01 , 42.48 , 42.80 , 42.60 
4 , 13 , 2021 , 43.37 , 42.24 , 42.49 , 43.16 
4 , 14 , 2021 , 43.78 , 43.06 , 43.13 , 43.13 
4 , 15 , 2021 , 43.77 , 42.70 , 43.20 , 43.59 
4 , 16 , 2021 , 44.28 , 43.44 , 43.88 , 43.88 
4 , 19 , 2021 , 44.65 , 43.67 , 44.00 , 43.87 
4 , 20 , 2021 , 43.67 , 42.01 , 43.58 , 42.52 
4 , 21 , 2021 , 43.13 , 42.20 , 42.50 , 43.06 
4 , 22 , 2021 , 43.71 , 42.85 , 43.24 , 43.09 
4 , 23 , 2021 , 44.56 , 43.07 , 43.36 , 44.47 
4 , 26 , 2021 , 45.16 , 44.02 , 44.82 , 44.10 
4 , 27 , 2021 , 45.04 , 44.00 , 44.15 , 44.96 
4 , 28 , 2021 , 45.32 , 44.47 , 44.94 , 44.49 
4 , 29 , 2021 , 44.88 , 43.39 , 43.97 , 44.15 
4 , 30 , 2021 , 43.85 , 42.99 , 43.68 , 43.58 
5 , 3 , 2021 , 44.19 , 43.18 , 44.12 , 43.46 
5 , 4 , 2021 , 43.36 , 42.78 , 43.16 , 43.13 
5 , 5 , 2021 , 43.48 , 43.15 , 43.47 , 43.27 
5 , 6 , 2021 , 44.19 , 43.16 , 43.34 , 44.16 
5 , 7 , 2021 , 45.27 , 43.87 , 44.12 , 44.84 
5 , 10 , 2021 , 45.65 , 44.89 , 44.89 , 45.41 
5 , 11 , 2021 , 45.12 , 44.01 , 45.12 , 44.50 
5 , 12 , 2021 , 44.44 , 42.39 , 44.24 , 42.43 
5 , 13 , 2021 , 43.64 , 42.51 , 42.68 , 43.25 
5 , 14 , 2021 , 44.08 , 43.45 , 43.61 , 43.64 
5 , 17 , 2021 , 44.33 , 43.46 , 43.52 , 44.17 
5 , 18 , 2021 , 44.48 , 43.54 , 44.28 , 43.66 
5 , 19 , 2021 , 43.63 , 42.70 , 43.24 , 43.44 
5 , 20 , 2021 , 44.07 , 43.21 , 43.56 , 43.89 
5 , 21 , 2021 , 44.72 , 43.87 , 44.17 , 43.88 
5 , 24 , 2021 , 44.68 , 43.93 , 44.08 , 44.38 
5 , 25 , 2021 , 45.18 , 44.51 , 44.65 , 44.72 
5 , 26 , 2021 , 45.03 , 44.53 , 44.78 , 44.72 
5 , 27 , 2021 , 45.48 , 44.84 , 45.07 , 45.31 
5 , 28 , 2021 , 46.13 , 45.41 , 45.70 , 45.93 
6 , 1 , 2021 , 47.09 , 46.58 , 46.61 , 46.85 
6 , 2 , 2021 , 46.94 , 45.91 , 46.76 , 46.05 
6 , 3 , 2021 , 46.18 , 45.14 , 45.73 , 45.73 
6 , 4 , 2021 , 46.05 , 45.76 , 45.95 , 45.89 
6 , 7 , 2021 , 46.37 , 45.87 , 46.18 , 46.06 
6 , 8 , 2021 , 46.46 , 45.79 , 46.20 , 46.36 
6 , 9 , 2021 , 46.53 , 45.99 , 46.30 , 46.19 
6 , 10 , 2021 , 46.63 , 45.78 , 46.41 , 45.86 
6 , 11 , 2021 , 46.28 , 45.66 , 46.17 , 46.10 
6 , 14 , 2021 , 46.29 , 45.76 , 46.10 , 46.21 
6 , 15 , 2021 , 46.60 , 45.82 , 46.29 , 46.53 
6 , 16 , 2021 , 47.13 , 46.48 , 46.73 , 46.91 
6 , 17 , 2021 , 46.91 , 45.11 , 46.90 , 46.13 
6 , 18 , 2021 , 45.86 , 45.02 , 45.43 , 45.05 
6 , 21 , 2021 , 46.61 , 45.30 , 45.40 , 46.50 
6 , 22 , 2021 , 46.70 , 46.01 , 46.60 , 46.11 
6 , 23 , 2021 , 46.64 , 45.69 , 46.50 , 46.10 
6 , 24 , 2021 , 46.39 , 45.95 , 46.25 , 46.22 
6 , 25 , 2021 , 47.17 , 46.24 , 46.33 , 47.06 
6 , 28 , 2021 , 47.94 , 46.68 , 47.06 , 47.88 
6 , 29 , 2021 , 49.10 , 48.03 , 48.03 , 48.71 
6 , 30 , 2021 , 48.99 , 48.25 , 48.46 , 48.60 
7 , 1 , 2021 , 48.89 , 48.31 , 48.62 , 48.75 
7 , 2 , 2021 , 48.90 , 48.44 , 48.80 , 48.52 
7 , 6 , 2021 , 48.63 , 47.62 , 48.61 , 48.17 
7 , 7 , 2021 , 49.06 , 48.02 , 48.20 , 48.83 
7 , 8 , 2021 , 48.42 , 47.53 , 47.81 , 48.05 
7 , 9 , 2021 , 48.87 , 48.21 , 48.55 , 48.27 
7 , 12 , 2021 , 49.27 , 47.98 , 48.50 , 49.21 
7 , 13 , 2021 , 49.62 , 49.02 , 49.09 , 49.23 
7 , 14 , 2021 , 49.72 , 48.90 , 49.40 , 49.00 
7 , 15 , 2021 , 49.68 , 48.51 , 48.73 , 49.56 
7 , 16 , 2021 , 49.81 , 49.00 , 49.56 , 49.08 
7 , 19 , 2021 , 48.50 , 47.65 , 48.31 , 48.25 
7 , 20 , 2021 , 50.07 , 48.32 , 48.48 , 49.90 
7 , 21 , 2021 , 50.59 , 49.94 , 50.02 , 50.45 
7 , 22 , 2021 , 51.02 , 50.23 , 50.50 , 50.81 
7 , 23 , 2021 , 51.96 , 50.94 , 50.96 , 51.90 
7 , 26 , 2021 , 52.09 , 51.26 , 51.80 , 51.51 
7 , 27 , 2021 , 52.41 , 51.24 , 51.50 , 51.96 
7 , 28 , 2021 , 52.30 , 51.53 , 51.87 , 51.57 
7 , 29 , 2021 , 54.08 , 52.18 , 53.08 , 53.94 
7 , 30 , 2021 , 55.51 , 53.96 , 54.22 , 55.25 
8 , 2 , 2021 , 56.03 , 54.48 , 55.30 , 54.61 
8 , 3 , 2021 , 57.25 , 54.98 , 54.99 , 57.18 
8 , 4 , 2021 , 57.90 , 56.54 , 56.60 , 57.04 
8 , 5 , 2021 , 57.54 , 55.91 , 57.36 , 56.32 
8 , 6 , 2021 , 56.82 , 55.86 , 56.52 , 56.38 
8 , 9 , 2021 , 56.53 , 55.96 , 56.10 , 56.24 
8 , 10 , 2021 , 57.50 , 56.26 , 56.40 , 56.61 
8 , 11 , 2021 , 57.03 , 56.08 , 56.78 , 56.89 
8 , 12 , 2021 , 56.57 , 55.67 , 56.34 , 55.98 
8 , 13 , 2021 , 56.25 , 55.74 , 55.94 , 56.15 
8 , 16 , 2021 , 56.83 , 55.62 , 55.99 , 56.60 
8 , 17 , 2021 , 56.14 , 54.37 , 55.95 , 55.15 
8 , 18 , 2021 , 55.99 , 55.04 , 55.15 , 55.17 
8 , 19 , 2021 , 55.98 , 54.23 , 54.30 , 55.25 
8 , 20 , 2021 , 55.60 , 54.71 , 55.47 , 55.37 
8 , 23 , 2021 , 56.17 , 55.35 , 55.86 , 55.88 
8 , 24 , 2021 , 56.69 , 55.74 , 55.78 , 56.61 
8 , 25 , 2021 , 58.04 , 56.43 , 56.46 , 57.74 
8 , 26 , 2021 , 57.98 , 57.16 , 57.65 , 57.38 
8 , 27 , 2021 , 58.42 , 57.61 , 57.61 , 58.32 
8 , 30 , 2021 , 58.89 , 58.02 , 58.52 , 58.03 
8 , 31 , 2021 , 58.01 , 56.94 , 58.00 , 57.60 
9 , 1 , 2021 , 57.97 , 56.74 , 57.90 , 57.89 
9 , 2 , 2021 , 58.29 , 57.47 , 58.15 , 57.92 
9 , 3 , 2021 , 57.86 , 57.25 , 57.68 , 57.41 
9 , 7 , 2021 , 56.99 , 56.09 , 56.32 , 56.22 
9 , 8 , 2021 , 56.95 , 55.79 , 56.08 , 56.66 
9 , 9 , 2021 , 57.40 , 56.41 , 56.81 , 56.73 
9 , 10 , 2021 , 57.23 , 56.40 , 57.16 , 56.43 
9 , 13 , 2021 , 57.08 , 55.18 , 56.94 , 55.74 
9 , 14 , 2021 , 56.04 , 54.59 , 56.00 , 54.98 
9 , 15 , 2021 , 55.90 , 54.83 , 55.06 , 55.76 
9 , 16 , 2021 , 55.86 , 54.69 , 55.67 , 55.07 
9 , 17 , 2021 , 55.08 , 54.57 , 54.77 , 55.00 
9 , 20 , 2021 , 54.60 , 53.06 , 53.95 , 53.82 
9 , 21 , 2021 , 54.16 , 51.67 , 54.11 , 51.69 
9 , 22 , 2021 , 53.12 , 52.09 , 52.17 , 52.59 
9 , 23 , 2021 , 54.18 , 52.98 , 52.98 , 53.49 
9 , 24 , 2021 , 53.46 , 52.81 , 52.89 , 53.12 
9 , 27 , 2021 , 53.14 , 52.28 , 53.09 , 52.37 
9 , 28 , 2021 , 52.18 , 51.31 , 51.77 , 51.96 
9 , 29 , 2021 , 53.07 , 52.20 , 52.27 , 52.85 
9 , 30 , 2021 , 53.68 , 51.73 , 53.14 , 51.76 
10 , 1 , 2021 , 52.75 , 51.13 , 51.86 , 52.46 
10 , 4 , 2021 , 52.52 , 51.56 , 52.06 , 52.33 
10 , 5 , 2021 , 53.43 , 52.29 , 52.62 , 52.82 
10 , 6 , 2021 , 52.71 , 51.61 , 52.13 , 52.61 
10 , 7 , 2021 , 53.98 , 53.24 , 53.24 , 53.35 
10 , 8 , 2021 , 53.21 , 51.46 , 52.94 , 51.50 
10 , 11 , 2021 , 51.95 , 51.10 , 51.36 , 51.25 
10 , 12 , 2021 , 51.44 , 50.08 , 51.29 , 50.30 
10 , 13 , 2021 , 50.97 , 49.93 , 50.67 , 50.73 
10 , 14 , 2021 , 53.05 , 51.29 , 51.37 , 53.01 
10 , 15 , 2021 , 53.92 , 53.06 , 53.57 , 53.43 
10 , 18 , 2021 , 54.02 , 52.91 , 52.98 , 53.98 
10 , 19 , 2021 , 54.49 , 53.39 , 54.40 , 53.97 
10 , 20 , 2021 , 54.58 , 53.72 , 54.22 , 54.02 
10 , 21 , 2021 , 54.34 , 53.53 , 53.79 , 54.32 
10 , 22 , 2021 , 55.10 , 54.39 , 54.77 , 54.66 
10 , 25 , 2021 , 55.34 , 53.35 , 54.12 , 54.60 
10 , 26 , 2021 , 54.88 , 53.68 , 54.70 , 53.73 
10 , 27 , 2021 , 54.30 , 53.09 , 53.66 , 53.16 
10 , 28 , 2021 , 54.51 , 52.63 , 53.21 , 54.42 
10 , 29 , 2021 , 54.08 , 52.04 , 53.56 , 52.23 
11 , 1 , 2021 , 52.67 , 51.86 , 52.35 , 52.17 
11 , 2 , 2021 , 53.03 , 51.87 , 52.49 , 52.40 
11 , 3 , 2021 , 52.50 , 51.18 , 51.95 , 51.97 
11 , 4 , 2021 , 53.02 , 51.92 , 51.92 , 52.97 
11 , 5 , 2021 , 53.45 , 52.42 , 53.21 , 52.79 
11 , 8 , 2021 , 53.42 , 52.37 , 52.98 , 53.34 
11 , 9 , 2021 , 54.86 , 53.50 , 53.57 , 54.81 
11 , 10 , 2021 , 55.06 , 54.41 , 54.94 , 54.63 
11 , 11 , 2021 , 54.88 , 53.91 , 54.79 , 54.50 
11 , 12 , 2021 , 56.16 , 54.68 , 54.90 , 56.12 
11 , 15 , 2021 , 56.33 , 55.50 , 56.06 , 55.70 
11 , 16 , 2021 , 56.63 , 55.50 , 55.52 , 56.26 
11 , 17 , 2021 , 56.54 , 55.92 , 56.50 , 56.12 
11 , 18 , 2021 , 57.06 , 56.20 , 56.55 , 57.02 
11 , 19 , 2021 , 57.97 , 56.93 , 56.97 , 57.15 
11 , 22 , 2021 , 57.60 , 56.40 , 57.37 , 56.41 
11 , 23 , 2021 , 56.61 , 54.52 , 56.30 , 54.87 
11 , 24 , 2021 , 55.83 , 54.35 , 54.58 , 55.69 
11 , 26 , 2021 , 55.66 , 54.62 , 54.82 , 55.38 
11 , 29 , 2021 , 56.20 , 55.02 , 56.16 , 55.98 
11 , 30 , 2021 , 56.04 , 53.66 , 55.87 , 54.12 
12 , 1 , 2021 , 55.90 , 53.55 , 54.79 , 53.60 
12 , 2 , 2021 , 55.70 , 53.95 , 53.95 , 55.52 
12 , 3 , 2021 , 56.18 , 54.97 , 55.86 , 56.12 
12 , 6 , 2021 , 56.51 , 55.65 , 56.37 , 55.85 
12 , 7 , 2021 , 57.69 , 55.77 , 56.14 , 56.64 
12 , 8 , 2021 , 56.68 , 55.97 , 56.60 , 56.44 
12 , 9 , 2021 , 57.03 , 55.92 , 56.72 , 55.99 
12 , 10 , 2021 , 55.84 , 54.55 , 55.06 , 55.51 
12 , 13 , 2021 , 56.04 , 54.89 , 55.82 , 54.93 
12 , 14 , 2021 , 54.78 , 52.90 , 54.16 , 53.55 
12 , 15 , 2021 , 53.67 , 52.09 , 53.64 , 53.55 
12 , 16 , 2021 , 54.67 , 53.34 , 54.02 , 53.87 
12 , 17 , 2021 , 53.69 , 51.98 , 53.55 , 52.26 
12 , 20 , 2021 , 52.04 , 50.36 , 51.90 , 50.91 
12 , 21 , 2021 , 52.16 , 51.16 , 51.51 , 52.13 
12 , 22 , 2021 , 52.65 , 51.65 , 51.87 , 52.52 
12 , 23 , 2021 , 53.19 , 52.51 , 52.54 , 52.82 
12 , 27 , 2021 , 53.59 , 52.93 , 53.28 , 53.53 
12 , 28 , 2021 , 53.77 , 53.24 , 53.45 , 53.48 
12 , 29 , 2021 , 53.87 , 53.14 , 53.44 , 53.74 
12 , 30 , 2021 , 54.25 , 53.50 , 53.83 , 53.55 
12 , 31 , 2021 , 54.56 , 53.36 , 53.54 , 54.24 
1 , 3 , 2022 , 53.60 , 52.22 , 53.15 , 52.52 
1 , 4 , 2022 , 54.64 , 53.21 , 54.24 , 53.82 
1 , 5 , 2022 , 54.42 , 52.31 , 53.60 , 52.37 
1 , 6 , 2022 , 53.51 , 52.45 , 52.45 , 53.50 
1 , 7 , 2022 , 53.83 , 51.83 , 53.33 , 51.84 
1 , 10 , 2022 , 52.50 , 50.34 , 51.23 , 52.32 
1 , 11 , 2022 , 52.71 , 51.89 , 52.52 , 52.54 
1 , 12 , 2022 , 53.41 , 52.46 , 53.19 , 53.00 
1 , 13 , 2022 , 53.32 , 52.07 , 53.00 , 52.20 
1 , 14 , 2022 , 51.48 , 50.16 , 51.48 , 51.10 
1 , 18 , 2022 , 50.37 , 49.21 , 50.20 , 49.65 
1 , 19 , 2022 , 50.29 , 48.73 , 49.86 , 48.79 
1 , 20 , 2022 , 50.19 , 48.00 , 49.19 , 48.03 
1 , 21 , 2022 , 48.86 , 47.48 , 48.26 , 47.80 
1 , 24 , 2022 , 47.81 , 45.31 , 45.61 , 47.66 
1 , 25 , 2022 , 47.56 , 46.11 , 47.06 , 47.21 
1 , 26 , 2022 , 48.31 , 46.08 , 47.82 , 46.67 
1 , 27 , 2022 , 47.51 , 45.94 , 46.98 , 46.09 
1 , 28 , 2022 , 46.71 , 45.47 , 46.20 , 46.45 
1 , 31 , 2022 , 47.74 , 46.28 , 46.44 , 47.68 
2 , 1 , 2022 , 48.07 , 46.38 , 48.00 , 47.05 
2 , 2 , 2022 , 48.15 , 47.19 , 47.25 , 47.51 
2 , 3 , 2022 , 47.34 , 46.17 , 46.81 , 46.24 
2 , 4 , 2022 , 46.48 , 44.84 , 45.97 , 45.84 
2 , 7 , 2022 , 46.12 , 45.35 , 45.65 , 45.72 
2 , 8 , 2022 , 46.95 , 45.25 , 45.54 , 46.06 
2 , 9 , 2022 , 48.08 , 46.84 , 46.98 , 47.98 
2 , 10 , 2022 , 48.19 , 46.76 , 47.22 , 47.15 
2 , 11 , 2022 , 47.22 , 44.99 , 47.04 , 45.50 
2 , 14 , 2022 , 45.78 , 44.29 , 45.52 , 44.79 
2 , 15 , 2022 , 45.86 , 45.34 , 45.56 , 45.75 
2 , 16 , 2022 , 45.91 , 45.00 , 45.46 , 45.65 
2 , 17 , 2022 , 45.50 , 44.46 , 45.16 , 44.58 
2 , 18 , 2022 , 44.88 , 43.96 , 44.74 , 44.08 
2 , 22 , 2022 , 45.65 , 43.71 , 43.99 , 45.29 
2 , 23 , 2022 , 45.79 , 43.75 , 45.76 , 43.84 
2 , 24 , 2022 , 44.82 , 42.45 , 42.75 , 44.71 
2 , 25 , 2022 , 45.46 , 44.13 , 44.69 , 45.23 
2 , 28 , 2022 , 45.10 , 44.23 , 44.46 , 44.88 
3 , 1 , 2022 , 45.16 , 43.48 , 45.16 , 43.72 
3 , 2 , 2022 , 45.18 , 44.04 , 44.14 , 44.91 
3 , 3 , 2022 , 45.91 , 44.98 , 45.38 , 45.88 
3 , 4 , 2022 , 45.64 , 44.33 , 45.19 , 45.00 
3 , 7 , 2022 , 45.05 , 43.47 , 45.00 , 43.52 
3 , 8 , 2022 , 44.42 , 42.85 , 43.40 , 43.58 
3 , 9 , 2022 , 45.14 , 44.14 , 44.44 , 44.59 
3 , 10 , 2022 , 44.18 , 43.56 , 43.93 , 43.81 
3 , 11 , 2022 , 44.32 , 43.19 , 44.28 , 43.22 
3 , 14 , 2022 , 44.10 , 42.84 , 43.55 , 42.91 
3 , 15 , 2022 , 45.33 , 43.42 , 43.50 , 45.20 
3 , 16 , 2022 , 47.10 , 45.52 , 45.56 , 46.88 
3 , 17 , 2022 , 47.12 , 46.15 , 46.21 , 47.12 
3 , 18 , 2022 , 47.83 , 46.64 , 47.16 , 47.78 
3 , 21 , 2022 , 47.93 , 46.98 , 47.28 , 47.48 
3 , 22 , 2022 , 47.94 , 47.02 , 47.59 , 47.49 
3 , 23 , 2022 , 47.29 , 46.45 , 46.86 , 46.52 
3 , 24 , 2022 , 46.73 , 46.03 , 46.69 , 46.17 
3 , 25 , 2022 , 46.44 , 45.54 , 46.19 , 46.39 
3 , 28 , 2022 , 46.91 , 46.00 , 46.44 , 46.89 
3 , 29 , 2022 , 48.48 , 47.18 , 47.73 , 48.08 
3 , 30 , 2022 , 48.22 , 47.36 , 47.88 , 47.57 
3 , 31 , 2022 , 47.53 , 45.83 , 47.29 , 45.87 
4 , 1 , 2022 , 46.41 , 45.65 , 46.30 , 46.04 
4 , 4 , 2022 , 45.72 , 44.68 , 45.51 , 45.25 
4 , 5 , 2022 , 45.18 , 44.34 , 45.04 , 44.54 
4 , 6 , 2022 , 44.04 , 43.31 , 43.97 , 43.88 
4 , 7 , 2022 , 44.01 , 43.08 , 43.33 , 43.69 
4 , 8 , 2022 , 44.41 , 43.16 , 43.84 , 43.38 
4 , 11 , 2022 , 43.26 , 42.31 , 42.75 , 42.44 
4 , 12 , 2022 , 43.20 , 41.52 , 42.66 , 41.78 
4 , 13 , 2022 , 42.60 , 41.65 , 41.80 , 42.11 
4 , 14 , 2022 , 42.33 , 41.27 , 42.12 , 41.28 
4 , 18 , 2022 , 41.78 , 40.96 , 41.33 , 41.29 
4 , 19 , 2022 , 42.55 , 41.35 , 41.45 , 42.50 
4 , 20 , 2022 , 43.74 , 42.86 , 42.86 , 43.45 
4 , 21 , 2022 , 44.68 , 42.57 , 43.87 , 42.82 
4 , 22 , 2022 , 42.55 , 41.61 , 42.46 , 41.67 
4 , 25 , 2022 , 42.02 , 40.78 , 41.40 , 41.96 
4 , 26 , 2022 , 41.78 , 39.93 , 41.60 , 40.05 
4 , 27 , 2022 , 40.93 , 40.00 , 40.09 , 40.26 
4 , 28 , 2022 , 39.66 , 36.23 , 36.28 , 39.41 
4 , 29 , 2022 , 39.59 , 38.10 , 39.56 , 38.27 
5 , 2 , 2022 , 39.04 , 37.63 , 38.54 , 38.60 
5 , 3 , 2022 , 38.78 , 38.04 , 38.61 , 38.38 
5 , 4 , 2022 , 39.58 , 37.31 , 38.49 , 39.41 
5 , 5 , 2022 , 39.43 , 37.57 , 38.96 , 37.96 
5 , 6 , 2022 , 38.00 , 37.07 , 37.78 , 37.78 
5 , 9 , 2022 , 38.79 , 37.02 , 37.22 , 38.13 
5 , 10 , 2022 , 38.90 , 37.22 , 38.61 , 38.09 
5 , 11 , 2022 , 38.76 , 37.53 , 38.07 , 37.59 
5 , 12 , 2022 , 39.14 , 37.28 , 37.51 , 39.10 
5 , 13 , 2022 , 40.43 , 39.59 , 39.59 , 40.19 
5 , 16 , 2022 , 40.28 , 39.26 , 39.93 , 39.86 
5 , 17 , 2022 , 40.73 , 39.32 , 40.62 , 40.18 
5 , 18 , 2022 , 39.48 , 37.20 , 38.75 , 37.36 
5 , 19 , 2022 , 38.01 , 36.91 , 37.10 , 37.41 
5 , 20 , 2022 , 38.23 , 36.98 , 37.96 , 37.96 
5 , 23 , 2022 , 38.58 , 37.66 , 38.52 , 38.27 
5 , 24 , 2022 , 38.25 , 37.00 , 38.05 , 37.94 
5 , 25 , 2022 , 38.47 , 37.57 , 37.68 , 38.29 
5 , 26 , 2022 , 39.47 , 38.70 , 38.70 , 39.33 
5 , 27 , 2022 , 40.37 , 39.75 , 39.76 , 40.23 
5 , 31 , 2022 , 39.99 , 38.80 , 39.78 , 39.31 
6 , 1 , 2022 , 39.41 , 38.51 , 39.27 , 38.94 
6 , 2 , 2022 , 40.10 , 39.01 , 39.26 , 40.08 
6 , 3 , 2022 , 39.90 , 39.45 , 39.65 , 39.59 
6 , 6 , 2022 , 40.15 , 39.54 , 39.77 , 39.57 
6 , 7 , 2022 , 40.01 , 39.14 , 39.24 , 39.99 
6 , 8 , 2022 , 39.82 , 39.16 , 39.75 , 39.39 
6 , 9 , 2022 , 39.60 , 38.84 , 39.19 , 38.85 
6 , 10 , 2022 , 38.27 , 37.02 , 38.27 , 37.34 
6 , 13 , 2022 , 37.06 , 36.05 , 36.42 , 36.49 
6 , 14 , 2022 , 36.83 , 35.77 , 36.41 , 35.94 
6 , 15 , 2022 , 37.18 , 35.90 , 36.33 , 36.77 
6 , 16 , 2022 , 35.99 , 34.36 , 35.87 , 34.58 
6 , 17 , 2022 , 35.18 , 34.24 , 34.65 , 34.41 
6 , 21 , 2022 , 35.16 , 34.34 , 34.73 , 35.01 
6 , 22 , 2022 , 35.08 , 34.12 , 34.37 , 34.78 
6 , 23 , 2022 , 34.98 , 34.47 , 34.67 , 34.82 
6 , 24 , 2022 , 36.40 , 34.97 , 35.16 , 36.30 
6 , 27 , 2022 , 36.53 , 35.58 , 36.35 , 36.11 
6 , 28 , 2022 , 36.98 , 35.91 , 36.23 , 35.99 
6 , 29 , 2022 , 35.97 , 35.30 , 35.92 , 35.79 
6 , 30 , 2022 , 36.35 , 35.32 , 35.52 , 35.66 
7 , 1 , 2022 , 36.26 , 35.38 , 35.77 , 36.00 
7 , 5 , 2022 , 36.09 , 35.01 , 35.41 , 36.07 
7 , 6 , 2022 , 36.41 , 35.77 , 36.30 , 36.18 
7 , 7 , 2022 , 36.44 , 35.80 , 36.26 , 36.40 
7 , 8 , 2022 , 36.51 , 35.94 , 36.41 , 36.07 
7 , 11 , 2022 , 36.83 , 35.71 , 35.91 , 36.53 
7 , 12 , 2022 , 37.19 , 35.93 , 36.54 , 36.13 
7 , 13 , 2022 , 35.98 , 35.20 , 35.52 , 35.73 
7 , 14 , 2022 , 35.69 , 34.69 , 35.00 , 35.61 
7 , 15 , 2022 , 36.25 , 35.57 , 36.12 , 36.00 
7 , 18 , 2022 , 36.33 , 35.39 , 36.10 , 35.55 
7 , 19 , 2022 , 37.30 , 35.93 , 36.00 , 37.17 
7 , 20 , 2022 , 37.53 , 36.97 , 37.15 , 37.39 
7 , 21 , 2022 , 38.32 , 37.22 , 37.40 , 38.27 
7 , 22 , 2022 , 38.64 , 38.07 , 38.40 , 38.50 
7 , 25 , 2022 , 38.61 , 37.95 , 38.37 , 38.23 
7 , 26 , 2022 , 38.26 , 37.17 , 37.90 , 38.09 
7 , 27 , 2022 , 39.66 , 38.03 , 38.32 , 39.54 
7 , 28 , 2022 , 40.06 , 38.16 , 39.90 , 39.48 
7 , 29 , 2022 , 40.63 , 39.27 , 39.73 , 40.53 
8 , 1 , 2022 , 41.04 , 40.15 , 40.15 , 40.57 
8 , 2 , 2022 , 41.14 , 40.21 , 40.41 , 40.41 
8 , 3 , 2022 , 40.87 , 39.90 , 40.51 , 40.76 
8 , 4 , 2022 , 41.90 , 40.79 , 40.80 , 41.81 
8 , 5 , 2022 , 41.93 , 41.28 , 41.55 , 41.88 
8 , 8 , 2022 , 42.67 , 41.91 , 42.23 , 41.94 
8 , 9 , 2022 , 41.90 , 41.48 , 41.66 , 41.76 
8 , 10 , 2022 , 43.19 , 42.53 , 42.64 , 42.86 
8 , 11 , 2022 , 43.91 , 43.02 , 43.06 , 43.05 
8 , 12 , 2022 , 44.00 , 43.05 , 43.26 , 43.97 
8 , 15 , 2022 , 44.51 , 43.52 , 43.76 , 44.41 
8 , 16 , 2022 , 44.60 , 43.96 , 44.06 , 44.39 
8 , 17 , 2022 , 44.46 , 43.78 , 43.86 , 44.13 
8 , 18 , 2022 , 44.41 , 43.99 , 44.23 , 44.30 
8 , 19 , 2022 , 44.08 , 42.33 , 44.00 , 42.48 
8 , 22 , 2022 , 41.93 , 41.40 , 41.89 , 41.62 
8 , 23 , 2022 , 41.86 , 41.19 , 41.62 , 41.46 
8 , 24 , 2022 , 41.77 , 41.33 , 41.45 , 41.66 
8 , 25 , 2022 , 42.26 , 41.60 , 42.00 , 41.99 
8 , 26 , 2022 , 42.24 , 40.20 , 42.17 , 40.24 
8 , 29 , 2022 , 40.28 , 39.73 , 39.84 , 39.74 
8 , 30 , 2022 , 40.09 , 39.22 , 39.81 , 39.31 
8 , 31 , 2022 , 39.61 , 38.96 , 39.57 , 39.12 
9 , 1 , 2022 , 39.82 , 38.97 , 39.03 , 39.79 
9 , 2 , 2022 , 40.79 , 39.36 , 40.70 , 39.58 
9 , 6 , 2022 , 40.31 , 39.17 , 39.74 , 40.30 
9 , 7 , 2022 , 41.53 , 40.35 , 40.43 , 41.50 
9 , 8 , 2022 , 42.16 , 41.05 , 41.14 , 42.12 
9 , 9 , 2022 , 42.66 , 41.93 , 42.27 , 42.17 
9 , 12 , 2022 , 42.76 , 41.96 , 42.48 , 42.29 
9 , 13 , 2022 , 41.79 , 40.81 , 41.22 , 40.88 
9 , 14 , 2022 , 40.92 , 39.76 , 40.82 , 40.18 
9 , 15 , 2022 , 40.66 , 39.88 , 40.00 , 40.40 
9 , 16 , 2022 , 40.07 , 38.11 , 40.07 , 38.44 
9 , 19 , 2022 , 38.89 , 38.03 , 38.14 , 38.82 
9 , 20 , 2022 , 38.59 , 37.25 , 38.49 , 37.81 
9 , 21 , 2022 , 38.71 , 37.46 , 38.06 , 37.51 
9 , 22 , 2022 , 37.38 , 36.19 , 37.25 , 36.20 
9 , 23 , 2022 , 36.39 , 35.63 , 35.95 , 36.11 
9 , 26 , 2022 , 36.18 , 34.95 , 35.87 , 35.28 
9 , 27 , 2022 , 35.78 , 35.01 , 35.72 , 35.55 
9 , 28 , 2022 , 37.19 , 35.48 , 35.59 , 36.90 
9 , 29 , 2022 , 36.60 , 35.35 , 36.48 , 35.62 
9 , 30 , 2022 , 36.36 , 35.46 , 35.74 , 35.56 
10 , 3 , 2022 , 37.22 , 35.70 , 35.93 , 36.81 
10 , 4 , 2022 , 38.63 , 37.39 , 37.45 , 38.58 
10 , 5 , 2022 , 38.53 , 37.69 , 37.92 , 38.20 
10 , 6 , 2022 , 38.21 , 36.98 , 37.99 , 37.21 
10 , 7 , 2022 , 36.96 , 35.02 , 36.70 , 35.33 
10 , 10 , 2022 , 36.05 , 35.38 , 35.65 , 35.60 
10 , 11 , 2022 , 35.95 , 34.97 , 35.45 , 35.15 
10 , 12 , 2022 , 35.39 , 34.77 , 35.19 , 34.88 
10 , 13 , 2022 , 35.14 , 33.10 , 33.89 , 34.85 
10 , 14 , 2022 , 35.81 , 34.34 , 35.10 , 34.57 
10 , 17 , 2022 , 35.99 , 34.92 , 35.52 , 35.55 
10 , 18 , 2022 , 36.81 , 35.85 , 36.49 , 36.32 
10 , 19 , 2022 , 35.89 , 34.57 , 35.82 , 34.89 
10 , 20 , 2022 , 35.26 , 33.93 , 34.89 , 34.06 
10 , 21 , 2022 , 35.35 , 33.96 , 34.20 , 35.19 
10 , 24 , 2022 , 36.07 , 35.21 , 35.48 , 35.85 
10 , 25 , 2022 , 37.33 , 35.78 , 35.78 , 37.29 
10 , 26 , 2022 , 37.93 , 37.08 , 37.37 , 37.14 
10 , 27 , 2022 , 38.59 , 37.53 , 38.05 , 37.88 
10 , 28 , 2022 , 39.98 , 37.44 , 37.62 , 39.95 
10 , 31 , 2022 , 39.99 , 39.43 , 39.51 , 39.76 
11 , 1 , 2022 , 40.45 , 39.41 , 40.32 , 39.71 
11 , 2 , 2022 , 40.96 , 39.10 , 39.73 , 39.12 
11 , 3 , 2022 , 39.76 , 37.94 , 37.94 , 39.37 
11 , 4 , 2022 , 40.37 , 39.44 , 40.22 , 40.28 
11 , 7 , 2022 , 41.12 , 40.12 , 40.41 , 41.04 
11 , 8 , 2022 , 41.89 , 40.91 , 41.19 , 41.41 
11 , 9 , 2022 , 41.36 , 40.28 , 41.06 , 40.34 
11 , 10 , 2022 , 43.73 , 42.20 , 42.33 , 43.48 
11 , 11 , 2022 , 44.75 , 43.20 , 43.40 , 44.44 
11 , 14 , 2022 , 44.43 , 43.59 , 44.01 , 43.61 
11 , 15 , 2022 , 44.89 , 43.85 , 44.52 , 44.35 
11 , 16 , 2022 , 44.50 , 43.54 , 44.35 , 43.86 
11 , 17 , 2022 , 43.32 , 42.13 , 43.24 , 43.04 
11 , 18 , 2022 , 44.22 , 43.36 , 43.93 , 43.92 
11 , 21 , 2022 , 44.05 , 43.60 , 43.88 , 43.89 
11 , 22 , 2022 , 44.30 , 43.75 , 44.25 , 44.04 
11 , 23 , 2022 , 44.63 , 43.81 , 44.11 , 44.16 
11 , 25 , 2022 , 44.41 , 44.10 , 44.20 , 44.21 
11 , 28 , 2022 , 44.20 , 43.14 , 43.85 , 43.31 
11 , 29 , 2022 , 43.73 , 43.08 , 43.17 , 43.52 
11 , 30 , 2022 , 44.39 , 42.15 , 43.37 , 44.32 
12 , 1 , 2022 , 45.22 , 44.40 , 44.82 , 44.93 
12 , 2 , 2022 , 45.00 , 43.92 , 44.14 , 44.68 
12 , 5 , 2022 , 44.05 , 43.20 , 43.97 , 43.76 
12 , 6 , 2022 , 43.95 , 42.49 , 43.85 , 43.02 
12 , 7 , 2022 , 43.61 , 42.75 , 43.05 , 43.08 
12 , 8 , 2022 , 43.76 , 43.12 , 43.24 , 43.47 
12 , 9 , 2022 , 43.60 , 42.95 , 43.36 , 43.02 
12 , 12 , 2022 , 43.31 , 42.39 , 42.61 , 43.26 
12 , 13 , 2022 , 45.00 , 43.80 , 44.72 , 44.32 
12 , 14 , 2022 , 44.62 , 43.35 , 44.59 , 43.80 
12 , 15 , 2022 , 43.29 , 42.07 , 43.14 , 42.46 
12 , 16 , 2022 , 42.20 , 41.52 , 41.96 , 41.75 
12 , 19 , 2022 , 42.13 , 41.18 , 41.84 , 41.50 
12 , 20 , 2022 , 41.64 , 41.24 , 41.36 , 41.37 
12 , 21 , 2022 , 42.22 , 41.56 , 41.73 , 42.09 
12 , 22 , 2022 , 42.02 , 41.03 , 41.54 , 41.68 
12 , 23 , 2022 , 41.82 , 41.28 , 41.53 , 41.79 
12 , 27 , 2022 , 42.41 , 41.61 , 41.68 , 41.87 
12 , 28 , 2022 , 42.03 , 40.94 , 41.84 , 40.96 
12 , 29 , 2022 , 41.99 , 41.09 , 41.40 , 41.85 
12 , 30 , 2022 , 41.69 , 40.83 , 41.42 , 41.25 
1 , 3 , 2023 , 42.09 , 41.15 , 41.94 , 41.61 
1 , 4 , 2023 , 42.58 , 41.74 , 42.37 , 42.03 
1 , 5 , 2023 , 42.08 , 41.12 , 41.51 , 41.53 
1 , 6 , 2023 , 43.35 , 41.73 , 41.87 , 43.13 
1 , 9 , 2023 , 44.21 , 42.98 , 43.31 , 43.50 
1 , 10 , 2023 , 44.09 , 43.18 , 43.75 , 44.00 
1 , 11 , 2023 , 45.25 , 44.27 , 44.40 , 45.19 
1 , 12 , 2023 , 45.67 , 44.92 , 45.50 , 45.25 
1 , 13 , 2023 , 46.06 , 45.01 , 45.04 , 45.87 
1 , 17 , 2023 , 46.14 , 45.31 , 45.91 , 45.43 
1 , 18 , 2023 , 45.66 , 43.39 , 45.65 , 43.52 
1 , 19 , 2023 , 43.14 , 41.89 , 43.14 , 41.91 
1 , 20 , 2023 , 42.65 , 41.77 , 42.00 , 42.57 
1 , 23 , 2023 , 43.29 , 42.43 , 42.59 , 43.28 
1 , 24 , 2023 , 44.03 , 42.86 , 43.33 , 43.70 
1 , 25 , 2023 , 43.61 , 42.80 , 43.19 , 43.51 
1 , 26 , 2023 , 44.00 , 43.17 , 43.79 , 43.65 
1 , 27 , 2023 , 43.99 , 43.38 , 43.49 , 43.62 
1 , 30 , 2023 , 43.99 , 43.38 , 43.38 , 43.58 
1 , 31 , 2023 , 45.61 , 44.04 , 44.20 , 45.53 
2 , 1 , 2023 , 46.57 , 44.63 , 45.16 , 46.14 
2 , 2 , 2023 , 47.49 , 46.55 , 46.74 , 47.13 
2 , 3 , 2023 , 47.41 , 46.36 , 46.54 , 46.89 
2 , 6 , 2023 , 46.74 , 45.92 , 46.29 , 46.15 
2 , 7 , 2023 , 44.66 , 43.55 , 43.74 , 44.39 
2 , 8 , 2023 , 45.35 , 44.32 , 44.74 , 45.06 
2 , 9 , 2023 , 46.02 , 44.87 , 45.45 , 44.92 
2 , 10 , 2023 , 45.02 , 44.42 , 44.67 , 44.83 
2 , 13 , 2023 , 45.64 , 44.80 , 44.93 , 45.44 
2 , 14 , 2023 , 45.60 , 44.78 , 45.21 , 45.13 
2 , 15 , 2023 , 45.50 , 44.61 , 44.65 , 45.48 
2 , 16 , 2023 , 45.63 , 44.47 , 44.59 , 45.23 
2 , 17 , 2023 , 45.28 , 44.57 , 45.06 , 45.22 
2 , 21 , 2023 , 44.88 , 43.66 , 44.74 , 43.83 
2 , 22 , 2023 , 44.25 , 43.40 , 44.06 , 43.60 
2 , 23 , 2023 , 44.58 , 43.74 , 43.92 , 44.45 
2 , 24 , 2023 , 44.46 , 43.60 , 43.82 , 44.25 
2 , 27 , 2023 , 45.11 , 44.55 , 44.75 , 44.96 
2 , 28 , 2023 , 45.66 , 44.81 , 44.85 , 45.03 
3 , 1 , 2023 , 45.67 , 44.85 , 44.89 , 45.59 
3 , 2 , 2023 , 46.20 , 45.17 , 45.24 , 46.09 
3 , 3 , 2023 , 47.92 , 46.32 , 46.45 , 47.79 
3 , 6 , 2023 , 48.68 , 47.54 , 47.79 , 48.38 
3 , 7 , 2023 , 49.17 , 47.49 , 48.40 , 47.55 
3 , 8 , 2023 , 47.93 , 46.92 , 47.74 , 47.39 
3 , 9 , 2023 , 47.52 , 46.06 , 47.46 , 46.15 
3 , 10 , 2023 , 46.75 , 45.14 , 46.20 , 45.64 
3 , 13 , 2023 , 45.42 , 44.53 , 45.12 , 44.75 
3 , 14 , 2023 , 46.49 , 45.20 , 45.68 , 45.75 
3 , 15 , 2023 , 44.99 , 42.34 , 44.73 , 43.31 
3 , 16 , 2023 , 44.74 , 42.73 , 43.07 , 44.48 
3 , 17 , 2023 , 44.37 , 43.00 , 44.22 , 43.75 
3 , 20 , 2023 , 45.15 , 43.98 , 44.12 , 44.99 
3 , 21 , 2023 , 45.96 , 44.97 , 45.61 , 45.20 
3 , 22 , 2023 , 45.64 , 44.11 , 45.17 , 44.18 
3 , 23 , 2023 , 45.20 , 43.87 , 44.23 , 44.30 
3 , 24 , 2023 , 43.93 , 43.01 , 43.69 , 43.92 
3 , 27 , 2023 , 44.86 , 44.06 , 44.69 , 44.30 
3 , 28 , 2023 , 45.52 , 44.52 , 45.42 , 44.75 
3 , 29 , 2023 , 45.60 , 45.00 , 45.26 , 45.38 
3 , 30 , 2023 , 45.85 , 44.98 , 45.66 , 45.09 
3 , 31 , 2023 , 46.08 , 45.33 , 45.76 , 45.75 
4 , 3 , 2023 , 45.96 , 45.23 , 45.51 , 45.69 
4 , 4 , 2023 , 45.74 , 42.65 , 45.60 , 42.89 
4 , 5 , 2023 , 43.18 , 41.71 , 43.18 , 42.10 
4 , 6 , 2023 , 42.31 , 41.29 , 42.11 , 41.80 
4 , 10 , 2023 , 42.32 , 41.48 , 41.80 , 42.30 
4 , 11 , 2023 , 44.95 , 42.34 , 42.44 , 43.52 
4 , 12 , 2023 , 44.35 , 43.58 , 44.00 , 43.86 
4 , 13 , 2023 , 44.32 , 43.10 , 43.76 , 44.10 
4 , 14 , 2023 , 44.87 , 43.87 , 44.32 , 44.30 
4 , 17 , 2023 , 44.92 , 44.35 , 44.50 , 44.77 
4 , 18 , 2023 , 45.44 , 44.55 , 45.25 , 44.81 
4 , 19 , 2023 , 45.11 , 44.51 , 44.53 , 44.98 
4 , 20 , 2023 , 45.49 , 44.55 , 44.78 , 45.38 
4 , 21 , 2023 , 45.53 , 45.02 , 45.38 , 45.22 
4 , 24 , 2023 , 47.21 , 41.54 , 45.37 , 41.93 
4 , 25 , 2023 , 43.30 , 42.11 , 42.78 , 42.32 
4 , 26 , 2023 , 41.46 , 40.40 , 41.19 , 40.65 
4 , 27 , 2023 , 41.54 , 40.48 , 41.14 , 41.46 
4 , 28 , 2023 , 42.29 , 41.46 , 41.56 , 41.82 
5 , 1 , 2023 , 41.96 , 41.04 , 41.62 , 41.17 
5 , 2 , 2023 , 41.85 , 40.35 , 41.48 , 41.82 
5 , 3 , 2023 , 42.56 , 40.82 , 41.90 , 41.09 
5 , 4 , 2023 , 41.11 , 40.28 , 40.65 , 41.10 
5 , 5 , 2023 , 42.48 , 41.70 , 41.93 , 42.38 
5 , 8 , 2023 , 43.04 , 42.21 , 42.89 , 42.60 
5 , 9 , 2023 , 43.08 , 42.37 , 42.51 , 42.78 
5 , 10 , 2023 , 43.54 , 42.48 , 43.38 , 43.08 
5 , 11 , 2023 , 43.13 , 42.56 , 43.09 , 42.83 
5 , 12 , 2023 , 43.09 , 41.80 , 42.89 , 42.40 
5 , 15 , 2023 , 42.89 , 41.96 , 42.12 , 42.81 
5 , 16 , 2023 , 42.86 , 42.02 , 42.44 , 42.15 
5 , 17 , 2023 , 43.24 , 42.35 , 42.37 , 42.90 
5 , 18 , 2023 , 43.39 , 42.60 , 42.71 , 43.27 
5 , 19 , 2023 , 43.68 , 42.46 , 43.64 , 42.79 
5 , 22 , 2023 , 43.10 , 42.28 , 42.71 , 42.43 
5 , 23 , 2023 , 42.31 , 41.26 , 41.99 , 41.51 
5 , 24 , 2023 , 41.59 , 40.97 , 41.47 , 41.30 
5 , 25 , 2023 , 41.69 , 40.99 , 41.61 , 41.20 
5 , 26 , 2023 , 41.60 , 40.73 , 41.52 , 40.89 
5 , 30 , 2023 , 41.82 , 40.54 , 40.98 , 41.75 
5 , 31 , 2023 , 41.50 , 40.49 , 41.17 , 40.90 
6 , 1 , 2023 , 41.53 , 40.71 , 41.04 , 41.50 
6 , 2 , 2023 , 43.64 , 41.98 , 42.08 , 43.44 
6 , 5 , 2023 , 43.57 , 42.89 , 43.57 , 43.20 
6 , 6 , 2023 , 44.19 , 43.01 , 43.15 , 43.85 
6 , 7 , 2023 , 45.62 , 43.86 , 43.99 , 45.60 
6 , 8 , 2023 , 45.62 , 44.10 , 44.10 , 45.60 
6 , 9 , 2023 , 45.89 , 44.72 , 45.83 , 45.30 
6 , 12 , 2023 , 46.06 , 44.90 , 45.28 , 45.83 
6 , 13 , 2023 , 46.87 , 46.35 , 46.50 , 46.77 
6 , 14 , 2023 , 47.22 , 45.79 , 47.13 , 46.16 
6 , 15 , 2023 , 46.72 , 45.40 , 45.81 , 46.54 
6 , 16 , 2023 , 47.41 , 46.53 , 47.30 , 46.88 
6 , 20 , 2023 , 47.63 , 46.45 , 46.53 , 47.61 
6 , 21 , 2023 , 48.42 , 47.28 , 47.38 , 48.22 
6 , 22 , 2023 , 48.06 , 47.57 , 47.99 , 47.86 
6 , 23 , 2023 , 48.43 , 47.26 , 47.52 , 48.05 
6 , 26 , 2023 , 49.00 , 48.06 , 48.06 , 48.63 
6 , 27 , 2023 , 49.60 , 48.72 , 48.99 , 49.49 
6 , 28 , 2023 , 49.63 , 49.11 , 49.25 , 49.32 
6 , 29 , 2023 , 49.69 , 49.20 , 49.31 , 49.49 
6 , 30 , 2023 , 50.09 , 49.42 , 49.64 , 49.71 
7 , 3 , 2023 , 50.17 , 49.54 , 49.73 , 50.04 
7 , 5 , 2023 , 50.16 , 49.23 , 49.93 , 49.24 
7 , 6 , 2023 , 49.15 , 48.35 , 49.04 , 49.07 
7 , 7 , 2023 , 49.92 , 48.82 , 48.82 , 49.33 
7 , 10 , 2023 , 51.28 , 49.51 , 49.54 , 51.26 
7 , 11 , 2023 , 53.03 , 51.51 , 51.52 , 53.00 
7 , 12 , 2023 , 53.90 , 52.64 , 53.51 , 53.12 
7 , 13 , 2023 , 53.54 , 52.73 , 53.27 , 53.12 
7 , 14 , 2023 , 54.06 , 52.80 , 53.00 , 53.84 
7 , 17 , 2023 , 54.71 , 53.51 , 53.85 , 54.56 
7 , 18 , 2023 , 55.26 , 54.65 , 54.66 , 55.24 
7 , 19 , 2023 , 55.58 , 54.80 , 55.04 , 55.23 
7 , 20 , 2023 , 55.50 , 54.26 , 55.50 , 54.67 
7 , 21 , 2023 , 54.61 , 53.44 , 54.59 , 53.75 
7 , 24 , 2023 , 54.50 , 53.50 , 53.55 , 53.81 
7 , 25 , 2023 , 54.21 , 53.37 , 53.50 , 53.91 
7 , 26 , 2023 , 54.44 , 53.64 , 53.69 , 54.43 
7 , 27 , 2023 , 57.13 , 53.64 , 53.64 , 56.75 
7 , 28 , 2023 , 59.17 , 57.24 , 57.38 , 58.99 
7 , 31 , 2023 , 59.80 , 58.79 , 58.98 , 59.55 
8 , 1 , 2023 , 60.04 , 59.06 , 59.35 , 59.80 
8 , 2 , 2023 , 59.61 , 58.47 , 59.55 , 58.98 
8 , 3 , 2023 , 59.00 , 58.05 , 59.00 , 58.10 
8 , 4 , 2023 , 58.44 , 56.45 , 58.44 , 57.08 
8 , 7 , 2023 , 58.31 , 57.09 , 57.32 , 58.10 
8 , 8 , 2023 , 57.55 , 56.24 , 57.41 , 57.39 
8 , 9 , 2023 , 57.30 , 55.60 , 57.30 , 56.16 
8 , 10 , 2023 , 56.56 , 55.29 , 56.25 , 55.40 
8 , 11 , 2023 , 56.04 , 55.03 , 55.28 , 55.54 
8 , 14 , 2023 , 56.31 , 55.03 , 55.09 , 56.02 
8 , 15 , 2023 , 55.89 , 55.30 , 55.64 , 55.41 
8 , 16 , 2023 , 56.09 , 54.29 , 55.26 , 54.47 
8 , 17 , 2023 , 54.38 , 52.62 , 54.35 , 53.05 
8 , 18 , 2023 , 53.59 , 52.62 , 52.75 , 53.39 
8 , 21 , 2023 , 53.73 , 52.85 , 53.17 , 53.57 
8 , 22 , 2023 , 54.11 , 53.55 , 53.91 , 53.80 
8 , 23 , 2023 , 55.76 , 53.95 , 53.96 , 55.23 
8 , 24 , 2023 , 55.82 , 53.88 , 55.04 , 53.93 
8 , 25 , 2023 , 55.46 , 53.84 , 54.48 , 55.02 
8 , 28 , 2023 , 56.11 , 55.32 , 55.47 , 55.57 
8 , 29 , 2023 , 56.88 , 55.29 , 55.41 , 56.76 
8 , 30 , 2023 , 57.40 , 56.73 , 56.75 , 57.18 
8 , 31 , 2023 , 58.08 , 57.30 , 57.30 , 57.45 
9 , 1 , 2023 , 58.26 , 57.59 , 57.73 , 57.94 
9 , 5 , 2023 , 58.26 , 56.03 , 57.88 , 56.42 
9 , 6 , 2023 , 57.26 , 56.05 , 56.40 , 56.40 
9 , 7 , 2023 , 57.49 , 55.84 , 56.12 , 57.25 
9 , 8 , 2023 , 59.25 , 57.11 , 57.20 , 58.66 
9 , 11 , 2023 , 59.49 , 58.23 , 59.05 , 58.94 
9 , 12 , 2023 , 59.20 , 56.27 , 58.74 , 56.58 
9 , 13 , 2023 , 56.53 , 54.61 , 56.45 , 55.24 
9 , 14 , 2023 , 55.80 , 53.63 , 55.52 , 54.76 
9 , 15 , 2023 , 54.76 , 53.88 , 54.33 , 54.46 
9 , 18 , 2023 , 55.04 , 54.12 , 54.29 , 54.39 
9 , 19 , 2023 , 54.58 , 52.16 , 54.15 , 53.85 
9 , 20 , 2023 , 54.72 , 53.76 , 54.30 , 53.83 
9 , 21 , 2023 , 53.50 , 52.28 , 53.28 , 52.56 
9 , 22 , 2023 , 53.39 , 52.40 , 52.81 , 52.87 
9 , 25 , 2023 , 53.73 , 52.58 , 52.82 , 53.58 
9 , 26 , 2023 , 54.70 , 52.20 , 53.10 , 52.72 
9 , 27 , 2023 , 55.38 , 53.41 , 53.42 , 55.08 
9 , 28 , 2023 , 57.12 , 54.97 , 55.00 , 55.94 
9 , 29 , 2023 , 56.50 , 54.93 , 56.38 , 55.20 
10 , 2 , 2023 , 55.65 , 54.14 , 55.01 , 54.56 
10 , 3 , 2023 , 54.45 , 52.90 , 54.24 , 53.52 
10 , 4 , 2023 , 54.85 , 53.17 , 53.70 , 54.61 
10 , 5 , 2023 , 54.27 , 53.02 , 53.14 , 53.51 
10 , 6 , 2023 , 54.64 , 51.51 , 51.84 , 54.28 
10 , 9 , 2023 , 55.07 , 53.37 , 53.94 , 55.02 
10 , 10 , 2023 , 56.10 , 54.89 , 55.47 , 55.42 
10 , 11 , 2023 , 56.20 , 55.31 , 55.46 , 56.04 
10 , 12 , 2023 , 55.52 , 54.17 , 55.12 , 54.48 
10 , 13 , 2023 , 54.66 , 52.27 , 54.42 , 52.56 
10 , 16 , 2023 , 54.07 , 53.02 , 53.39 , 53.15 
10 , 17 , 2023 , 53.37 , 52.34 , 52.66 , 52.90 
10 , 18 , 2023 , 52.08 , 50.02 , 52.03 , 50.15 
10 , 19 , 2023 , 50.59 , 48.79 , 49.91 , 49.00 
10 , 20 , 2023 , 48.98 , 47.78 , 48.97 , 48.28 
10 , 23 , 2023 , 49.24 , 48.07 , 48.40 , 48.50 
10 , 24 , 2023 , 49.12 , 47.95 , 48.84 , 48.15 
10 , 25 , 2023 , 48.31 , 46.81 , 47.87 , 47.04 
10 , 26 , 2023 , 50.00 , 46.19 , 48.91 , 46.40 
10 , 27 , 2023 , 46.72 , 45.68 , 46.11 , 46.50 
10 , 30 , 2023 , 47.71 , 46.77 , 46.96 , 47.37 
10 , 31 , 2023 , 48.09 , 47.12 , 47.34 , 47.66 
11 , 1 , 2023 , 50.02 , 47.64 , 48.03 , 49.66 
11 , 2 , 2023 , 50.99 , 49.81 , 50.74 , 49.97 
11 , 3 , 2023 , 52.42 , 50.47 , 50.92 , 50.53 
11 , 6 , 2023 , 50.63 , 49.92 , 50.42 , 50.27 
11 , 7 , 2023 , 50.49 , 49.62 , 50.12 , 50.45 
11 , 8 , 2023 , 51.00 , 50.36 , 50.56 , 50.95 
11 , 9 , 2023 , 51.31 , 50.31 , 51.29 , 50.43 
11 , 10 , 2023 , 51.64 , 50.64 , 50.98 , 51.50 
11 , 13 , 2023 , 51.50 , 50.67 , 51.14 , 50.94 
11 , 14 , 2023 , 53.71 , 52.04 , 52.23 , 52.81 
11 , 15 , 2023 , 53.30 , 52.32 , 52.72 , 52.35 
11 , 16 , 2023 , 52.73 , 51.93 , 52.12 , 52.68 
11 , 17 , 2023 , 53.35 , 52.56 , 52.98 , 53.22 
11 , 20 , 2023 , 54.19 , 53.01 , 53.25 , 53.59 
11 , 21 , 2023 , 53.30 , 52.52 , 53.15 , 52.73 
11 , 22 , 2023 , 53.00 , 52.44 , 52.79 , 52.75 
11 , 24 , 2023 , 53.02 , 52.60 , 52.60 , 52.98 
11 , 27 , 2023 , 52.84 , 51.94 , 52.65 , 52.14 
11 , 28 , 2023 , 52.27 , 51.31 , 52.14 , 51.63 
11 , 29 , 2023 , 52.97 , 51.71 , 52.25 , 52.21 
11 , 30 , 2023 , 52.06 , 51.20 , 52.00 , 51.96 
12 , 1 , 2023 , 53.34 , 52.08 , 52.13 , 53.22 
12 , 4 , 2023 , 53.49 , 52.28 , 52.69 , 53.46 
12 , 5 , 2023 , 53.33 , 52.44 , 53.23 , 52.57 
12 , 6 , 2023 , 53.88 , 52.93 , 53.23 , 53.01 
12 , 7 , 2023 , 53.15 , 52.54 , 53.15 , 52.89 
12 , 8 , 2023 , 56.87 , 54.67 , 56.05 , 55.27 
12 , 11 , 2023 , 56.27 , 55.31 , 55.31 , 55.95 
12 , 12 , 2023 , 56.45 , 54.92 , 55.61 , 56.33 
12 , 13 , 2023 , 56.95 , 54.38 , 56.50 , 55.80 
12 , 14 , 2023 , 59.18 , 56.01 , 56.33 , 58.81 
12 , 15 , 2023 , 58.58 , 57.24 , 58.24 , 57.33 
12 , 18 , 2023 , 57.48 , 56.40 , 57.44 , 56.76 
12 , 19 , 2023 , 57.41 , 56.60 , 56.90 , 56.99 
12 , 20 , 2023 , 57.53 , 55.98 , 56.58 , 56.00 
12 , 21 , 2023 , 56.95 , 56.27 , 56.52 , 56.92 
12 , 22 , 2023 , 57.53 , 56.72 , 57.11 , 57.10 
12 , 26 , 2023 , 57.77 , 57.08 , 57.28 , 57.44 
12 , 27 , 2023 , 57.98 , 57.34 , 57.38 , 57.78 
12 , 28 , 2023 , 58.02 , 57.55 , 57.66 , 57.64 
12 , 29 , 2023 , 57.85 , 57.25 , 57.42 , 57.45 
1 , 2 , 2024 , 57.34 , 56.08 , 56.89 , 56.45 
1 , 3 , 2024 , 55.96 , 54.79 , 55.96 , 54.90 
1 , 4 , 2024 , 56.11 , 54.90 , 55.03 , 55.48 
1 , 5 , 2024 , 56.22 , 55.43 , 55.69 , 55.72 
1 , 8 , 2024 , 56.46 , 55.70 , 56.00 , 56.42 
1 , 9 , 2024 , 56.92 , 55.71 , 55.99 , 56.80 
1 , 10 , 2024 , 57.09 , 56.31 , 56.75 , 57.04 
1 , 11 , 2024 , 57.11 , 56.17 , 56.91 , 56.86 
1 , 12 , 2024 , 57.36 , 55.95 , 57.14 , 56.14 
1 , 16 , 2024 , 56.05 , 55.16 , 55.55 , 55.85 
1 , 17 , 2024 , 55.79 , 54.97 , 55.42 , 55.06 
1 , 18 , 2024 , 55.87 , 54.91 , 55.37 , 55.40 
1 , 19 , 2024 , 56.06 , 54.71 , 55.34 , 55.88 
1 , 22 , 2024 , 56.75 , 55.94 , 56.16 , 56.32 
1 , 23 , 2024 , 56.64 , 55.57 , 56.49 , 55.91 
1 , 24 , 2024 , 56.32 , 54.93 , 56.28 , 54.97 
1 , 25 , 2024 , 56.36 , 55.56 , 55.63 , 56.31 
1 , 26 , 2024 , 56.47 , 55.29 , 56.39 , 55.51 
1 , 29 , 2024 , 56.32 , 55.20 , 55.59 , 56.31 
1 , 30 , 2024 , 56.52 , 55.41 , 55.90 , 56.33 
1 , 31 , 2024 , 56.34 , 54.65 , 56.04 , 54.71 
2 , 1 , 2024 , 55.81 , 54.56 , 55.32 , 55.59 
2 , 2 , 2024 , 56.98 , 54.76 , 55.13 , 56.78 
2 , 5 , 2024 , 57.50 , 55.98 , 56.14 , 56.26 
2 , 6 , 2024 , 56.03 , 54.25 , 54.86 , 54.31 
2 , 7 , 2024 , 55.32 , 53.23 , 54.90 , 53.83 
2 , 8 , 2024 , 55.10 , 53.49 , 54.06 , 55.06 
2 , 9 , 2024 , 56.02 , 54.61 , 54.61 , 56.01 
2 , 12 , 2024 , 56.42 , 55.25 , 55.72 , 56.04 
2 , 13 , 2024 , 54.73 , 53.29 , 54.41 , 53.97 
2 , 14 , 2024 , 55.11 , 54.10 , 54.51 , 55.00 
2 , 15 , 2024 , 56.09 , 55.05 , 55.33 , 56.05 
2 , 16 , 2024 , 55.79 , 53.89 , 55.58 , 54.00 
2 , 20 , 2024 , 53.72 , 53.13 , 53.39 , 53.43 
2 , 21 , 2024 , 54.09 , 53.47 , 53.64 , 53.77 
2 , 22 , 2024 , 54.22 , 53.42 , 54.22 , 53.85 
2 , 23 , 2024 , 54.57 , 53.39 , 53.81 , 54.20 
2 , 26 , 2024 , 54.35 , 53.64 , 54.13 , 54.00 
2 , 27 , 2024 , 55.13 , 53.93 , 54.48 , 55.04 
2 , 28 , 2024 , 55.63 , 54.59 , 54.93 , 54.76 
2 , 29 , 2024 , 55.77 , 54.77 , 55.10 , 55.58 
3 , 1 , 2024 , 56.53 , 55.13 , 55.22 , 56.46 
3 , 4 , 2024 , 57.55 , 55.35 , 56.63 , 57.15 
3 , 5 , 2024 , 57.23 , 56.10 , 56.81 , 56.59 
3 , 6 , 2024 , 58.78 , 57.23 , 57.23 , 57.72 
3 , 7 , 2024 , 59.68 , 57.60 , 57.60 , 59.55 
3 , 8 , 2024 , 60.87 , 58.01 , 59.73 , 58.05 
3 , 11 , 2024 , 57.90 , 56.45 , 57.41 , 57.14 
3 , 12 , 2024 , 58.18 , 56.86 , 57.37 , 57.90 
3 , 13 , 2024 , 59.02 , 57.65 , 57.86 , 57.86 
3 , 14 , 2024 , 58.44 , 56.73 , 57.84 , 57.31 
3 , 15 , 2024 , 57.76 , 56.61 , 56.71 , 57.05 
3 , 18 , 2024 , 57.79 , 56.88 , 57.47 , 57.10 
3 , 19 , 2024 , 58.50 , 57.03 , 57.13 , 58.48 
3 , 20 , 2024 , 58.86 , 58.01 , 58.55 , 58.55 
3 , 21 , 2024 , 60.54 , 58.83 , 59.11 , 59.82 
3 , 22 , 2024 , 59.91 , 57.81 , 59.63 , 57.86 
3 , 25 , 2024 , 57.95 , 57.13 , 57.74 , 57.37 
3 , 26 , 2024 , 57.75 , 57.18 , 57.26 , 57.54 
3 , 27 , 2024 , 57.99 , 57.02 , 57.93 , 57.68 
3 , 28 , 2024 , 58.23 , 57.50 , 57.70 , 58.13 
4 , 1 , 2024 , 58.58 , 57.32 , 58.12 , 57.40 
4 , 2 , 2024 , 57.62 , 56.78 , 57.58 , 56.80 
4 , 3 , 2024 , 57.55 , 56.54 , 56.71 , 56.94 
4 , 4 , 2024 , 57.83 , 55.68 , 57.50 , 55.85 
4 , 5 , 2024 , 57.02 , 55.82 , 56.25 , 56.44 
4 , 8 , 2024 , 57.96 , 56.80 , 56.81 , 57.84 
4 , 9 , 2024 , 58.29 , 57.12 , 58.14 , 58.11 
4 , 10 , 2024 , 57.46 , 56.40 , 57.00 , 56.89 
4 , 11 , 2024 , 57.07 , 56.13 , 57.07 , 56.62 
4 , 12 , 2024 , 56.93 , 55.96 , 55.99 , 56.84 
4 , 15 , 2024 , 57.70 , 55.34 , 57.30 , 55.46 
4 , 16 , 2024 , 55.29 , 54.16 , 55.22 , 54.76 
4 , 17 , 2024 , 55.39 , 53.75 , 55.05 , 54.25 
4 , 18 , 2024 , 54.82 , 53.35 , 54.59 , 53.38 
4 , 19 , 2024 , 54.17 , 53.33 , 53.58 , 53.53 
4 , 22 , 2024 , 54.51 , 53.50 , 53.82 , 53.62 
4 , 23 , 2024 , 55.27 , 53.66 , 53.67 , 55.14 
4 , 24 , 2024 , 55.94 , 54.27 , 55.25 , 54.77 
4 , 25 , 2024 , 59.97 , 56.64 , 56.75 , 59.81 
4 , 26 , 2024 , 60.66 , 59.47 , 59.60 , 60.50 
4 , 29 , 2024 , 62.89 , 60.50 , 60.50 , 62.71 
4 , 30 , 2024 , 63.79 , 61.45 , 62.71 , 61.49 
5 , 1 , 2024 , 62.52 , 60.68 , 61.25 , 61.12 
5 , 2 , 2024 , 61.67 , 60.22 , 61.49 , 60.94 
5 , 3 , 2024 , 62.89 , 61.30 , 62.09 , 62.09 
5 , 6 , 2024 , 64.27 , 62.78 , 62.78 , 64.06 
5 , 7 , 2024 , 64.69 , 63.69 , 64.05 , 64.26 
5 , 8 , 2024 , 64.51 , 63.95 , 64.26 , 64.31 
5 , 9 , 2024 , 65.34 , 64.30 , 64.30 , 65.24 
5 , 10 , 2024 , 66.32 , 65.25 , 65.56 , 65.50 
5 , 13 , 2024 , 65.91 , 64.26 , 65.68 , 64.33 
5 , 14 , 2024 , 65.30 , 64.50 , 64.86 , 64.96 
5 , 15 , 2024 , 66.15 , 65.33 , 65.55 , 65.80 
5 , 16 , 2024 , 66.02 , 64.95 , 65.65 , 65.00 
5 , 17 , 2024 , 65.74 , 64.83 , 65.24 , 65.23 
5 , 20 , 2024 , 66.36 , 65.00 , 65.19 , 65.98 
5 , 21 , 2024 , 66.50 , 65.76 , 65.83 , 66.22 
5 , 22 , 2024 , 65.86 , 64.86 , 65.62 , 65.35 
5 , 23 , 2024 , 66.37 , 64.21 , 66.17 , 64.35 
5 , 24 , 2024 , 65.67 , 64.33 , 64.58 , 65.65 
5 , 28 , 2024 , 66.00 , 64.30 , 65.83 , 64.67 
5 , 29 , 2024 , 64.09 , 63.04 , 64.00 , 63.07 
5 , 30 , 2024 , 63.57 , 62.82 , 63.17 , 63.34 
5 , 31 , 2024 , 63.66 , 61.62 , 63.43 , 63.19 
6 , 3 , 2024 , 64.00 , 61.23 , 63.92 , 61.99 
6 , 4 , 2024 , 62.10 , 60.97 , 61.78 , 61.27 
6 , 5 , 2024 , 63.27 , 61.68 , 61.77 , 63.17 
6 , 6 , 2024 , 63.06 , 61.81 , 62.87 , 62.48 
6 , 7 , 2024 , 62.85 , 61.42 , 62.17 , 62.71 
6 , 10 , 2024 , 63.09 , 62.14 , 62.48 , 62.54 
6 , 11 , 2024 , 62.25 , 61.25 , 62.25 , 62.00 
6 , 12 , 2024 , 64.83 , 62.91 , 62.91 , 64.38 
6 , 13 , 2024 , 64.44 , 63.11 , 64.24 , 63.99 
6 , 14 , 2024 , 64.36 , 62.63 , 63.33 , 64.35 
6 , 17 , 2024 , 65.60 , 63.70 , 64.03 , 65.12 
6 , 18 , 2024 , 65.86 , 64.45 , 64.63 , 65.72 
6 , 20 , 2024 , 65.90 , 63.95 , 65.66 , 64.22 
6 , 21 , 2024 , 63.94 , 61.64 , 63.86 , 62.88 
6 , 24 , 2024 , 65.33 , 62.98 , 63.85 , 64.63 
6 , 25 , 2024 , 64.99 , 62.98 , 64.89 , 63.93 
6 , 26 , 2024 , 63.46 , 62.36 , 63.26 , 62.86 
6 , 27 , 2024 , 63.86 , 62.90 , 63.28 , 63.23 
6 , 28 , 2024 , 64.36 , 62.41 , 63.20 , 63.08 
7 , 1 , 2024 , 64.02 , 61.86 , 64.02 , 61.90 
7 , 2 , 2024 , 63.08 , 61.76 , 61.88 , 62.83 
7 , 3 , 2024 , 63.56 , 62.45 , 62.83 , 63.46 
7 , 5 , 2024 , 63.69 , 62.47 , 63.58 , 63.24 
7 , 8 , 2024 , 64.22 , 62.85 , 63.47 , 63.13 
7 , 9 , 2024 , 63.43 , 62.02 , 63.09 , 62.29 
7 , 10 , 2024 , 63.72 , 62.29 , 62.52 , 63.60 
7 , 11 , 2024 , 66.92 , 64.07 , 64.58 , 66.41 
7 , 12 , 2024 , 66.99 , 65.97 , 66.77 , 66.00 
7 , 15 , 2024 , 67.70 , 66.24 , 67.25 , 67.36 
7 , 16 , 2024 , 70.09 , 67.70 , 67.77 , 69.88 
7 , 17 , 2024 , 69.42 , 67.56 , 69.08 , 67.58 
7 , 18 , 2024 , 68.84 , 65.74 , 67.56 , 67.05 
7 , 19 , 2024 , 67.64 , 66.02 , 67.31 , 66.24 
7 , 22 , 2024 , 68.03 , 66.57 , 67.05 , 68.00 
7 , 23 , 2024 , 69.35 , 67.57 , 67.82 , 68.27 
7 , 24 , 2024 , 67.82 , 65.82 , 67.47 , 65.99 
7 , 25 , 2024 , 66.44 , 62.51 , 64.54 , 64.83 
7 , 26 , 2024 , 67.78 , 65.58 , 65.80 , 66.77 
7 , 29 , 2024 , 67.80 , 66.34 , 67.28 , 67.62 
7 , 30 , 2024 , 68.38 , 67.02 , 67.90 , 67.43 
7 , 31 , 2024 , 69.49 , 67.66 , 68.93 , 68.11 
8 , 1 , 2024 , 68.44 , 65.45 , 67.91 , 66.06 
8 , 2 , 2024 , 65.07 , 62.60 , 64.54 , 63.99 
8 , 5 , 2024 , 63.63 , 61.21 , 61.50 , 63.55 
8 , 6 , 2024 , 65.15 , 63.04 , 63.24 , 64.14 
8 , 7 , 2024 , 65.55 , 62.90 , 65.00 , 63.11 
8 , 8 , 2024 , 64.81 , 63.42 , 63.88 , 64.48 
8 , 9 , 2024 , 65.00 , 63.91 , 64.37 , 64.38 
8 , 12 , 2024 , 64.80 , 63.51 , 64.43 , 64.29 
8 , 13 , 2024 , 65.53 , 64.53 , 64.92 , 65.47 
8 , 14 , 2024 , 66.08 , 65.15 , 65.65 , 65.68 
8 , 15 , 2024 , 68.72 , 67.03 , 67.03 , 68.40 
8 , 16 , 2024 , 68.86 , 67.33 , 68.31 , 67.38 
8 , 19 , 2024 , 68.80 , 67.44 , 67.44 , 68.64 
8 , 20 , 2024 , 69.07 , 68.15 , 68.67 , 68.56 
8 , 21 , 2024 , 69.94 , 68.86 , 68.86 , 69.66 
8 , 22 , 2024 , 69.97 , 69.06 , 69.58 , 69.58 
8 , 23 , 2024 , 71.52 , 70.00 , 70.32 , 71.25 
8 , 26 , 2024 , 72.27 , 71.51 , 71.59 , 71.70 
8 , 27 , 2024 , 71.83 , 70.90 , 71.29 , 71.76 
8 , 28 , 2024 , 72.23 , 70.81 , 71.70 , 71.11 
8 , 29 , 2024 , 72.15 , 70.64 , 71.60 , 71.09 
8 , 30 , 2024 , 73.04 , 71.43 , 71.67 , 72.78 
9 , 3 , 2024 , 73.06 , 69.81 , 72.84 , 70.06 
9 , 4 , 2024 , 70.00 , 68.60 , 69.86 , 69.11 
9 , 5 , 2024 , 69.73 , 68.31 , 69.12 , 69.04 
9 , 6 , 2024 , 71.24 , 68.97 , 69.61 , 69.48 
9 , 9 , 2024 , 71.42 , 69.79 , 70.21 , 70.73 
9 , 10 , 2024 , 72.09 , 71.00 , 71.39 , 71.83 
9 , 11 , 2024 , 74.07 , 70.37 , 71.76 , 73.67 
9 , 12 , 2024 , 75.51 , 73.19 , 73.44 , 75.37 
9 , 13 , 2024 , 77.48 , 75.64 , 75.89 , 76.51 
9 , 16 , 2024 , 77.46 , 76.13 , 77.08 , 77.11 
9 , 17 , 2024 , 78.00 , 76.68 , 77.50 , 77.96 
9 , 18 , 2024 , 79.75 , 77.26 , 78.33 , 78.19 
9 , 19 , 2024 , 81.24 , 79.25 , 80.68 , 80.57 
9 , 20 , 2024 , 80.68 , 79.49 , 79.87 , 79.92 
9 , 23 , 2024 , 81.14 , 79.97 , 80.27 , 80.88 
9 , 24 , 2024 , 81.65 , 80.16 , 81.00 , 80.41 
9 , 25 , 2024 , 80.84 , 79.21 , 80.47 , 79.67 
9 , 26 , 2024 , 80.52 , 79.41 , 80.42 , 79.78 
9 , 27 , 2024 , 81.48 , 79.88 , 79.94 , 80.52 
9 , 30 , 2024 , 80.79 , 79.64 , 80.31 , 80.49 
10 , 1 , 2024 , 80.50 , 79.10 , 80.50 , 79.35 
10 , 2 , 2024 , 80.81 , 78.50 , 78.80 , 80.54 
10 , 3 , 2024 , 80.97 , 79.80 , 80.39 , 80.05 
10 , 4 , 2024 , 81.06 , 79.94 , 80.95 , 80.80 
10 , 7 , 2024 , 80.57 , 79.69 , 80.27 , 80.42 
10 , 8 , 2024 , 81.27 , 80.52 , 81.27 , 80.84 
10 , 9 , 2024 , 82.16 , 80.58 , 81.00 , 82.08 
10 , 10 , 2024 , 81.32 , 80.31 , 81.07 , 80.43 
10 , 11 , 2024 , 81.98 , 80.22 , 80.22 , 81.61 
10 , 14 , 2024 , 82.95 , 81.54 , 81.64 , 82.67 
10 , 15 , 2024 , 83.32 , 81.51 , 83.00 , 81.61 
10 , 16 , 2024 , 81.69 , 80.88 , 81.14 , 81.05 
10 , 17 , 2024 , 82.42 , 81.27 , 81.72 , 81.44 
10 , 18 , 2024 , 81.99 , 81.21 , 81.81 , 81.55 
10 , 21 , 2024 , 82.18 , 81.01 , 81.53 , 81.38 
10 , 22 , 2024 , 81.30 , 79.91 , 81.02 , 80.15 
10 , 23 , 2024 , 81.07 , 79.73 , 80.06 , 79.95 
10 , 24 , 2024 , 75.92 , 72.75 , 75.70 , 72.90 
10 , 25 , 2024 , 73.83 , 72.54 , 72.59 , 73.72 
10 , 28 , 2024 , 75.90 , 73.50 , 74.37 , 75.66 
10 , 29 , 2024 , 74.98 , 73.98 , 74.58 , 74.60 
10 , 30 , 2024 , 74.75 , 73.42 , 74.34 , 73.60 
10 , 31 , 2024 , 73.79 , 72.70 , 73.50 , 72.72 
11 , 1 , 2024 , 73.85 , 72.49 , 72.83 , 72.59 
11 , 4 , 2024 , 73.60 , 72.31 , 72.34 , 72.40 
11 , 5 , 2024 , 74.11 , 72.43 , 72.60 , 73.90 
11 , 6 , 2024 , 75.48 , 72.42 , 74.24 , 75.38 
11 , 7 , 2024 , 76.90 , 74.91 , 75.50 , 75.13 
11 , 8 , 2024 , 77.14 , 75.29 , 75.35 , 76.68 
11 , 11 , 2024 , 77.09 , 76.03 , 76.69 , 76.29 
11 , 12 , 2024 , 76.55 , 75.07 , 76.20 , 75.44 
11 , 13 , 2024 , 77.37 , 76.25 , 76.60 , 76.40 
11 , 14 , 2024 , 76.78 , 74.91 , 76.25 , 74.97 
11 , 15 , 2024 , 75.36 , 74.00 , 74.22 , 74.53 
11 , 18 , 2024 , 74.91 , 73.91 , 74.69 , 74.05 
11 , 19 , 2024 , 74.69 , 73.33 , 73.44 , 74.33 
11 , 20 , 2024 , 75.00 , 74.11 , 74.55 , 74.50 
11 , 21 , 2024 , 76.52 , 74.47 , 74.80 , 76.01 
11 , 22 , 2024 , 77.08 , 75.94 , 76.50 , 77.00 
11 , 25 , 2024 , 78.96 , 77.43 , 77.50 , 78.87 
11 , 26 , 2024 , 78.51 , 76.16 , 78.22 , 76.94 
11 , 27 , 2024 , 77.50 , 76.50 , 77.24 , 76.90 
11 , 29 , 2024 , 78.05 , 77.28 , 77.37 , 77.37 
12 , 2 , 2024 , 77.99 , 76.22 , 77.85 , 76.29 
12 , 3 , 2024 , 76.79 , 75.46 , 76.41 , 75.58 
12 , 4 , 2024 , 76.17 , 74.95 , 75.44 , 75.38 
12 , 5 , 2024 , 75.58 , 73.89 , 75.00 , 73.99 
12 , 6 , 2024 , 74.72 , 73.12 , 74.39 , 73.67 
12 , 9 , 2024 , 73.97 , 72.50 , 73.82 , 73.20 
12 , 10 , 2024 , 73.43 , 72.33 , 72.84 , 72.81 
12 , 11 , 2024 , 73.93 , 73.28 , 73.55 , 73.70 
12 , 12 , 2024 , 74.49 , 73.52 , 73.96 , 73.54 
12 , 13 , 2024 , 74.31 , 72.87 , 73.38 , 73.01 
12 , 16 , 2024 , 73.49 , 71.40 , 73.20 , 71.59 
12 , 17 , 2024 , 72.12 , 70.19 , 71.03 , 70.28 
12 , 18 , 2024 , 70.67 , 66.97 , 70.55 , 67.03 
12 , 19 , 2024 , 68.39 , 66.63 , 67.50 , 66.69 
12 , 20 , 2024 , 69.13 , 66.69 , 66.69 , 68.49 
12 , 23 , 2024 , 68.94 , 68.00 , 68.45 , 68.79 
12 , 24 , 2024 , 69.56 , 68.46 , 68.58 , 69.45 
12 , 26 , 2024 , 70.03 , 69.06 , 69.16 , 69.64 
12 , 27 , 2024 , 69.92 , 68.54 , 69.08 , 68.90 
12 , 30 , 2024 , 68.68 , 67.45 , 68.19 , 68.23 
12 , 31 , 2024 , 68.80 , 67.93 , 68.42 , 68.26 
1 , 2 , 2025 , 69.16 , 67.89 , 68.87 , 68.33 
1 , 3 , 2025 , 69.51 , 68.66 , 68.72 , 69.26 
1 , 6 , 2025 , 70.19 , 68.58 , 69.55 , 68.71 
1 , 7 , 2025 , 69.39 , 68.02 , 68.93 , 68.21 
1 , 8 , 2025 , 68.69 , 67.60 , 67.75 , 68.45 
1 , 10 , 2025 , 67.88 , 66.24 , 67.65 , 66.51 
1 , 13 , 2025 , 67.34 , 65.27 , 65.59 , 67.11 
1 , 14 , 2025 , 68.83 , 67.63 , 67.89 , 68.40 
1 , 15 , 2025 , 70.22 , 68.78 , 69.89 , 68.80 
1 , 16 , 2025 , 70.37 , 68.96 , 69.21 , 69.74 
1 , 17 , 2025 , 70.90 , 69.64 , 70.57 , 69.66 
1 , 21 , 2025 , 70.90 , 70.20 , 70.37 , 70.55 
1 , 22 , 2025 , 70.93 , 69.97 , 70.64 , 70.03 
1 , 23 , 2025 , 70.30 , 69.72 , 70.20 , 69.88 
1 , 24 , 2025 , 70.52 , 69.82 , 69.97 , 70.12 
1 , 27 , 2025 , 68.94 , 67.23 , 68.18 , 67.43 
1 , 28 , 2025 , 68.03 , 67.14 , 67.94 , 67.30 
1 , 29 , 2025 , 66.10 , 64.58 , 65.79 , 64.80 
1 , 30 , 2025 , 66.39 , 65.27 , 65.62 , 65.97 
1 , 31 , 2025 , 66.50 , 65.25 , 66.00 , 65.38 
2 , 3 , 2025 , 64.35 , 62.97 , 63.58 , 63.15 
2 , 4 , 2025 , 64.56 , 62.96 , 64.56 , 63.88 
2 , 5 , 2025 , 65.21 , 64.04 , 64.63 , 64.56 
2 , 6 , 2025 , 65.23 , 64.56 , 64.94 , 65.21 
2 , 7 , 2025 , 65.65 , 63.54 , 65.24 , 64.17 
2 , 10 , 2025 , 66.38 , 64.51 , 64.79 , 66.23 
2 , 11 , 2025 , 65.79 , 63.30 , 64.50 , 65.16 
2 , 12 , 2025 , 64.19 , 62.76 , 63.99 , 63.60 
2 , 13 , 2025 , 64.04 , 63.22 , 64.04 , 63.67 
2 , 14 , 2025 , 65.35 , 63.86 , 64.00 , 65.13 
2 , 18 , 2025 , 66.77 , 64.89 , 65.13 , 66.59 
2 , 19 , 2025 , 66.59 , 65.88 , 66.38 , 65.98 
2 , 20 , 2025 , 67.21 , 65.43 , 65.81 , 67.11 
2 , 21 , 2025 , 67.96 , 65.63 , 67.90 , 66.13 
2 , 24 , 2025 , 67.99 , 66.09 , 67.34 , 66.55 
2 , 25 , 2025 , 67.57 , 66.39 , 66.91 , 67.20 
2 , 26 , 2025 , 68.34 , 66.09 , 67.81 , 66.10 
2 , 27 , 2025 , 66.08 , 63.94 , 65.70 , 64.08 
2 , 28 , 2025 , 64.86 , 63.68 , 64.03 , 64.80 
3 , 3 , 2025 , 65.50 , 62.87 , 65.50 , 63.26 
3 , 4 , 2025 , 63.16 , 60.17 , 62.15 , 62.07 
3 , 5 , 2025 , 66.45 , 63.57 , 65.21 , 64.87 
3 , 6 , 2025 , 65.56 , 64.06 , 64.43 , 65.37 
3 , 7 , 2025 , 67.59 , 64.77 , 65.32 , 67.39 
3 , 10 , 2025 , 68.62 , 66.09 , 66.10 , 67.05 
3 , 11 , 2025 , 67.32 , 65.14 , 66.99 , 65.65 
3 , 12 , 2025 , 66.54 , 65.29 , 66.22 , 65.43 
3 , 13 , 2025 , 66.31 , 64.13 , 65.06 , 64.25 
3 , 14 , 2025 , 66.78 , 65.15 , 65.47 , 66.53 
3 , 17 , 2025 , 67.81 , 66.48 , 66.49 , 67.63 
3 , 18 , 2025 , 67.42 , 66.68 , 67.37 , 67.30 
3 , 19 , 2025 , 68.26 , 66.98 , 67.27 , 67.68 
3 , 20 , 2025 , 67.53 , 65.75 , 66.93 , 66.43 
3 , 21 , 2025 , 66.22 , 65.09 , 65.76 , 66.17 
3 , 24 , 2025 , 68.05 , 66.85 , 67.17 , 67.96 
3 , 25 , 2025 , 68.60 , 67.57 , 68.01 , 68.11 
3 , 26 , 2025 , 68.48 , 66.66 , 68.20 , 66.97 
3 , 27 , 2025 , 66.86 , 65.55 , 66.86 , 65.67 
3 , 28 , 2025 , 65.86 , 63.26 , 65.63 , 63.33 
3 , 31 , 2025 , 63.86 , 61.77 , 62.72 , 63.40 
4 , 1 , 2025 , 64.08 , 62.28 , 63.24 , 63.54 
4 , 2 , 2025 , 65.22 , 62.51 , 62.75 , 65.04 
4 , 3 , 2025 , 63.81 , 60.59 , 63.00 , 60.72 
4 , 4 , 2025 , 59.10 , 55.87 , 58.90 , 57.18 
4 , 7 , 2025 , 59.48 , 54.22 , 56.36 , 56.83 
4 , 8 , 2025 , 58.96 , 54.54 , 58.21 , 55.55 
4 , 9 , 2025 , 61.31 , 54.80 , 55.29 , 60.77 
4 , 10 , 2025 , 59.66 , 57.08 , 59.13 , 59.05 
4 , 11 , 2025 , 59.80 , 57.79 , 58.62 , 59.26 
4 , 14 , 2025 , 61.33 , 59.31 , 60.26 , 60.59 
4 , 15 , 2025 , 61.27 , 60.07 , 60.59 , 60.47 
4 , 16 , 2025 , 60.58 , 58.60 , 59.48 , 59.19 
4 , 17 , 2025 , 60.40 , 59.24 , 59.74 , 59.90 
4 , 21 , 2025 , 59.48 , 57.42 , 59.28 , 58.18 
4 , 22 , 2025 , 59.76 , 58.17 , 58.17 , 59.47 
4 , 23 , 2025 , 60.88 , 58.57 , 60.28 , 58.60 
4 , 24 , 2025 , 60.57 , 59.00 , 59.20 , 60.31 
4 , 25 , 2025 , 60.60 , 59.68 , 60.15 , 60.06 
4 , 28 , 2025 , 61.21 , 59.77 , 60.21 , 60.49 
4 , 29 , 2025 , 61.47 , 60.24 , 60.26 , 60.82 
4 , 30 , 2025 , 62.67 , 60.08 , 60.60 , 62.54 
