Month , Day , Year , High , Low , Open , Close
8 , 22 , 2019 , 96.58 , 92.80 , 96.29 , 92.97 
8 , 23 , 2019 , 91.56 , 86.00 , 91.37 , 88.43 
8 , 26 , 2019 , 90.84 , 86.13 , 90.24 , 88.88 
8 , 27 , 2019 , 89.95 , 83.23 , 89.28 , 84.08 
8 , 28 , 2019 , 87.52 , 82.61 , 83.78 , 86.99 
8 , 29 , 2019 , 89.35 , 83.29 , 88.30 , 83.82 
8 , 30 , 2019 , 84.94 , 78.89 , 84.02 , 81.28 
9 , 3 , 2019 , 83.80 , 80.25 , 80.85 , 83.76 
9 , 4 , 2019 , 87.77 , 82.89 , 85.00 , 85.31 
9 , 5 , 2019 , 87.19 , 82.50 , 86.25 , 86.85 
9 , 6 , 2019 , 81.50 , 75.31 , 79.70 , 75.98 
9 , 9 , 2019 , 76.12 , 64.34 , 76.11 , 67.10 
9 , 10 , 2019 , 71.80 , 65.70 , 65.70 , 71.65 
9 , 11 , 2019 , 70.93 , 67.20 , 69.21 , 69.11 
9 , 12 , 2019 , 72.40 , 69.06 , 69.68 , 69.66 
9 , 13 , 2019 , 70.31 , 64.71 , 69.86 , 64.86 
9 , 16 , 2019 , 68.86 , 63.50 , 63.71 , 67.86 
9 , 17 , 2019 , 71.33 , 68.13 , 68.64 , 71.04 
9 , 18 , 2019 , 71.88 , 68.80 , 70.12 , 70.85 
9 , 19 , 2019 , 71.87 , 67.64 , 71.50 , 68.93 
9 , 20 , 2019 , 69.46 , 66.19 , 68.95 , 66.97 
9 , 23 , 2019 , 68.57 , 66.54 , 67.12 , 66.91 
9 , 24 , 2019 , 67.37 , 62.00 , 67.02 , 62.52 
9 , 25 , 2019 , 63.39 , 60.11 , 62.00 , 62.02 
9 , 26 , 2019 , 62.36 , 57.66 , 62.05 , 58.30 
9 , 27 , 2019 , 58.33 , 52.84 , 58.27 , 53.46 
9 , 30 , 2019 , 58.65 , 51.61 , 53.65 , 58.31 
10 , 1 , 2019 , 59.51 , 55.65 , 58.30 , 57.89 
10 , 2 , 2019 , 57.66 , 54.07 , 56.81 , 56.63 
10 , 3 , 2019 , 62.40 , 56.75 , 59.48 , 62.14 
10 , 4 , 2019 , 64.46 , 61.55 , 62.18 , 63.84 
10 , 7 , 2019 , 69.70 , 62.72 , 63.36 , 68.78 
10 , 8 , 2019 , 68.43 , 64.48 , 67.40 , 65.30 
10 , 9 , 2019 , 66.43 , 62.50 , 66.35 , 63.08 
10 , 10 , 2019 , 63.61 , 60.40 , 62.64 , 61.41 
10 , 11 , 2019 , 61.48 , 57.27 , 58.77 , 60.27 
10 , 14 , 2019 , 57.85 , 53.20 , 55.80 , 54.52 
10 , 15 , 2019 , 56.41 , 54.03 , 55.01 , 55.21 
10 , 16 , 2019 , 55.77 , 51.80 , 53.57 , 52.03 
10 , 17 , 2019 , 53.15 , 50.33 , 51.76 , 50.44 
10 , 18 , 2019 , 50.32 , 46.46 , 50.00 , 47.04 
10 , 21 , 2019 , 48.97 , 46.22 , 46.93 , 47.40 
10 , 22 , 2019 , 48.48 , 44.58 , 47.25 , 46.20 
10 , 23 , 2019 , 50.43 , 46.03 , 47.00 , 47.87 
10 , 24 , 2019 , 52.18 , 48.11 , 48.60 , 51.84 
10 , 25 , 2019 , 52.07 , 49.41 , 50.88 , 50.11 
10 , 28 , 2019 , 51.31 , 47.71 , 50.26 , 47.95 
10 , 29 , 2019 , 48.37 , 46.21 , 47.43 , 47.80 
10 , 30 , 2019 , 52.48 , 46.78 , 47.72 , 51.45 
10 , 31 , 2019 , 51.64 , 48.10 , 51.20 , 49.91 
11 , 1 , 2019 , 50.85 , 47.75 , 49.94 , 48.50 
11 , 4 , 2019 , 50.48 , 48.01 , 49.15 , 49.65 
11 , 5 , 2019 , 50.60 , 47.77 , 50.18 , 48.70 
11 , 6 , 2019 , 48.71 , 46.90 , 48.56 , 47.83 
11 , 7 , 2019 , 48.50 , 45.38 , 48.26 , 45.50 
11 , 8 , 2019 , 47.21 , 44.80 , 45.02 , 47.21 
11 , 11 , 2019 , 47.00 , 45.46 , 46.50 , 46.20 
11 , 12 , 2019 , 47.85 , 46.11 , 47.50 , 47.05 
11 , 13 , 2019 , 52.44 , 46.65 , 46.83 , 52.00 
11 , 14 , 2019 , 54.92 , 50.64 , 51.31 , 52.73 
11 , 15 , 2019 , 59.99 , 53.00 , 53.00 , 59.75 
11 , 18 , 2019 , 60.00 , 55.52 , 60.00 , 57.07 
11 , 19 , 2019 , 57.56 , 53.76 , 57.45 , 56.00 
11 , 20 , 2019 , 58.31 , 53.39 , 55.24 , 54.88 
11 , 21 , 2019 , 55.46 , 52.85 , 55.46 , 53.77 
11 , 22 , 2019 , 55.30 , 53.75 , 54.19 , 54.20 
11 , 25 , 2019 , 56.17 , 54.86 , 55.32 , 55.84 
11 , 26 , 2019 , 58.02 , 54.26 , 56.30 , 55.58 
11 , 27 , 2019 , 56.67 , 55.23 , 56.37 , 56.29 
11 , 29 , 2019 , 59.50 , 56.32 , 56.96 , 58.00 
12 , 2 , 2019 , 58.60 , 52.54 , 58.50 , 55.01 
12 , 3 , 2019 , 57.59 , 53.01 , 53.29 , 57.37 
12 , 4 , 2019 , 57.00 , 54.30 , 56.61 , 54.98 
12 , 5 , 2019 , 55.21 , 51.61 , 55.00 , 52.95 
12 , 6 , 2019 , 55.10 , 50.50 , 54.00 , 50.89 
12 , 9 , 2019 , 50.96 , 48.41 , 49.14 , 49.00 
12 , 10 , 2019 , 50.02 , 47.22 , 49.92 , 47.55 
12 , 11 , 2019 , 48.80 , 46.33 , 47.20 , 47.73 
12 , 12 , 2019 , 48.50 , 46.32 , 47.95 , 47.30 
12 , 13 , 2019 , 49.86 , 46.70 , 47.50 , 49.41 
12 , 16 , 2019 , 50.11 , 48.15 , 50.00 , 49.45 
12 , 17 , 2019 , 49.44 , 47.52 , 49.34 , 48.39 
12 , 18 , 2019 , 50.30 , 48.60 , 48.96 , 50.14 
12 , 19 , 2019 , 50.45 , 49.20 , 50.45 , 49.47 
12 , 20 , 2019 , 50.00 , 48.58 , 49.91 , 49.49 
12 , 23 , 2019 , 49.30 , 47.61 , 49.25 , 47.85 
12 , 24 , 2019 , 48.72 , 47.15 , 48.00 , 47.75 
12 , 26 , 2019 , 50.06 , 48.09 , 48.41 , 50.03 
12 , 27 , 2019 , 50.38 , 48.20 , 50.30 , 48.92 
12 , 30 , 2019 , 50.56 , 48.39 , 50.00 , 50.03 
12 , 31 , 2019 , 50.34 , 48.90 , 49.34 , 49.87 
1 , 2 , 2020 , 50.75 , 49.25 , 50.03 , 49.44 
1 , 3 , 2020 , 51.99 , 48.79 , 48.96 , 50.75 
1 , 6 , 2020 , 56.17 , 51.03 , 51.85 , 55.11 
1 , 7 , 2020 , 56.50 , 54.50 , 54.55 , 54.75 
1 , 8 , 2020 , 55.86 , 53.30 , 54.20 , 55.66 
1 , 9 , 2020 , 57.25 , 55.10 , 56.95 , 55.94 
1 , 10 , 2020 , 58.30 , 56.00 , 56.49 , 57.20 
1 , 13 , 2020 , 59.74 , 57.00 , 57.36 , 58.97 
1 , 14 , 2020 , 60.66 , 57.50 , 59.23 , 59.24 
1 , 15 , 2020 , 61.97 , 59.23 , 59.23 , 60.25 
1 , 16 , 2020 , 62.75 , 61.00 , 61.50 , 62.24 
1 , 17 , 2020 , 63.70 , 62.06 , 63.05 , 63.45 
1 , 21 , 2020 , 63.39 , 61.26 , 63.02 , 62.24 
1 , 22 , 2020 , 64.04 , 62.30 , 63.00 , 62.57 
1 , 23 , 2020 , 62.66 , 60.71 , 62.57 , 61.55 
1 , 24 , 2020 , 63.05 , 57.84 , 62.00 , 59.25 
1 , 27 , 2020 , 58.16 , 55.31 , 56.58 , 58.06 
1 , 28 , 2020 , 59.64 , 58.13 , 58.66 , 59.07 
1 , 29 , 2020 , 61.78 , 59.74 , 60.00 , 60.26 
1 , 30 , 2020 , 62.56 , 58.94 , 60.00 , 62.45 
1 , 31 , 2020 , 63.00 , 60.25 , 62.50 , 61.09 
2 , 3 , 2020 , 61.46 , 59.65 , 61.13 , 61.08 
2 , 4 , 2020 , 64.33 , 61.15 , 61.92 , 63.56 
2 , 5 , 2020 , 64.80 , 60.06 , 64.21 , 61.82 
2 , 6 , 2020 , 62.98 , 60.18 , 61.60 , 62.19 
2 , 7 , 2020 , 63.72 , 61.82 , 62.00 , 62.09 
2 , 10 , 2020 , 63.86 , 61.45 , 62.33 , 63.30 
2 , 11 , 2020 , 66.84 , 63.66 , 66.00 , 65.19 
2 , 12 , 2020 , 65.50 , 62.72 , 65.19 , 65.08 
2 , 13 , 2020 , 66.20 , 64.13 , 64.25 , 65.31 
2 , 14 , 2020 , 65.83 , 63.87 , 65.81 , 64.85 
2 , 18 , 2020 , 66.28 , 64.55 , 65.00 , 66.04 
2 , 19 , 2020 , 67.56 , 65.61 , 66.63 , 66.03 
2 , 20 , 2020 , 65.98 , 60.03 , 65.70 , 63.38 
2 , 21 , 2020 , 62.64 , 59.26 , 62.58 , 60.93 
2 , 24 , 2020 , 59.25 , 56.02 , 56.40 , 58.08 
2 , 25 , 2020 , 59.79 , 56.06 , 59.50 , 57.74 
2 , 26 , 2020 , 60.26 , 57.51 , 58.39 , 58.46 
2 , 27 , 2020 , 59.45 , 54.35 , 56.15 , 57.50 
2 , 28 , 2020 , 60.02 , 55.50 , 55.60 , 59.64 
3 , 2 , 2020 , 60.97 , 58.00 , 60.20 , 59.13 
3 , 3 , 2020 , 60.73 , 55.01 , 59.61 , 56.48 
3 , 4 , 2020 , 58.08 , 56.06 , 57.18 , 57.20 
3 , 5 , 2020 , 57.44 , 54.55 , 56.08 , 55.92 
3 , 6 , 2020 , 54.87 , 50.36 , 54.24 , 51.96 
3 , 9 , 2020 , 48.89 , 45.65 , 46.81 , 45.74 
3 , 10 , 2020 , 48.47 , 45.00 , 48.47 , 46.91 
3 , 11 , 2020 , 46.30 , 42.23 , 45.96 , 42.85 
3 , 12 , 2020 , 40.20 , 35.98 , 38.60 , 37.82 
3 , 13 , 2020 , 40.08 , 36.59 , 40.00 , 39.55 
3 , 16 , 2020 , 36.00 , 32.12 , 36.00 , 33.01 
3 , 17 , 2020 , 38.30 , 31.95 , 33.93 , 38.01 
3 , 18 , 2020 , 41.47 , 35.50 , 35.76 , 38.63 
3 , 19 , 2020 , 44.49 , 38.20 , 40.43 , 41.74 
3 , 20 , 2020 , 51.97 , 46.81 , 49.96 , 49.01 
3 , 23 , 2020 , 53.00 , 46.01 , 46.24 , 51.45 
3 , 24 , 2020 , 58.65 , 54.28 , 54.92 , 57.33 
3 , 25 , 2020 , 59.50 , 55.60 , 56.00 , 55.78 
3 , 26 , 2020 , 59.10 , 55.04 , 55.84 , 58.64 
3 , 27 , 2020 , 59.87 , 56.02 , 57.02 , 58.79 
3 , 30 , 2020 , 59.83 , 56.27 , 58.81 , 57.72 
3 , 31 , 2020 , 60.03 , 55.26 , 57.03 , 55.68 
4 , 1 , 2020 , 56.55 , 53.53 , 54.00 , 54.58 
4 , 2 , 2020 , 56.92 , 54.11 , 54.51 , 56.69 
4 , 3 , 2020 , 59.25 , 55.85 , 56.00 , 57.82 
4 , 6 , 2020 , 60.53 , 58.66 , 59.08 , 59.07 
4 , 7 , 2020 , 61.30 , 57.75 , 59.45 , 59.60 
4 , 8 , 2020 , 60.88 , 59.05 , 59.65 , 60.32 
4 , 9 , 2020 , 60.79 , 57.50 , 60.48 , 58.15 
4 , 13 , 2020 , 59.37 , 57.36 , 58.00 , 58.77 
4 , 14 , 2020 , 62.00 , 58.50 , 59.99 , 60.89 
4 , 15 , 2020 , 62.64 , 58.73 , 59.34 , 61.82 
4 , 16 , 2020 , 64.45 , 61.54 , 62.00 , 63.45 
4 , 17 , 2020 , 65.62 , 63.25 , 64.46 , 64.74 
4 , 20 , 2020 , 70.20 , 64.39 , 64.87 , 68.43 
4 , 21 , 2020 , 70.50 , 62.77 , 68.66 , 66.07 
4 , 22 , 2020 , 69.31 , 67.23 , 67.67 , 68.07 
4 , 23 , 2020 , 69.96 , 68.00 , 68.06 , 68.91 
4 , 24 , 2020 , 74.65 , 68.90 , 69.00 , 72.00 
4 , 27 , 2020 , 75.00 , 72.02 , 73.00 , 73.60 
4 , 28 , 2020 , 74.71 , 68.39 , 74.00 , 70.13 
4 , 29 , 2020 , 71.60 , 68.19 , 71.05 , 69.28 
4 , 30 , 2020 , 69.28 , 67.12 , 69.28 , 67.66 
5 , 1 , 2020 , 70.19 , 65.80 , 66.28 , 69.21 
5 , 4 , 2020 , 73.67 , 67.81 , 68.35 , 73.43 
5 , 5 , 2020 , 75.00 , 70.88 , 74.27 , 71.59 
5 , 6 , 2020 , 73.62 , 69.32 , 71.94 , 72.44 
5 , 7 , 2020 , 76.75 , 73.66 , 74.00 , 75.49 
5 , 8 , 2020 , 77.96 , 75.00 , 76.55 , 76.70 
5 , 11 , 2020 , 78.35 , 76.15 , 77.05 , 76.23 
5 , 12 , 2020 , 80.63 , 75.31 , 77.00 , 76.15 
5 , 13 , 2020 , 79.30 , 73.12 , 77.86 , 76.57 
5 , 14 , 2020 , 77.40 , 74.53 , 76.00 , 77.14 
5 , 15 , 2020 , 80.29 , 76.33 , 77.50 , 77.14 
5 , 18 , 2020 , 78.99 , 75.78 , 78.11 , 76.10 
5 , 19 , 2020 , 79.58 , 76.50 , 76.53 , 78.55 
5 , 20 , 2020 , 81.74 , 79.15 , 80.72 , 80.97 
5 , 21 , 2020 , 81.87 , 78.81 , 81.62 , 80.60 
5 , 22 , 2020 , 82.70 , 80.00 , 81.00 , 82.22 
5 , 26 , 2020 , 83.40 , 77.95 , 83.39 , 79.35 
5 , 27 , 2020 , 79.00 , 71.51 , 78.75 , 77.99 
5 , 28 , 2020 , 82.28 , 78.00 , 78.20 , 79.50 
5 , 29 , 2020 , 88.00 , 81.20 , 83.19 , 87.81 
6 , 1 , 2020 , 95.80 , 90.21 , 90.56 , 94.84 
6 , 2 , 2020 , 96.80 , 90.03 , 96.59 , 92.25 
6 , 3 , 2020 , 103.80 , 95.60 , 99.98 , 98.10 
6 , 4 , 2020 , 98.49 , 91.83 , 94.23 , 95.98 
6 , 5 , 2020 , 95.98 , 88.87 , 92.73 , 93.93 
6 , 8 , 2020 , 97.50 , 93.62 , 93.87 , 95.43 
6 , 9 , 2020 , 96.88 , 93.62 , 96.00 , 93.90 
6 , 10 , 2020 , 97.74 , 94.33 , 95.00 , 97.22 
6 , 11 , 2020 , 100.12 , 94.22 , 94.85 , 95.04 
6 , 12 , 2020 , 97.99 , 91.05 , 97.99 , 93.12 
6 , 15 , 2020 , 100.00 , 91.50 , 92.65 , 99.02 
6 , 16 , 2020 , 101.68 , 94.69 , 100.00 , 101.04 
6 , 17 , 2020 , 101.74 , 97.77 , 101.64 , 98.69 
6 , 18 , 2020 , 101.87 , 97.86 , 98.18 , 101.61 
6 , 19 , 2020 , 104.89 , 100.64 , 103.00 , 101.08 
6 , 22 , 2020 , 105.56 , 100.26 , 101.34 , 105.02 
6 , 23 , 2020 , 107.30 , 103.15 , 105.80 , 104.27 
6 , 24 , 2020 , 106.10 , 100.50 , 103.83 , 103.70 
6 , 25 , 2020 , 108.34 , 103.64 , 103.80 , 105.71 
6 , 26 , 2020 , 104.00 , 97.52 , 104.00 , 98.79 
6 , 29 , 2020 , 99.77 , 94.18 , 99.77 , 98.10 
6 , 30 , 2020 , 101.38 , 97.33 , 98.44 , 100.29 
7 , 1 , 2020 , 103.65 , 99.25 , 100.00 , 102.95 
7 , 2 , 2020 , 107.70 , 102.30 , 103.65 , 107.27 
7 , 6 , 2020 , 109.68 , 104.72 , 109.34 , 106.39 
7 , 7 , 2020 , 108.67 , 105.21 , 107.00 , 106.42 
7 , 8 , 2020 , 114.69 , 107.10 , 107.37 , 114.55 
7 , 9 , 2020 , 118.38 , 113.11 , 115.51 , 117.46 
7 , 10 , 2020 , 118.25 , 115.41 , 117.57 , 116.65 
7 , 13 , 2020 , 118.58 , 105.72 , 118.02 , 106.21 
7 , 14 , 2020 , 109.35 , 99.12 , 107.14 , 105.61 
7 , 15 , 2020 , 106.02 , 100.59 , 105.58 , 103.15 
7 , 16 , 2020 , 102.82 , 98.61 , 102.10 , 101.06 
7 , 17 , 2020 , 102.87 , 99.00 , 101.40 , 101.43 
7 , 20 , 2020 , 106.95 , 101.66 , 101.89 , 106.72 
7 , 21 , 2020 , 108.47 , 104.44 , 108.44 , 106.60 
7 , 22 , 2020 , 107.18 , 102.60 , 106.60 , 103.71 
7 , 23 , 2020 , 105.66 , 99.60 , 104.56 , 101.46 
7 , 24 , 2020 , 101.67 , 97.06 , 99.10 , 100.03 
7 , 27 , 2020 , 104.35 , 100.17 , 101.32 , 103.60 
7 , 28 , 2020 , 109.28 , 103.82 , 104.40 , 105.73 
7 , 29 , 2020 , 113.83 , 107.40 , 107.61 , 112.92 
7 , 30 , 2020 , 112.80 , 108.91 , 111.00 , 111.91 
7 , 31 , 2020 , 113.84 , 109.41 , 112.91 , 113.20 
8 , 3 , 2020 , 116.18 , 112.25 , 114.48 , 115.48 
8 , 4 , 2020 , 116.00 , 112.78 , 115.56 , 114.96 
8 , 5 , 2020 , 116.18 , 113.98 , 114.97 , 114.75 
8 , 6 , 2020 , 115.41 , 109.03 , 114.56 , 110.30 
8 , 7 , 2020 , 107.39 , 100.28 , 107.20 , 101.75 
8 , 10 , 2020 , 102.81 , 96.70 , 102.81 , 97.00 
8 , 11 , 2020 , 100.50 , 93.37 , 97.10 , 98.16 
8 , 12 , 2020 , 100.41 , 97.23 , 98.61 , 98.45 
8 , 13 , 2020 , 102.12 , 98.31 , 99.44 , 100.89 
8 , 14 , 2020 , 104.36 , 100.91 , 103.21 , 101.25 
8 , 17 , 2020 , 105.50 , 101.75 , 102.01 , 105.34 
8 , 18 , 2020 , 107.65 , 105.62 , 106.52 , 107.10 
8 , 19 , 2020 , 109.69 , 105.70 , 107.65 , 108.15 
8 , 20 , 2020 , 112.65 , 106.82 , 107.55 , 112.49 
8 , 21 , 2020 , 113.53 , 110.87 , 112.00 , 112.02 
8 , 24 , 2020 , 113.66 , 108.26 , 113.40 , 111.25 
8 , 25 , 2020 , 114.45 , 109.35 , 110.30 , 113.57 
8 , 26 , 2020 , 119.94 , 114.26 , 115.51 , 117.11 
8 , 27 , 2020 , 118.27 , 113.78 , 117.40 , 117.13 
8 , 28 , 2020 , 121.00 , 117.42 , 118.26 , 118.64 
8 , 31 , 2020 , 126.55 , 120.00 , 120.00 , 125.73 
9 , 1 , 2020 , 144.68 , 130.00 , 134.44 , 143.69 
9 , 2 , 2020 , 153.10 , 130.98 , 152.04 , 142.07 
9 , 3 , 2020 , 138.79 , 127.00 , 131.00 , 129.25 
9 , 4 , 2020 , 129.95 , 115.25 , 125.28 , 125.19 
9 , 8 , 2020 , 128.93 , 118.00 , 118.86 , 125.63 
9 , 9 , 2020 , 129.70 , 124.00 , 129.61 , 128.18 
9 , 10 , 2020 , 134.05 , 128.40 , 130.28 , 129.35 
9 , 11 , 2020 , 131.66 , 122.85 , 131.12 , 126.28 
9 , 14 , 2020 , 129.90 , 127.15 , 127.78 , 128.50 
9 , 15 , 2020 , 132.19 , 127.35 , 130.65 , 131.45 
9 , 16 , 2020 , 133.84 , 129.52 , 132.00 , 131.15 
9 , 17 , 2020 , 129.23 , 124.80 , 127.48 , 128.58 
9 , 18 , 2020 , 132.10 , 126.72 , 130.22 , 131.43 
9 , 21 , 2020 , 138.55 , 125.45 , 127.25 , 138.13 
9 , 22 , 2020 , 142.68 , 134.20 , 138.52 , 142.68 
9 , 23 , 2020 , 143.70 , 136.91 , 141.00 , 138.60 
9 , 24 , 2020 , 137.90 , 132.40 , 137.12 , 133.90 
9 , 25 , 2020 , 138.60 , 134.65 , 135.80 , 136.39 
9 , 28 , 2020 , 141.67 , 136.30 , 137.82 , 137.43 
9 , 29 , 2020 , 138.35 , 135.37 , 137.70 , 136.35 
9 , 30 , 2020 , 139.02 , 133.66 , 135.31 , 137.32 
10 , 1 , 2020 , 145.76 , 138.00 , 139.50 , 142.87 
10 , 2 , 2020 , 145.50 , 138.60 , 139.73 , 139.87 
10 , 5 , 2020 , 148.28 , 142.81 , 143.81 , 144.88 
10 , 6 , 2020 , 148.67 , 143.50 , 146.00 , 145.13 
10 , 7 , 2020 , 148.84 , 144.28 , 146.00 , 144.57 
10 , 8 , 2020 , 146.46 , 141.53 , 146.45 , 142.97 
10 , 9 , 2020 , 145.63 , 142.61 , 144.10 , 143.57 
10 , 12 , 2020 , 149.75 , 144.82 , 146.50 , 145.96 
10 , 13 , 2020 , 153.63 , 147.01 , 147.08 , 152.80 
10 , 14 , 2020 , 153.90 , 145.33 , 153.60 , 147.79 
10 , 15 , 2020 , 145.75 , 141.13 , 143.39 , 145.36 
10 , 16 , 2020 , 148.88 , 144.91 , 148.00 , 145.34 
10 , 19 , 2020 , 149.59 , 143.67 , 146.72 , 144.66 
10 , 20 , 2020 , 146.49 , 142.15 , 145.29 , 142.64 
10 , 21 , 2020 , 143.67 , 132.55 , 143.07 , 135.14 
10 , 22 , 2020 , 138.68 , 131.64 , 136.39 , 134.54 
10 , 23 , 2020 , 135.54 , 132.80 , 134.91 , 135.42 
10 , 26 , 2020 , 138.45 , 129.52 , 134.01 , 133.08 
10 , 27 , 2020 , 136.13 , 131.63 , 134.08 , 133.48 
10 , 28 , 2020 , 132.82 , 129.11 , 132.05 , 131.57 
10 , 29 , 2020 , 132.70 , 126.34 , 132.36 , 127.36 
10 , 30 , 2020 , 126.32 , 120.45 , 125.40 , 123.84 
11 , 2 , 2020 , 126.76 , 121.77 , 124.55 , 124.47 
11 , 3 , 2020 , 127.47 , 123.83 , 125.71 , 126.86 
11 , 4 , 2020 , 137.13 , 132.00 , 133.98 , 136.32 
11 , 5 , 2020 , 141.60 , 137.71 , 140.49 , 138.92 
11 , 6 , 2020 , 144.29 , 138.11 , 138.58 , 141.79 
11 , 9 , 2020 , 137.36 , 126.02 , 136.25 , 126.55 
11 , 10 , 2020 , 128.00 , 118.10 , 127.08 , 123.50 
11 , 11 , 2020 , 132.18 , 127.50 , 128.13 , 130.96 
11 , 12 , 2020 , 137.50 , 132.10 , 132.92 , 137.30 
11 , 13 , 2020 , 138.00 , 131.19 , 137.75 , 132.18 
11 , 16 , 2020 , 132.89 , 128.22 , 129.39 , 131.58 
11 , 17 , 2020 , 139.80 , 130.50 , 132.74 , 137.78 
11 , 18 , 2020 , 139.47 , 135.00 , 137.73 , 137.68 
11 , 19 , 2020 , 147.09 , 138.02 , 138.39 , 143.76 
11 , 20 , 2020 , 146.95 , 143.26 , 145.19 , 145.72 
11 , 23 , 2020 , 149.13 , 142.45 , 146.50 , 147.54 
11 , 24 , 2020 , 149.50 , 143.77 , 145.70 , 149.45 
11 , 25 , 2020 , 151.70 , 147.19 , 150.00 , 149.96 
11 , 27 , 2020 , 152.19 , 148.53 , 150.38 , 150.83 
11 , 30 , 2020 , 155.00 , 146.31 , 154.55 , 153.28 
12 , 1 , 2020 , 154.00 , 145.67 , 153.50 , 147.50 
12 , 2 , 2020 , 144.69 , 138.24 , 144.36 , 141.84 
12 , 3 , 2020 , 165.75 , 155.54 , 159.52 , 161.19 
12 , 4 , 2020 , 168.97 , 157.59 , 160.36 , 167.26 
12 , 7 , 2020 , 172.69 , 166.10 , 168.00 , 170.72 
12 , 8 , 2020 , 178.88 , 170.80 , 171.29 , 177.48 
12 , 9 , 2020 , 177.70 , 162.89 , 175.44 , 166.17 
12 , 10 , 2020 , 181.80 , 164.15 , 165.35 , 179.99 
12 , 11 , 2020 , 178.88 , 171.38 , 177.17 , 175.92 
12 , 14 , 2020 , 179.51 , 172.88 , 176.81 , 173.80 
12 , 15 , 2020 , 176.50 , 172.40 , 175.40 , 174.93 
12 , 16 , 2020 , 182.21 , 176.55 , 177.05 , 179.79 
12 , 17 , 2020 , 186.90 , 180.79 , 182.14 , 185.25 
12 , 18 , 2020 , 205.91 , 193.70 , 193.70 , 203.75 
12 , 21 , 2020 , 211.61 , 201.80 , 202.24 , 210.65 
12 , 22 , 2020 , 225.75 , 211.55 , 213.02 , 224.90 
12 , 23 , 2020 , 227.26 , 216.21 , 225.63 , 223.50 
12 , 24 , 2020 , 227.36 , 219.28 , 223.50 , 221.12 
12 , 28 , 2020 , 227.09 , 212.02 , 225.09 , 212.55 
12 , 29 , 2020 , 213.50 , 202.78 , 210.60 , 205.93 
12 , 30 , 2020 , 210.99 , 205.24 , 207.77 , 210.29 
12 , 31 , 2020 , 214.25 , 208.10 , 211.47 , 211.82 
1 , 4 , 2021 , 211.44 , 195.99 , 209.96 , 200.49 
1 , 5 , 2021 , 211.97 , 197.75 , 200.35 , 211.24 
1 , 6 , 2021 , 214.70 , 203.00 , 204.00 , 208.85 
1 , 7 , 2021 , 222.10 , 213.03 , 213.03 , 221.47 
1 , 8 , 2021 , 228.82 , 220.11 , 225.83 , 223.73 
1 , 11 , 2021 , 234.63 , 218.00 , 223.65 , 232.24 
1 , 12 , 2021 , 238.54 , 233.00 , 233.41 , 233.59 
1 , 13 , 2021 , 236.55 , 225.60 , 236.50 , 226.42 
1 , 14 , 2021 , 231.90 , 222.76 , 228.65 , 225.62 
1 , 15 , 2021 , 230.05 , 218.75 , 227.84 , 219.51 
1 , 19 , 2021 , 224.66 , 217.51 , 224.00 , 221.92 
1 , 20 , 2021 , 228.57 , 222.20 , 227.00 , 226.33 
1 , 21 , 2021 , 228.50 , 219.81 , 228.00 , 221.00 
1 , 22 , 2021 , 226.15 , 220.31 , 220.97 , 223.52 
1 , 25 , 2021 , 230.63 , 208.69 , 227.72 , 217.49 
1 , 26 , 2021 , 217.63 , 206.01 , 217.13 , 206.80 
1 , 27 , 2021 , 207.76 , 193.86 , 200.00 , 200.93 
1 , 28 , 2021 , 216.80 , 201.72 , 202.00 , 212.49 
1 , 29 , 2021 , 217.55 , 205.36 , 211.33 , 215.80 
2 , 1 , 2021 , 218.49 , 210.45 , 216.56 , 215.01 
2 , 2 , 2021 , 221.47 , 212.53 , 218.53 , 219.64 
2 , 3 , 2021 , 223.49 , 216.27 , 223.00 , 218.12 
2 , 4 , 2021 , 224.29 , 216.81 , 219.74 , 224.01 
2 , 5 , 2021 , 227.95 , 222.40 , 226.00 , 223.53 
2 , 8 , 2021 , 228.65 , 219.15 , 225.50 , 222.36 
2 , 9 , 2021 , 225.39 , 220.40 , 221.20 , 223.72 
2 , 10 , 2021 , 233.55 , 220.40 , 224.95 , 231.35 
2 , 11 , 2021 , 239.89 , 229.13 , 233.49 , 234.80 
2 , 12 , 2021 , 245.42 , 233.50 , 236.55 , 242.10 
2 , 16 , 2021 , 251.28 , 237.61 , 248.12 , 242.42 
2 , 17 , 2021 , 242.60 , 229.15 , 238.90 , 238.56 
2 , 18 , 2021 , 241.32 , 231.60 , 236.78 , 239.25 
2 , 19 , 2021 , 246.21 , 236.61 , 241.83 , 239.20 
2 , 22 , 2021 , 237.80 , 222.42 , 235.65 , 225.83 
2 , 23 , 2021 , 219.21 , 198.16 , 211.20 , 218.39 
2 , 24 , 2021 , 219.88 , 207.50 , 219.78 , 216.60 
2 , 25 , 2021 , 221.81 , 204.90 , 216.43 , 208.66 
2 , 26 , 2021 , 217.19 , 204.52 , 209.30 , 216.00 
3 , 1 , 2021 , 223.84 , 215.86 , 220.82 , 223.40 
3 , 2 , 2021 , 231.16 , 221.52 , 226.50 , 222.10 
3 , 3 , 2021 , 223.47 , 206.61 , 220.86 , 210.62 
3 , 4 , 2021 , 208.38 , 187.19 , 204.79 , 192.99 
3 , 5 , 2021 , 195.41 , 168.67 , 194.64 , 183.12 
3 , 8 , 2021 , 192.44 , 178.90 , 184.29 , 179.75 
3 , 9 , 2021 , 201.14 , 189.50 , 192.65 , 199.10 
3 , 10 , 2021 , 208.22 , 192.50 , 204.00 , 194.86 
3 , 11 , 2021 , 206.67 , 198.42 , 203.99 , 205.80 
3 , 12 , 2021 , 200.98 , 195.31 , 200.90 , 199.00 
3 , 15 , 2021 , 201.47 , 195.02 , 199.50 , 200.55 
3 , 16 , 2021 , 209.10 , 193.50 , 203.81 , 196.31 
3 , 17 , 2021 , 210.88 , 191.28 , 199.00 , 208.03 
3 , 18 , 2021 , 203.75 , 189.61 , 203.59 , 190.21 
3 , 19 , 2021 , 197.79 , 190.02 , 192.88 , 194.63 
3 , 22 , 2021 , 198.00 , 190.23 , 191.91 , 195.73 
3 , 23 , 2021 , 197.85 , 189.69 , 195.74 , 190.60 
3 , 24 , 2021 , 193.50 , 180.11 , 191.00 , 181.60 
3 , 25 , 2021 , 181.88 , 174.58 , 175.67 , 179.16 
3 , 26 , 2021 , 181.50 , 170.10 , 179.03 , 177.69 
3 , 29 , 2021 , 182.73 , 171.20 , 177.69 , 173.85 
3 , 30 , 2021 , 176.24 , 168.76 , 171.08 , 175.28 
3 , 31 , 2021 , 184.99 , 178.71 , 179.24 , 182.51 
4 , 1 , 2021 , 194.50 , 185.43 , 188.77 , 187.03 
4 , 5 , 2021 , 191.67 , 184.72 , 191.43 , 186.62 
4 , 6 , 2021 , 198.27 , 185.86 , 186.62 , 194.38 
4 , 7 , 2021 , 196.89 , 190.64 , 195.07 , 193.93 
4 , 8 , 2021 , 204.31 , 195.67 , 197.83 , 203.45 
4 , 9 , 2021 , 204.24 , 194.31 , 201.44 , 202.68 
4 , 12 , 2021 , 206.15 , 197.51 , 201.53 , 203.99 
4 , 13 , 2021 , 219.00 , 206.14 , 206.52 , 216.35 
4 , 14 , 2021 , 217.40 , 207.50 , 216.39 , 208.20 
4 , 15 , 2021 , 215.50 , 207.81 , 215.50 , 213.10 
4 , 16 , 2021 , 216.54 , 208.49 , 213.51 , 215.20 
4 , 19 , 2021 , 223.23 , 210.29 , 211.05 , 213.37 
4 , 20 , 2021 , 217.74 , 205.58 , 216.09 , 206.60 
4 , 21 , 2021 , 212.22 , 201.53 , 205.01 , 210.37 
4 , 22 , 2021 , 223.93 , 212.00 , 212.00 , 216.73 
4 , 23 , 2021 , 224.99 , 217.73 , 219.51 , 219.30 
4 , 26 , 2021 , 225.10 , 215.93 , 220.05 , 224.47 
4 , 27 , 2021 , 227.20 , 219.89 , 225.48 , 221.25 
4 , 28 , 2021 , 223.26 , 215.02 , 217.87 , 220.24 
4 , 29 , 2021 , 221.00 , 208.42 , 221.00 , 211.53 
4 , 30 , 2021 , 214.35 , 207.00 , 207.33 , 208.51 
5 , 3 , 2021 , 209.59 , 204.02 , 209.00 , 205.12 
5 , 4 , 2021 , 202.99 , 191.36 , 202.99 , 197.79 
5 , 5 , 2021 , 202.74 , 192.00 , 202.26 , 193.24 
5 , 6 , 2021 , 191.52 , 180.67 , 191.52 , 187.07 
5 , 7 , 2021 , 197.79 , 187.91 , 194.00 , 189.18 
5 , 10 , 2021 , 190.70 , 183.80 , 189.18 , 187.58 
5 , 11 , 2021 , 195.35 , 177.29 , 178.92 , 195.10 
5 , 12 , 2021 , 195.50 , 185.66 , 192.00 , 189.27 
5 , 13 , 2021 , 192.85 , 179.41 , 190.97 , 183.76 
5 , 14 , 2021 , 191.35 , 183.76 , 187.51 , 190.64 
5 , 17 , 2021 , 192.51 , 185.00 , 189.76 , 188.53 
5 , 18 , 2021 , 199.31 , 187.51 , 191.33 , 196.78 
5 , 19 , 2021 , 199.75 , 189.27 , 189.63 , 198.71 
5 , 20 , 2021 , 205.38 , 199.01 , 201.55 , 204.03 
5 , 21 , 2021 , 210.99 , 205.62 , 207.84 , 210.60 
5 , 24 , 2021 , 215.32 , 209.36 , 212.44 , 214.35 
5 , 25 , 2021 , 216.59 , 211.84 , 214.58 , 212.86 
5 , 26 , 2021 , 225.38 , 216.38 , 217.96 , 219.96 
5 , 27 , 2021 , 222.98 , 211.35 , 218.00 , 222.81 
5 , 28 , 2021 , 225.93 , 221.00 , 222.85 , 222.15 
6 , 1 , 2021 , 226.95 , 218.85 , 223.23 , 222.07 
6 , 2 , 2021 , 223.25 , 218.57 , 221.35 , 220.58 
6 , 3 , 2021 , 220.54 , 213.93 , 220.05 , 216.00 
6 , 4 , 2021 , 217.41 , 205.33 , 216.99 , 206.94 
6 , 7 , 2021 , 217.81 , 204.53 , 206.44 , 215.41 
6 , 8 , 2021 , 221.60 , 212.63 , 217.74 , 215.14 
6 , 9 , 2021 , 216.69 , 211.23 , 215.69 , 213.95 
6 , 10 , 2021 , 229.41 , 214.76 , 214.89 , 228.60 
6 , 11 , 2021 , 232.00 , 224.61 , 226.61 , 231.27 
6 , 14 , 2021 , 234.74 , 228.60 , 230.72 , 233.53 
6 , 15 , 2021 , 234.00 , 227.29 , 232.73 , 228.34 
6 , 16 , 2021 , 235.80 , 227.65 , 229.00 , 234.17 
6 , 17 , 2021 , 241.45 , 232.00 , 233.00 , 241.31 
6 , 18 , 2021 , 247.94 , 239.66 , 241.20 , 244.91 
6 , 21 , 2021 , 238.84 , 231.00 , 238.04 , 237.68 
6 , 22 , 2021 , 257.55 , 242.80 , 243.83 , 256.61 
6 , 23 , 2021 , 257.16 , 249.35 , 255.31 , 252.90 
6 , 24 , 2021 , 258.39 , 251.08 , 255.77 , 253.70 
6 , 25 , 2021 , 256.79 , 249.55 , 255.00 , 253.24 
6 , 28 , 2021 , 260.82 , 253.80 , 255.00 , 255.09 
6 , 29 , 2021 , 259.75 , 251.31 , 255.09 , 257.12 
6 , 30 , 2021 , 260.02 , 251.30 , 257.14 , 251.31 
7 , 1 , 2021 , 254.00 , 245.54 , 251.00 , 251.16 
7 , 2 , 2021 , 256.35 , 250.72 , 254.27 , 252.59 
7 , 6 , 2021 , 267.17 , 257.70 , 257.84 , 264.98 
7 , 7 , 2021 , 269.68 , 260.63 , 268.73 , 267.52 
7 , 8 , 2021 , 265.17 , 254.28 , 259.65 , 263.39 
7 , 9 , 2021 , 265.00 , 259.60 , 262.96 , 264.44 
7 , 12 , 2021 , 269.89 , 260.30 , 267.70 , 261.79 
7 , 13 , 2021 , 267.49 , 259.11 , 261.14 , 261.16 
7 , 14 , 2021 , 264.06 , 252.65 , 262.79 , 254.23 
7 , 15 , 2021 , 255.85 , 247.05 , 255.74 , 249.30 
7 , 16 , 2021 , 253.63 , 248.42 , 252.01 , 249.96 
7 , 19 , 2021 , 252.15 , 239.71 , 245.05 , 250.40 
7 , 20 , 2021 , 255.00 , 245.87 , 254.90 , 252.24 
7 , 21 , 2021 , 254.84 , 249.51 , 252.45 , 253.55 
7 , 22 , 2021 , 265.00 , 254.64 , 254.72 , 263.04 
7 , 23 , 2021 , 272.63 , 260.52 , 261.32 , 268.96 
7 , 26 , 2021 , 268.31 , 261.43 , 267.56 , 264.83 
7 , 27 , 2021 , 266.96 , 254.03 , 266.00 , 257.84 
7 , 28 , 2021 , 264.88 , 258.00 , 260.18 , 263.58 
7 , 29 , 2021 , 266.76 , 259.56 , 263.51 , 260.03 
7 , 30 , 2021 , 259.57 , 252.57 , 256.07 , 253.61 
8 , 2 , 2021 , 257.17 , 246.20 , 254.26 , 253.91 
8 , 3 , 2021 , 262.58 , 250.58 , 255.31 , 254.34 
8 , 4 , 2021 , 265.19 , 254.13 , 255.38 , 264.21 
8 , 5 , 2021 , 268.33 , 261.44 , 265.00 , 265.62 
8 , 6 , 2021 , 267.74 , 256.13 , 264.30 , 260.74 
8 , 9 , 2021 , 265.50 , 258.20 , 258.95 , 263.56 
8 , 10 , 2021 , 266.69 , 252.10 , 266.25 , 252.67 
8 , 11 , 2021 , 254.98 , 233.86 , 254.20 , 239.88 
8 , 12 , 2021 , 247.46 , 239.88 , 240.00 , 245.82 
8 , 13 , 2021 , 248.96 , 242.28 , 245.99 , 243.82 
8 , 16 , 2021 , 243.46 , 229.07 , 243.33 , 234.71 
8 , 17 , 2021 , 234.27 , 227.25 , 234.00 , 232.80 
8 , 18 , 2021 , 237.50 , 230.23 , 233.48 , 233.78 
8 , 19 , 2021 , 237.20 , 231.02 , 231.98 , 234.96 
8 , 20 , 2021 , 238.64 , 233.32 , 236.54 , 237.88 
8 , 23 , 2021 , 246.81 , 239.31 , 242.10 , 245.80 
8 , 24 , 2021 , 269.68 , 258.42 , 260.57 , 265.63 
8 , 25 , 2021 , 275.75 , 265.19 , 267.03 , 270.00 
8 , 26 , 2021 , 281.81 , 268.39 , 269.58 , 278.77 
8 , 27 , 2021 , 285.76 , 277.75 , 279.55 , 282.31 
8 , 30 , 2021 , 289.24 , 280.50 , 285.31 , 286.37 
8 , 31 , 2021 , 286.40 , 278.38 , 281.99 , 281.00 
9 , 1 , 2021 , 285.45 , 269.28 , 273.22 , 269.97 
9 , 2 , 2021 , 275.18 , 269.38 , 272.25 , 272.67 
9 , 3 , 2021 , 278.84 , 271.20 , 272.59 , 278.23 
9 , 7 , 2021 , 279.80 , 268.31 , 279.37 , 269.68 
9 , 8 , 2021 , 270.58 , 263.66 , 270.23 , 265.23 
9 , 9 , 2021 , 269.85 , 264.53 , 265.01 , 265.16 
9 , 10 , 2021 , 269.70 , 260.57 , 268.07 , 262.00 
9 , 13 , 2021 , 259.69 , 248.38 , 258.72 , 254.03 
9 , 14 , 2021 , 259.05 , 253.83 , 256.04 , 257.30 
9 , 15 , 2021 , 259.98 , 254.36 , 257.89 , 259.57 
9 , 16 , 2021 , 265.06 , 257.05 , 260.23 , 264.74 
9 , 17 , 2021 , 266.72 , 259.57 , 266.33 , 263.09 
9 , 20 , 2021 , 261.62 , 253.13 , 254.35 , 257.56 
9 , 21 , 2021 , 259.59 , 252.51 , 254.65 , 254.11 
9 , 22 , 2021 , 261.07 , 250.55 , 252.89 , 259.86 
9 , 23 , 2021 , 264.29 , 259.93 , 262.49 , 262.29 
9 , 24 , 2021 , 262.05 , 254.17 , 262.05 , 261.75 
9 , 27 , 2021 , 260.89 , 250.30 , 259.30 , 253.34 
9 , 28 , 2021 , 249.83 , 240.31 , 249.05 , 241.86 
9 , 29 , 2021 , 248.32 , 238.57 , 243.70 , 239.57 
9 , 30 , 2021 , 247.71 , 240.27 , 240.88 , 245.78 
10 , 1 , 2021 , 252.62 , 243.23 , 246.65 , 249.27 
10 , 4 , 2021 , 247.26 , 235.63 , 245.57 , 238.88 
10 , 5 , 2021 , 246.10 , 239.28 , 240.09 , 244.92 
10 , 6 , 2021 , 251.61 , 242.77 , 243.34 , 248.20 
10 , 7 , 2021 , 253.78 , 249.67 , 251.33 , 249.88 
10 , 8 , 2021 , 250.97 , 243.50 , 250.15 , 245.00 
10 , 11 , 2021 , 248.71 , 241.65 , 243.21 , 244.36 
10 , 12 , 2021 , 254.30 , 243.27 , 246.19 , 252.74 
10 , 13 , 2021 , 271.80 , 253.81 , 253.81 , 270.44 
10 , 14 , 2021 , 276.89 , 268.28 , 270.40 , 276.01 
10 , 15 , 2021 , 276.00 , 270.29 , 276.00 , 273.11 
10 , 18 , 2021 , 285.71 , 270.10 , 273.00 , 285.35 
10 , 19 , 2021 , 285.30 , 278.89 , 283.23 , 282.35 
10 , 20 , 2021 , 288.41 , 279.57 , 282.71 , 283.33 
10 , 21 , 2021 , 287.50 , 282.01 , 283.00 , 284.10 
10 , 22 , 2021 , 290.73 , 280.32 , 284.23 , 283.39 
10 , 25 , 2021 , 285.32 , 278.06 , 283.50 , 280.10 
10 , 26 , 2021 , 297.40 , 283.02 , 284.00 , 287.08 
10 , 27 , 2021 , 291.50 , 278.22 , 287.86 , 279.00 
10 , 28 , 2021 , 283.73 , 273.04 , 278.00 , 281.17 
10 , 29 , 2021 , 284.50 , 279.54 , 281.00 , 281.80 
11 , 1 , 2021 , 275.54 , 263.23 , 275.54 , 269.17 
11 , 2 , 2021 , 270.87 , 264.31 , 266.58 , 268.12 
11 , 3 , 2021 , 271.50 , 265.81 , 269.90 , 270.65 
11 , 4 , 2021 , 280.18 , 270.92 , 272.71 , 279.62 
11 , 5 , 2021 , 283.69 , 270.24 , 281.00 , 273.43 
11 , 8 , 2021 , 284.42 , 272.17 , 274.29 , 282.93 
11 , 9 , 2021 , 295.77 , 281.63 , 285.68 , 293.18 
11 , 10 , 2021 , 298.48 , 278.79 , 290.56 , 281.56 
11 , 11 , 2021 , 288.60 , 280.72 , 285.44 , 280.92 
11 , 12 , 2021 , 289.53 , 281.51 , 283.96 , 284.30 
11 , 15 , 2021 , 272.37 , 247.75 , 270.86 , 254.15 
11 , 16 , 2021 , 262.88 , 253.99 , 255.31 , 262.51 
11 , 17 , 2021 , 270.58 , 262.39 , 265.39 , 269.78 
11 , 18 , 2021 , 274.98 , 264.56 , 270.42 , 264.72 
11 , 19 , 2021 , 269.66 , 256.91 , 269.40 , 257.63 
11 , 22 , 2021 , 253.33 , 235.10 , 252.76 , 239.64 
11 , 23 , 2021 , 236.77 , 224.05 , 231.00 , 230.58 
11 , 24 , 2021 , 232.06 , 222.62 , 229.64 , 230.77 
11 , 26 , 2021 , 236.30 , 227.86 , 235.72 , 232.64 
11 , 29 , 2021 , 235.69 , 221.03 , 235.63 , 224.57 
11 , 30 , 2021 , 229.04 , 216.49 , 226.83 , 217.14 
12 , 1 , 2021 , 225.60 , 199.18 , 220.69 , 201.50 
12 , 2 , 2021 , 212.60 , 201.19 , 207.98 , 209.35 
12 , 3 , 2021 , 213.26 , 188.43 , 212.84 , 197.05 
12 , 6 , 2021 , 196.00 , 185.71 , 190.05 , 194.71 
12 , 7 , 2021 , 208.11 , 200.62 , 200.62 , 204.32 
12 , 8 , 2021 , 211.00 , 200.05 , 205.61 , 209.18 
12 , 9 , 2021 , 213.40 , 199.40 , 209.96 , 201.27 
12 , 10 , 2021 , 205.50 , 196.50 , 201.75 , 198.60 
12 , 13 , 2021 , 204.17 , 194.32 , 198.59 , 198.68 
12 , 14 , 2021 , 200.62 , 192.00 , 197.01 , 198.71 
12 , 15 , 2021 , 212.20 , 194.75 , 198.50 , 210.71 
12 , 16 , 2021 , 212.29 , 196.92 , 211.70 , 200.28 
12 , 17 , 2021 , 206.85 , 193.20 , 196.21 , 205.10 
12 , 20 , 2021 , 209.79 , 200.00 , 201.66 , 206.29 
12 , 21 , 2021 , 210.81 , 200.03 , 207.33 , 210.31 
12 , 22 , 2021 , 210.50 , 204.31 , 205.48 , 207.60 
12 , 23 , 2021 , 213.00 , 204.65 , 207.60 , 211.52 
12 , 27 , 2021 , 217.11 , 209.15 , 212.97 , 209.64 
12 , 28 , 2021 , 210.87 , 206.28 , 210.00 , 207.23 
12 , 29 , 2021 , 207.43 , 201.35 , 206.69 , 206.87 
12 , 30 , 2021 , 213.59 , 206.00 , 207.00 , 208.95 
12 , 31 , 2021 , 208.98 , 204.57 , 208.95 , 204.75 
1 , 3 , 2022 , 205.58 , 193.51 , 205.32 , 198.33 
1 , 4 , 2022 , 197.45 , 183.32 , 195.89 , 189.19 
1 , 5 , 2022 , 191.36 , 178.99 , 185.00 , 179.29 
1 , 6 , 2022 , 192.17 , 176.25 , 180.25 , 187.49 
1 , 7 , 2022 , 193.27 , 184.81 , 185.00 , 188.99 
1 , 10 , 2022 , 193.18 , 174.87 , 182.61 , 192.50 
1 , 11 , 2022 , 198.50 , 188.74 , 189.61 , 196.11 
1 , 12 , 2022 , 200.68 , 185.70 , 196.61 , 187.97 
1 , 13 , 2022 , 188.49 , 173.53 , 188.15 , 174.90 
1 , 14 , 2022 , 181.50 , 172.17 , 173.87 , 176.70 
1 , 18 , 2022 , 183.88 , 170.05 , 172.80 , 172.85 
1 , 19 , 2022 , 181.89 , 171.52 , 171.71 , 175.71 
1 , 20 , 2022 , 182.50 , 173.34 , 177.33 , 173.89 
1 , 21 , 2022 , 173.25 , 163.11 , 171.88 , 164.73 
1 , 24 , 2022 , 168.22 , 150.02 , 157.77 , 167.27 
1 , 25 , 2022 , 168.95 , 157.50 , 167.00 , 158.59 
1 , 26 , 2022 , 171.24 , 159.27 , 162.26 , 160.94 
1 , 27 , 2022 , 167.77 , 158.36 , 164.55 , 159.81 
1 , 28 , 2022 , 169.17 , 156.12 , 160.60 , 168.90 
1 , 31 , 2022 , 180.88 , 170.24 , 170.70 , 180.64 
2 , 1 , 2022 , 182.91 , 176.24 , 182.01 , 182.15 
2 , 2 , 2022 , 185.00 , 174.08 , 183.00 , 177.04 
2 , 3 , 2022 , 175.80 , 169.52 , 171.97 , 170.63 
2 , 4 , 2022 , 178.64 , 169.00 , 170.89 , 177.21 
2 , 7 , 2022 , 183.19 , 176.36 , 176.80 , 178.84 
2 , 8 , 2022 , 184.12 , 175.83 , 175.98 , 178.90 
2 , 9 , 2022 , 187.00 , 181.01 , 182.10 , 186.90 
2 , 10 , 2022 , 193.48 , 182.22 , 183.64 , 187.88 
2 , 11 , 2022 , 191.25 , 178.61 , 188.49 , 181.86 
2 , 14 , 2022 , 186.62 , 179.91 , 180.06 , 180.60 
2 , 15 , 2022 , 189.50 , 182.41 , 185.10 , 189.30 
2 , 16 , 2022 , 186.61 , 180.34 , 186.24 , 183.28 
2 , 17 , 2022 , 181.88 , 168.96 , 181.86 , 169.85 
2 , 18 , 2022 , 170.98 , 164.12 , 169.06 , 164.93 
2 , 22 , 2022 , 170.88 , 161.48 , 161.50 , 166.71 
2 , 23 , 2022 , 171.60 , 161.64 , 170.62 , 161.83 
2 , 24 , 2022 , 184.33 , 153.50 , 153.50 , 182.88 
2 , 25 , 2022 , 183.70 , 174.26 , 182.51 , 181.75 
2 , 28 , 2022 , 197.25 , 186.73 , 187.35 , 195.21 
3 , 1 , 2022 , 205.68 , 195.85 , 201.33 , 197.64 
3 , 2 , 2022 , 203.37 , 190.27 , 198.96 , 201.75 
3 , 3 , 2022 , 204.80 , 189.08 , 200.00 , 191.02 
3 , 4 , 2022 , 193.86 , 177.28 , 193.76 , 179.03 
3 , 7 , 2022 , 182.46 , 165.59 , 180.99 , 167.40 
3 , 8 , 2022 , 165.01 , 155.36 , 165.00 , 156.77 
3 , 9 , 2022 , 171.08 , 157.67 , 161.31 , 169.79 
3 , 10 , 2022 , 198.67 , 182.55 , 187.90 , 191.02 
3 , 11 , 2022 , 197.00 , 189.50 , 191.12 , 190.54 
3 , 14 , 2022 , 191.92 , 178.00 , 188.01 , 183.12 
3 , 15 , 2022 , 189.04 , 178.16 , 183.50 , 188.64 
3 , 16 , 2022 , 197.82 , 181.28 , 191.59 , 189.66 
3 , 17 , 2022 , 205.11 , 186.52 , 189.28 , 204.13 
3 , 18 , 2022 , 209.67 , 200.75 , 201.60 , 208.06 
3 , 21 , 2022 , 205.49 , 195.50 , 203.00 , 204.13 
3 , 22 , 2022 , 219.75 , 204.01 , 204.20 , 217.06 
3 , 23 , 2022 , 223.98 , 210.57 , 213.25 , 219.48 
3 , 24 , 2022 , 223.49 , 215.20 , 220.00 , 223.40 
3 , 25 , 2022 , 225.75 , 216.70 , 225.00 , 221.95 
3 , 28 , 2022 , 225.75 , 216.91 , 220.15 , 222.12 
3 , 29 , 2022 , 225.44 , 213.55 , 224.45 , 223.01 
3 , 30 , 2022 , 231.50 , 218.38 , 220.74 , 224.96 
3 , 31 , 2022 , 232.35 , 223.03 , 225.05 , 227.08 
4 , 1 , 2022 , 232.86 , 224.53 , 226.27 , 227.85 
4 , 4 , 2022 , 230.07 , 225.60 , 228.67 , 229.03 
4 , 5 , 2022 , 230.37 , 217.89 , 229.99 , 219.96 
4 , 6 , 2022 , 215.59 , 207.20 , 214.02 , 211.22 
4 , 7 , 2022 , 221.50 , 210.28 , 210.78 , 217.03 
4 , 8 , 2022 , 227.70 , 215.20 , 221.50 , 218.21 
4 , 11 , 2022 , 219.99 , 208.44 , 213.77 , 216.60 
4 , 12 , 2022 , 236.18 , 222.33 , 227.35 , 223.51 
4 , 13 , 2022 , 242.00 , 223.75 , 224.32 , 239.86 
4 , 14 , 2022 , 239.55 , 235.06 , 238.02 , 235.22 
4 , 18 , 2022 , 234.50 , 222.16 , 234.00 , 224.99 
4 , 19 , 2022 , 230.76 , 222.30 , 224.75 , 228.66 
4 , 20 , 2022 , 232.00 , 217.50 , 229.32 , 222.49 
4 , 21 , 2022 , 227.20 , 207.82 , 223.81 , 209.85 
4 , 22 , 2022 , 214.17 , 203.68 , 209.00 , 205.62 
4 , 25 , 2022 , 216.50 , 202.02 , 202.84 , 214.58 
4 , 26 , 2022 , 212.85 , 201.07 , 211.74 , 201.40 
4 , 27 , 2022 , 206.96 , 198.14 , 200.09 , 201.06 
4 , 28 , 2022 , 209.97 , 198.57 , 202.81 , 207.06 
4 , 29 , 2022 , 212.19 , 197.80 , 206.61 , 198.76 
5 , 2 , 2022 , 204.50 , 196.57 , 198.50 , 203.65 
5 , 3 , 2022 , 207.83 , 195.11 , 203.65 , 199.40 
5 , 4 , 2022 , 200.70 , 181.39 , 200.36 , 200.39 
5 , 5 , 2022 , 199.04 , 177.17 , 198.86 , 180.98 
5 , 6 , 2022 , 178.89 , 160.74 , 178.67 , 164.81 
5 , 9 , 2022 , 160.60 , 142.06 , 159.01 , 143.69 
5 , 10 , 2022 , 154.27 , 139.71 , 150.67 , 151.88 
5 , 11 , 2022 , 152.75 , 136.82 , 148.32 , 137.40 
5 , 12 , 2022 , 145.00 , 130.00 , 134.20 , 139.81 
5 , 13 , 2022 , 157.76 , 143.06 , 143.06 , 156.29 
5 , 16 , 2022 , 157.68 , 144.82 , 153.84 , 146.39 
5 , 17 , 2022 , 154.87 , 140.80 , 151.33 , 147.27 
5 , 18 , 2022 , 148.42 , 136.36 , 144.18 , 138.50 
5 , 19 , 2022 , 148.79 , 136.68 , 138.60 , 142.64 
5 , 20 , 2022 , 156.71 , 142.05 , 151.78 , 148.74 
5 , 23 , 2022 , 153.97 , 144.87 , 147.76 , 149.27 
5 , 24 , 2022 , 148.38 , 137.05 , 146.69 , 139.87 
5 , 25 , 2022 , 148.82 , 137.70 , 138.83 , 146.64 
5 , 26 , 2022 , 160.25 , 145.26 , 145.70 , 155.84 
5 , 27 , 2022 , 167.36 , 158.67 , 158.89 , 166.82 
5 , 31 , 2022 , 170.56 , 158.05 , 167.57 , 159.99 
6 , 1 , 2022 , 168.00 , 158.35 , 163.01 , 161.45 
6 , 2 , 2022 , 176.56 , 160.99 , 161.00 , 174.02 
6 , 3 , 2022 , 170.82 , 160.69 , 165.86 , 162.10 
6 , 6 , 2022 , 171.35 , 162.71 , 167.48 , 168.97 
6 , 7 , 2022 , 181.89 , 165.84 , 166.10 , 176.68 
6 , 8 , 2022 , 180.47 , 175.05 , 176.00 , 178.84 
6 , 9 , 2022 , 179.58 , 173.41 , 176.50 , 173.55 
6 , 10 , 2022 , 170.50 , 165.08 , 168.13 , 169.32 
6 , 13 , 2022 , 160.88 , 150.63 , 158.71 , 154.52 
6 , 14 , 2022 , 162.25 , 153.54 , 156.00 , 159.26 
6 , 15 , 2022 , 167.50 , 159.27 , 161.33 , 164.35 
6 , 16 , 2022 , 161.45 , 153.76 , 157.04 , 157.21 
6 , 17 , 2022 , 165.51 , 157.93 , 158.50 , 163.90 
6 , 21 , 2022 , 170.85 , 163.08 , 165.00 , 164.64 
6 , 22 , 2022 , 171.67 , 161.90 , 162.61 , 165.71 
6 , 23 , 2022 , 176.60 , 166.65 , 168.59 , 174.90 
6 , 24 , 2022 , 188.68 , 177.29 , 177.99 , 184.99 
6 , 27 , 2022 , 185.64 , 177.33 , 185.02 , 181.93 
6 , 28 , 2022 , 183.93 , 171.71 , 181.44 , 174.19 
6 , 29 , 2022 , 177.86 , 171.72 , 174.38 , 175.94 
6 , 30 , 2022 , 174.80 , 163.55 , 173.62 , 168.56 
7 , 1 , 2022 , 179.63 , 167.47 , 168.24 , 179.25 
7 , 5 , 2022 , 188.97 , 175.72 , 179.20 , 187.02 
7 , 6 , 2022 , 190.70 , 183.07 , 188.29 , 185.92 
7 , 7 , 2022 , 192.82 , 185.32 , 185.32 , 190.20 
7 , 8 , 2022 , 194.85 , 184.10 , 185.00 , 190.38 
7 , 11 , 2022 , 188.38 , 181.05 , 188.00 , 185.37 
7 , 12 , 2022 , 190.21 , 172.90 , 186.90 , 174.39 
7 , 13 , 2022 , 178.74 , 168.34 , 169.98 , 174.97 
7 , 14 , 2022 , 174.67 , 167.65 , 172.34 , 172.75 
7 , 15 , 2022 , 179.22 , 171.13 , 174.07 , 177.90 
7 , 18 , 2022 , 183.52 , 176.71 , 183.52 , 177.25 
7 , 19 , 2022 , 180.71 , 174.50 , 180.35 , 180.55 
7 , 20 , 2022 , 187.54 , 181.03 , 182.98 , 184.30 
7 , 21 , 2022 , 189.24 , 181.61 , 183.55 , 189.00 
7 , 22 , 2022 , 193.92 , 181.00 , 190.00 , 183.53 
7 , 25 , 2022 , 184.08 , 178.43 , 182.80 , 182.62 
7 , 26 , 2022 , 182.61 , 168.10 , 182.17 , 169.17 
7 , 27 , 2022 , 178.71 , 171.50 , 175.30 , 176.96 
7 , 28 , 2022 , 182.55 , 174.75 , 176.78 , 182.09 
7 , 29 , 2022 , 184.00 , 178.06 , 182.91 , 183.60 
8 , 1 , 2022 , 187.65 , 178.99 , 180.78 , 183.30 
8 , 2 , 2022 , 189.64 , 179.52 , 180.52 , 188.14 
8 , 3 , 2022 , 197.14 , 190.80 , 191.07 , 195.32 
8 , 4 , 2022 , 192.00 , 182.45 , 191.31 , 189.24 
8 , 5 , 2022 , 192.61 , 184.82 , 186.00 , 191.17 
8 , 8 , 2022 , 197.48 , 188.91 , 193.69 , 189.52 
8 , 9 , 2022 , 190.00 , 184.82 , 188.16 , 186.78 
8 , 10 , 2022 , 201.74 , 193.33 , 193.34 , 200.80 
8 , 11 , 2022 , 205.73 , 196.07 , 204.00 , 198.06 
8 , 12 , 2022 , 203.00 , 199.03 , 203.00 , 200.87 
8 , 15 , 2022 , 202.90 , 196.21 , 199.26 , 201.82 
8 , 16 , 2022 , 201.07 , 195.78 , 200.00 , 200.41 
8 , 17 , 2022 , 198.51 , 194.27 , 196.40 , 196.89 
8 , 18 , 2022 , 197.25 , 193.81 , 195.33 , 195.76 
8 , 19 , 2022 , 193.50 , 188.55 , 192.74 , 190.52 
8 , 22 , 2022 , 188.65 , 184.00 , 186.36 , 185.88 
8 , 23 , 2022 , 193.89 , 190.09 , 191.46 , 192.36 
8 , 24 , 2022 , 199.41 , 194.59 , 196.20 , 194.62 
8 , 25 , 2022 , 203.67 , 197.54 , 199.30 , 202.94 
8 , 26 , 2022 , 202.70 , 194.52 , 202.64 , 194.56 
8 , 29 , 2022 , 197.19 , 190.69 , 191.01 , 192.05 
8 , 30 , 2022 , 198.14 , 189.12 , 196.32 , 193.30 
8 , 31 , 2022 , 197.94 , 178.39 , 197.21 , 182.61 
9 , 1 , 2022 , 180.00 , 169.08 , 178.45 , 172.97 
9 , 2 , 2022 , 177.13 , 170.91 , 174.28 , 172.45 
9 , 6 , 2022 , 172.69 , 168.62 , 172.45 , 171.15 
9 , 7 , 2022 , 173.09 , 166.80 , 170.69 , 171.96 
9 , 8 , 2022 , 179.88 , 169.16 , 170.17 , 179.88 
9 , 9 , 2022 , 191.52 , 183.71 , 183.74 , 190.86 
9 , 12 , 2022 , 195.29 , 191.25 , 191.28 , 195.10 
9 , 13 , 2022 , 189.80 , 183.00 , 186.63 , 184.70 
9 , 14 , 2022 , 185.49 , 181.50 , 184.70 , 184.11 
9 , 15 , 2022 , 185.14 , 177.88 , 181.82 , 178.86 
9 , 16 , 2022 , 175.20 , 169.39 , 174.15 , 171.01 
9 , 19 , 2022 , 175.85 , 170.00 , 170.22 , 175.39 
9 , 20 , 2022 , 175.95 , 172.62 , 173.80 , 173.87 
9 , 21 , 2022 , 176.85 , 169.24 , 173.67 , 169.25 
9 , 22 , 2022 , 169.13 , 159.67 , 167.04 , 161.28 
9 , 23 , 2022 , 161.65 , 157.06 , 159.32 , 160.39 
9 , 26 , 2022 , 165.80 , 159.14 , 159.99 , 159.35 
9 , 27 , 2022 , 165.12 , 160.16 , 163.95 , 162.58 
9 , 28 , 2022 , 167.90 , 162.57 , 164.11 , 167.25 
9 , 29 , 2022 , 166.24 , 160.89 , 163.48 , 165.70 
9 , 30 , 2022 , 171.61 , 164.60 , 166.15 , 164.81 
10 , 3 , 2022 , 170.69 , 163.89 , 166.63 , 169.31 
10 , 4 , 2022 , 178.69 , 173.00 , 174.58 , 175.07 
10 , 5 , 2022 , 178.34 , 170.35 , 171.01 , 176.70 
10 , 6 , 2022 , 181.84 , 176.63 , 178.42 , 178.39 
10 , 7 , 2022 , 175.22 , 170.33 , 174.44 , 171.88 
10 , 10 , 2022 , 172.46 , 160.29 , 171.74 , 161.08 
10 , 11 , 2022 , 160.50 , 151.75 , 158.72 , 155.79 
10 , 12 , 2022 , 155.78 , 149.50 , 154.32 , 152.99 
10 , 13 , 2022 , 155.43 , 142.36 , 145.45 , 152.60 
10 , 14 , 2022 , 156.54 , 145.83 , 155.75 , 145.98 
10 , 17 , 2022 , 154.04 , 148.00 , 149.35 , 151.61 
10 , 18 , 2022 , 161.50 , 154.80 , 157.26 , 156.88 
10 , 19 , 2022 , 157.01 , 151.41 , 155.41 , 152.54 
10 , 20 , 2022 , 158.45 , 152.10 , 152.10 , 153.88 
10 , 21 , 2022 , 157.05 , 148.59 , 152.49 , 156.32 
10 , 24 , 2022 , 158.70 , 154.22 , 158.11 , 157.97 
10 , 25 , 2022 , 164.67 , 159.21 , 159.22 , 162.11 
10 , 26 , 2022 , 167.36 , 156.79 , 158.00 , 161.77 
10 , 27 , 2022 , 168.13 , 162.05 , 164.75 , 164.73 
10 , 28 , 2022 , 164.98 , 158.86 , 162.55 , 163.65 
10 , 31 , 2022 , 164.81 , 159.60 , 161.62 , 161.20 
11 , 1 , 2022 , 168.48 , 159.54 , 165.00 , 160.53 
11 , 2 , 2022 , 161.17 , 147.94 , 161.00 , 147.99 
11 , 3 , 2022 , 146.14 , 139.67 , 146.14 , 141.53 
11 , 4 , 2022 , 141.17 , 126.42 , 140.96 , 127.56 
11 , 7 , 2022 , 129.90 , 122.90 , 129.83 , 124.68 
11 , 8 , 2022 , 129.83 , 120.50 , 126.00 , 127.00 
11 , 9 , 2022 , 124.62 , 120.50 , 124.55 , 122.36 
11 , 10 , 2022 , 136.10 , 130.68 , 132.49 , 135.76 
11 , 11 , 2022 , 144.83 , 135.34 , 136.75 , 143.12 
11 , 14 , 2022 , 144.13 , 138.29 , 141.55 , 142.01 
11 , 15 , 2022 , 151.43 , 146.03 , 148.99 , 148.30 
11 , 16 , 2022 , 147.63 , 142.09 , 146.71 , 143.65 
11 , 17 , 2022 , 141.37 , 137.87 , 139.62 , 139.23 
11 , 18 , 2022 , 146.72 , 137.20 , 146.51 , 138.99 
11 , 21 , 2022 , 137.51 , 134.38 , 137.11 , 135.56 
11 , 22 , 2022 , 136.31 , 132.48 , 135.82 , 135.80 
11 , 23 , 2022 , 141.62 , 133.84 , 135.58 , 140.89 
11 , 25 , 2022 , 141.37 , 138.52 , 139.85 , 140.05 
11 , 28 , 2022 , 141.00 , 136.66 , 139.68 , 139.45 
11 , 29 , 2022 , 140.32 , 136.25 , 140.00 , 138.00 
11 , 30 , 2022 , 117.81 , 108.89 , 112.29 , 117.65 
12 , 1 , 2022 , 124.92 , 118.57 , 118.64 , 124.07 
12 , 2 , 2022 , 125.55 , 120.73 , 121.75 , 124.00 
12 , 5 , 2022 , 124.41 , 116.69 , 122.46 , 118.33 
12 , 6 , 2022 , 118.80 , 112.99 , 118.34 , 113.83 
12 , 7 , 2022 , 114.99 , 110.33 , 114.33 , 113.20 
12 , 8 , 2022 , 116.37 , 111.75 , 113.53 , 114.24 
12 , 9 , 2022 , 117.00 , 112.95 , 113.76 , 115.08 
12 , 12 , 2022 , 118.58 , 114.40 , 114.76 , 118.54 
12 , 13 , 2022 , 125.52 , 118.43 , 124.23 , 120.99 
12 , 14 , 2022 , 123.80 , 118.80 , 121.00 , 120.57 
12 , 15 , 2022 , 121.09 , 114.67 , 118.90 , 114.99 
12 , 16 , 2022 , 114.92 , 110.76 , 114.00 , 111.50 
12 , 19 , 2022 , 111.29 , 107.58 , 110.82 , 108.09 
12 , 20 , 2022 , 110.48 , 106.03 , 107.05 , 109.83 
12 , 21 , 2022 , 109.12 , 104.35 , 108.84 , 107.35 
12 , 22 , 2022 , 105.67 , 101.87 , 104.75 , 103.97 
12 , 23 , 2022 , 103.28 , 100.95 , 103.00 , 101.99 
12 , 27 , 2022 , 102.32 , 99.31 , 101.07 , 100.66 
12 , 28 , 2022 , 101.68 , 98.70 , 99.60 , 99.96 
12 , 29 , 2022 , 105.51 , 100.47 , 101.43 , 104.57 
12 , 30 , 2022 , 106.19 , 102.99 , 103.50 , 105.29 
1 , 3 , 2023 , 108.46 , 101.72 , 107.50 , 103.28 
1 , 4 , 2023 , 106.89 , 102.54 , 104.77 , 104.37 
1 , 5 , 2023 , 98.01 , 94.52 , 98.00 , 94.89 
1 , 6 , 2023 , 95.96 , 92.26 , 94.39 , 94.72 
1 , 9 , 2023 , 99.80 , 95.80 , 97.04 , 96.57 
1 , 10 , 2023 , 96.03 , 92.25 , 94.72 , 95.67 
1 , 11 , 2023 , 98.50 , 94.88 , 96.92 , 97.00 
1 , 12 , 2023 , 98.05 , 92.71 , 97.06 , 97.98 
1 , 13 , 2023 , 99.93 , 96.13 , 96.43 , 99.53 
1 , 17 , 2023 , 105.76 , 98.13 , 100.40 , 104.43 
1 , 18 , 2023 , 107.40 , 100.90 , 106.67 , 101.00 
1 , 19 , 2023 , 101.79 , 98.20 , 99.31 , 99.85 
1 , 20 , 2023 , 103.76 , 99.57 , 100.32 , 103.41 
1 , 23 , 2023 , 106.35 , 102.00 , 102.07 , 106.30 
1 , 24 , 2023 , 109.01 , 104.14 , 107.16 , 104.60 
1 , 25 , 2023 , 101.94 , 97.26 , 101.72 , 100.82 
1 , 26 , 2023 , 104.55 , 100.88 , 102.63 , 104.47 
1 , 27 , 2023 , 105.84 , 102.52 , 103.61 , 104.35 
1 , 30 , 2023 , 103.58 , 100.88 , 102.98 , 101.37 
1 , 31 , 2023 , 105.92 , 100.74 , 101.00 , 105.90 
2 , 1 , 2023 , 111.64 , 105.10 , 105.90 , 110.50 
2 , 2 , 2023 , 117.59 , 113.91 , 117.59 , 115.93 
2 , 3 , 2023 , 117.41 , 112.22 , 112.46 , 113.56 
2 , 6 , 2023 , 115.12 , 108.83 , 111.39 , 109.42 
2 , 7 , 2023 , 115.08 , 107.76 , 109.74 , 114.59 
2 , 8 , 2023 , 119.19 , 114.39 , 118.33 , 114.48 
2 , 9 , 2023 , 117.79 , 113.12 , 117.04 , 113.42 
2 , 10 , 2023 , 112.62 , 107.60 , 111.90 , 108.96 
2 , 13 , 2023 , 113.29 , 108.65 , 110.23 , 112.17 
2 , 14 , 2023 , 116.66 , 110.41 , 111.94 , 116.31 
2 , 15 , 2023 , 120.56 , 115.25 , 116.71 , 120.52 
2 , 16 , 2023 , 118.73 , 115.06 , 117.86 , 115.12 
2 , 17 , 2023 , 114.29 , 110.46 , 113.93 , 114.25 
2 , 21 , 2023 , 114.75 , 111.51 , 112.02 , 112.43 
2 , 22 , 2023 , 118.31 , 113.12 , 114.42 , 117.63 
2 , 23 , 2023 , 120.55 , 114.84 , 119.69 , 117.44 
2 , 24 , 2023 , 118.80 , 115.30 , 115.78 , 117.28 
2 , 27 , 2023 , 123.24 , 118.30 , 118.64 , 120.65 
2 , 28 , 2023 , 122.68 , 120.09 , 120.20 , 120.69 
3 , 1 , 2023 , 121.05 , 118.61 , 120.23 , 120.21 
3 , 2 , 2023 , 123.93 , 118.71 , 119.00 , 123.64 
3 , 3 , 2023 , 127.12 , 121.70 , 123.30 , 126.04 
3 , 6 , 2023 , 130.19 , 127.32 , 130.00 , 127.59 
3 , 7 , 2023 , 128.60 , 124.51 , 127.00 , 124.93 
3 , 8 , 2023 , 134.96 , 125.00 , 132.88 , 128.92 
3 , 9 , 2023 , 130.09 , 121.52 , 128.11 , 121.68 
3 , 10 , 2023 , 124.51 , 118.15 , 119.88 , 119.72 
3 , 13 , 2023 , 123.60 , 118.23 , 119.11 , 121.41 
3 , 14 , 2023 , 128.16 , 122.87 , 124.88 , 128.01 
3 , 15 , 2023 , 130.19 , 126.53 , 126.56 , 129.32 
3 , 16 , 2023 , 134.09 , 129.55 , 130.30 , 133.52 
3 , 17 , 2023 , 136.47 , 131.86 , 133.75 , 133.12 
3 , 20 , 2023 , 133.29 , 130.22 , 132.31 , 132.74 
3 , 21 , 2023 , 136.90 , 131.27 , 131.75 , 136.02 
3 , 22 , 2023 , 137.88 , 133.25 , 135.70 , 133.26 
3 , 23 , 2023 , 138.33 , 133.13 , 135.96 , 134.54 
3 , 24 , 2023 , 135.00 , 130.79 , 134.40 , 131.54 
3 , 27 , 2023 , 133.24 , 130.29 , 131.92 , 131.39 
3 , 28 , 2023 , 131.64 , 127.56 , 131.00 , 128.64 
3 , 29 , 2023 , 131.40 , 128.68 , 131.08 , 129.60 
3 , 30 , 2023 , 133.50 , 129.95 , 131.13 , 131.72 
3 , 31 , 2023 , 138.24 , 132.11 , 132.52 , 137.26 
4 , 3 , 2023 , 137.59 , 134.17 , 135.50 , 136.55 
4 , 4 , 2023 , 138.67 , 135.73 , 137.50 , 136.86 
4 , 5 , 2023 , 135.61 , 125.70 , 135.37 , 127.80 
4 , 6 , 2023 , 128.14 , 123.70 , 126.00 , 127.82 
4 , 10 , 2023 , 128.18 , 124.55 , 126.72 , 128.10 
4 , 11 , 2023 , 131.72 , 127.27 , 127.54 , 129.86 
4 , 12 , 2023 , 137.16 , 131.16 , 132.50 , 135.00 
4 , 13 , 2023 , 140.21 , 135.72 , 136.61 , 136.10 
4 , 14 , 2023 , 136.70 , 133.86 , 134.45 , 135.77 
4 , 17 , 2023 , 137.95 , 134.64 , 136.66 , 137.37 
4 , 18 , 2023 , 139.89 , 136.12 , 139.05 , 136.38 
4 , 19 , 2023 , 135.69 , 132.01 , 135.00 , 132.83 
4 , 20 , 2023 , 131.92 , 129.07 , 131.03 , 129.89 
4 , 21 , 2023 , 132.74 , 130.15 , 130.58 , 132.25 
4 , 24 , 2023 , 133.73 , 129.02 , 132.50 , 130.40 
4 , 25 , 2023 , 128.47 , 121.81 , 128.19 , 122.15 
4 , 26 , 2023 , 125.92 , 122.87 , 123.82 , 124.12 
4 , 27 , 2023 , 127.50 , 123.56 , 125.19 , 126.05 
4 , 28 , 2023 , 123.97 , 119.42 , 123.20 , 120.05 
5 , 1 , 2023 , 119.94 , 116.89 , 118.56 , 118.79 
5 , 2 , 2023 , 119.15 , 116.04 , 118.90 , 116.74 
5 , 3 , 2023 , 119.03 , 115.67 , 116.46 , 117.67 
5 , 4 , 2023 , 120.16 , 117.45 , 118.39 , 117.88 
5 , 5 , 2023 , 123.23 , 119.02 , 119.23 , 122.45 
5 , 8 , 2023 , 132.88 , 125.40 , 126.00 , 132.41 
5 , 9 , 2023 , 134.17 , 129.16 , 132.41 , 129.94 
5 , 10 , 2023 , 135.96 , 131.03 , 132.35 , 133.80 
5 , 11 , 2023 , 134.81 , 131.27 , 134.40 , 132.15 
5 , 12 , 2023 , 132.94 , 129.25 , 132.76 , 130.23 
5 , 15 , 2023 , 135.92 , 130.41 , 130.89 , 135.55 
5 , 16 , 2023 , 135.61 , 133.30 , 134.00 , 134.01 
5 , 17 , 2023 , 139.09 , 133.61 , 134.84 , 137.23 
5 , 18 , 2023 , 141.96 , 137.23 , 137.44 , 141.85 
5 , 19 , 2023 , 148.34 , 142.39 , 142.74 , 144.72 
5 , 22 , 2023 , 148.56 , 143.82 , 144.26 , 147.41 
5 , 23 , 2023 , 148.63 , 143.79 , 146.11 , 143.90 
5 , 24 , 2023 , 149.48 , 143.15 , 144.05 , 149.20 
5 , 25 , 2023 , 151.13 , 147.19 , 150.65 , 149.61 
5 , 26 , 2023 , 158.18 , 150.00 , 150.29 , 154.12 
5 , 30 , 2023 , 160.78 , 154.91 , 159.54 , 158.59 
5 , 31 , 2023 , 161.80 , 157.01 , 158.83 , 160.13 
6 , 1 , 2023 , 159.79 , 142.50 , 146.72 , 157.55 
6 , 2 , 2023 , 159.40 , 150.53 , 158.66 , 151.32 
6 , 5 , 2023 , 154.76 , 148.24 , 151.05 , 154.08 
6 , 6 , 2023 , 155.77 , 152.40 , 153.78 , 153.04 
6 , 7 , 2023 , 155.90 , 148.40 , 154.75 , 149.23 
6 , 8 , 2023 , 151.69 , 148.51 , 149.12 , 151.30 
6 , 9 , 2023 , 153.83 , 146.84 , 153.53 , 149.53 
6 , 12 , 2023 , 151.86 , 148.91 , 150.24 , 151.11 
6 , 13 , 2023 , 154.27 , 150.57 , 153.06 , 153.11 
6 , 14 , 2023 , 154.00 , 150.68 , 153.15 , 153.96 
6 , 15 , 2023 , 161.19 , 152.22 , 153.23 , 159.81 
6 , 16 , 2023 , 162.25 , 154.81 , 162.10 , 155.14 
6 , 20 , 2023 , 155.72 , 150.26 , 152.60 , 152.08 
6 , 21 , 2023 , 151.38 , 143.27 , 150.58 , 143.85 
6 , 22 , 2023 , 146.94 , 141.50 , 142.56 , 145.80 
6 , 23 , 2023 , 144.95 , 142.21 , 143.43 , 143.65 
6 , 26 , 2023 , 145.18 , 141.35 , 143.04 , 141.81 
6 , 27 , 2023 , 145.07 , 142.07 , 142.49 , 144.28 
6 , 28 , 2023 , 146.02 , 142.44 , 143.89 , 145.09 
6 , 29 , 2023 , 146.49 , 143.17 , 145.51 , 143.99 
6 , 30 , 2023 , 149.32 , 144.87 , 145.09 , 146.87 
7 , 3 , 2023 , 147.55 , 145.01 , 147.18 , 145.96 
7 , 5 , 2023 , 147.27 , 144.88 , 145.56 , 145.08 
7 , 6 , 2023 , 143.72 , 139.37 , 142.75 , 143.61 
7 , 7 , 2023 , 146.80 , 143.48 , 143.51 , 144.05 
7 , 10 , 2023 , 149.98 , 143.50 , 143.80 , 149.95 
7 , 11 , 2023 , 152.74 , 149.27 , 150.75 , 150.79 
7 , 12 , 2023 , 153.93 , 144.34 , 153.19 , 146.13 
7 , 13 , 2023 , 153.54 , 147.53 , 147.98 , 150.75 
7 , 14 , 2023 , 152.24 , 148.93 , 150.45 , 149.40 
7 , 17 , 2023 , 155.56 , 148.43 , 149.07 , 152.73 
7 , 18 , 2023 , 154.23 , 150.74 , 153.00 , 152.95 
7 , 19 , 2023 , 161.50 , 154.90 , 155.00 , 157.61 
7 , 20 , 2023 , 156.14 , 147.50 , 154.93 , 148.07 
7 , 21 , 2023 , 152.38 , 148.88 , 149.93 , 150.90 
7 , 24 , 2023 , 151.79 , 147.15 , 150.97 , 149.74 
7 , 25 , 2023 , 153.41 , 150.54 , 150.62 , 150.94 
7 , 26 , 2023 , 154.95 , 148.45 , 150.28 , 154.63 
7 , 27 , 2023 , 158.08 , 152.20 , 156.95 , 152.85 
7 , 28 , 2023 , 157.04 , 153.50 , 155.50 , 155.60 
7 , 31 , 2023 , 163.41 , 157.66 , 157.89 , 161.66 
8 , 1 , 2023 , 166.99 , 159.02 , 161.00 , 165.96 
8 , 2 , 2023 , 161.60 , 152.56 , 161.51 , 154.73 
8 , 3 , 2023 , 158.50 , 153.23 , 154.00 , 157.55 
8 , 4 , 2023 , 155.99 , 148.63 , 155.23 , 150.49 
8 , 7 , 2023 , 152.05 , 147.80 , 151.26 , 150.97 
8 , 8 , 2023 , 147.71 , 142.89 , 147.17 , 145.88 
8 , 9 , 2023 , 147.11 , 144.25 , 145.11 , 145.46 
8 , 10 , 2023 , 150.99 , 146.63 , 147.35 , 147.86 
8 , 11 , 2023 , 150.08 , 146.86 , 147.22 , 148.22 
8 , 14 , 2023 , 152.55 , 146.58 , 147.35 , 152.37 
8 , 15 , 2023 , 151.68 , 149.06 , 150.52 , 149.63 
8 , 16 , 2023 , 151.34 , 147.76 , 149.00 , 149.00 
8 , 17 , 2023 , 149.00 , 143.91 , 149.00 , 144.38 
8 , 18 , 2023 , 147.30 , 140.52 , 141.66 , 146.80 
8 , 21 , 2023 , 155.12 , 150.51 , 150.76 , 153.90 
8 , 22 , 2023 , 155.00 , 151.61 , 154.34 , 152.33 
8 , 23 , 2023 , 155.44 , 151.57 , 153.48 , 153.81 
8 , 24 , 2023 , 155.55 , 145.29 , 155.55 , 145.45 
8 , 25 , 2023 , 150.44 , 144.70 , 145.44 , 149.58 
8 , 28 , 2023 , 147.99 , 142.36 , 146.02 , 144.03 
8 , 29 , 2023 , 148.41 , 141.97 , 142.93 , 146.70 
8 , 30 , 2023 , 150.17 , 145.38 , 147.00 , 149.18 
8 , 31 , 2023 , 164.41 , 153.58 , 154.11 , 163.03 
9 , 1 , 2023 , 166.25 , 160.31 , 163.12 , 161.23 
9 , 5 , 2023 , 165.59 , 160.10 , 161.03 , 165.43 
9 , 6 , 2023 , 168.23 , 164.05 , 164.99 , 166.23 
9 , 7 , 2023 , 167.95 , 163.20 , 164.40 , 166.64 
9 , 8 , 2023 , 169.23 , 166.00 , 166.48 , 168.09 
9 , 11 , 2023 , 172.64 , 168.67 , 169.50 , 172.29 
9 , 12 , 2023 , 172.35 , 168.28 , 170.44 , 169.68 
9 , 13 , 2023 , 170.78 , 168.33 , 169.52 , 168.47 
9 , 14 , 2023 , 171.80 , 168.57 , 169.35 , 170.73 
9 , 15 , 2023 , 168.21 , 163.44 , 166.12 , 165.45 
9 , 18 , 2023 , 168.60 , 164.00 , 164.98 , 166.97 
9 , 19 , 2023 , 167.62 , 162.89 , 166.95 , 165.50 
9 , 20 , 2023 , 168.57 , 163.88 , 165.50 , 163.89 
9 , 21 , 2023 , 171.00 , 159.36 , 168.19 , 162.53 
9 , 22 , 2023 , 166.59 , 162.01 , 162.64 , 162.57 
9 , 25 , 2023 , 162.00 , 159.25 , 161.90 , 159.92 
9 , 26 , 2023 , 161.00 , 157.59 , 158.11 , 160.48 
9 , 27 , 2023 , 164.69 , 160.67 , 161.03 , 163.04 
9 , 28 , 2023 , 166.14 , 161.43 , 162.29 , 165.25 
9 , 29 , 2023 , 169.52 , 166.97 , 167.53 , 167.38 
10 , 2 , 2023 , 172.01 , 167.07 , 168.00 , 169.54 
10 , 3 , 2023 , 169.00 , 160.86 , 167.31 , 162.03 
10 , 4 , 2023 , 165.05 , 162.19 , 163.62 , 164.05 
10 , 5 , 2023 , 166.11 , 160.92 , 164.07 , 165.29 
10 , 6 , 2023 , 176.94 , 163.00 , 163.51 , 176.69 
10 , 9 , 2023 , 185.25 , 176.10 , 176.50 , 181.82 
10 , 10 , 2023 , 185.20 , 180.76 , 181.52 , 183.85 
10 , 11 , 2023 , 188.66 , 183.30 , 183.85 , 188.22 
10 , 12 , 2023 , 190.36 , 184.88 , 188.22 , 187.56 
10 , 13 , 2023 , 189.33 , 185.39 , 187.56 , 185.72 
10 , 16 , 2023 , 189.58 , 183.35 , 185.53 , 187.67 
10 , 17 , 2023 , 190.28 , 185.20 , 185.99 , 187.14 
10 , 18 , 2023 , 189.38 , 185.97 , 186.22 , 187.79 
10 , 19 , 2023 , 191.99 , 183.96 , 191.75 , 184.52 
10 , 20 , 2023 , 183.60 , 176.30 , 183.00 , 178.76 
10 , 23 , 2023 , 181.17 , 173.29 , 176.00 , 179.08 
10 , 24 , 2023 , 184.16 , 179.05 , 181.00 , 182.82 
10 , 25 , 2023 , 181.98 , 175.12 , 181.19 , 175.38 
10 , 26 , 2023 , 178.45 , 170.17 , 176.12 , 171.64 
10 , 27 , 2023 , 175.70 , 171.22 , 174.22 , 172.82 
10 , 30 , 2023 , 175.73 , 171.68 , 174.60 , 174.61 
10 , 31 , 2023 , 177.59 , 172.58 , 175.17 , 176.77 
11 , 1 , 2023 , 179.63 , 174.81 , 178.12 , 178.35 
11 , 2 , 2023 , 184.67 , 179.71 , 180.89 , 182.80 
11 , 3 , 2023 , 188.74 , 178.35 , 182.67 , 188.24 
11 , 6 , 2023 , 189.50 , 183.60 , 188.98 , 186.78 
11 , 7 , 2023 , 194.83 , 189.45 , 191.15 , 192.36 
11 , 8 , 2023 , 194.78 , 191.21 , 192.51 , 193.83 
11 , 9 , 2023 , 194.18 , 189.12 , 193.44 , 190.76 
11 , 10 , 2023 , 196.95 , 190.20 , 192.37 , 196.31 
11 , 13 , 2023 , 201.55 , 197.17 , 198.00 , 200.96 
11 , 14 , 2023 , 209.07 , 203.50 , 205.00 , 207.97 
11 , 15 , 2023 , 210.09 , 202.67 , 208.71 , 204.29 
11 , 16 , 2023 , 207.11 , 198.86 , 200.33 , 204.27 
11 , 17 , 2023 , 207.91 , 203.04 , 204.27 , 207.09 
11 , 20 , 2023 , 209.03 , 206.07 , 208.00 , 207.73 
11 , 21 , 2023 , 209.32 , 205.85 , 207.74 , 208.98 
11 , 22 , 2023 , 210.65 , 206.55 , 209.90 , 209.61 
11 , 24 , 2023 , 212.86 , 207.68 , 208.86 , 210.66 
11 , 27 , 2023 , 213.14 , 207.57 , 209.90 , 210.07 
11 , 28 , 2023 , 214.71 , 207.22 , 208.93 , 212.35 
11 , 29 , 2023 , 235.63 , 218.83 , 220.00 , 234.44 
11 , 30 , 2023 , 238.48 , 229.19 , 231.19 , 236.99 
12 , 1 , 2023 , 236.65 , 229.80 , 235.72 , 235.03 
12 , 4 , 2023 , 237.85 , 230.91 , 234.08 , 237.39 
12 , 5 , 2023 , 239.07 , 233.33 , 233.96 , 238.97 
12 , 6 , 2023 , 244.64 , 237.79 , 240.00 , 239.42 
12 , 7 , 2023 , 240.71 , 234.24 , 239.76 , 240.17 
12 , 8 , 2023 , 243.49 , 237.63 , 238.34 , 242.55 
12 , 11 , 2023 , 249.28 , 241.39 , 242.63 , 246.97 
12 , 12 , 2023 , 250.29 , 243.27 , 244.64 , 248.55 
12 , 13 , 2023 , 253.30 , 247.18 , 249.75 , 252.04 
12 , 14 , 2023 , 257.37 , 247.87 , 253.83 , 252.68 
12 , 15 , 2023 , 260.77 , 254.02 , 256.60 , 260.08 
12 , 18 , 2023 , 261.81 , 257.34 , 260.17 , 259.80 
12 , 19 , 2023 , 260.77 , 256.24 , 260.12 , 258.33 
12 , 20 , 2023 , 259.57 , 253.63 , 255.90 , 253.95 
12 , 21 , 2023 , 257.71 , 250.61 , 254.25 , 257.32 
12 , 22 , 2023 , 256.97 , 253.76 , 256.50 , 255.63 
12 , 26 , 2023 , 258.24 , 253.58 , 254.83 , 257.87 
12 , 27 , 2023 , 259.54 , 255.73 , 258.27 , 257.32 
12 , 28 , 2023 , 257.42 , 255.11 , 257.41 , 256.13 
12 , 29 , 2023 , 257.18 , 251.88 , 255.83 , 255.32 
1 , 2 , 2024 , 252.29 , 243.03 , 251.47 , 246.89 
1 , 3 , 2024 , 248.83 , 238.61 , 240.83 , 244.36 
1 , 4 , 2024 , 247.61 , 243.64 , 246.00 , 245.65 
1 , 5 , 2024 , 249.48 , 244.65 , 245.00 , 247.46 
1 , 8 , 2024 , 261.64 , 251.56 , 251.90 , 261.28 
1 , 9 , 2024 , 276.56 , 264.99 , 265.70 , 273.77 
1 , 10 , 2024 , 282.32 , 274.87 , 274.87 , 282.04 
1 , 11 , 2024 , 287.76 , 280.35 , 284.00 , 284.52 
1 , 12 , 2024 , 290.33 , 282.51 , 287.00 , 283.35 
1 , 16 , 2024 , 287.20 , 279.06 , 279.39 , 286.29 
1 , 17 , 2024 , 283.23 , 272.80 , 279.54 , 276.27 
1 , 18 , 2024 , 284.46 , 279.17 , 281.50 , 283.11 
1 , 19 , 2024 , 290.85 , 283.80 , 285.00 , 290.54 
1 , 22 , 2024 , 302.00 , 295.37 , 300.48 , 298.66 
1 , 23 , 2024 , 299.70 , 291.71 , 298.17 , 297.27 
1 , 24 , 2024 , 307.55 , 298.54 , 300.58 , 300.28 
1 , 25 , 2024 , 306.30 , 290.79 , 305.61 , 293.46 
1 , 26 , 2024 , 293.75 , 286.75 , 290.49 , 290.31 
1 , 29 , 2024 , 300.70 , 293.75 , 294.00 , 300.67 
1 , 30 , 2024 , 302.62 , 298.40 , 301.00 , 301.35 
1 , 31 , 2024 , 300.12 , 290.89 , 298.00 , 292.50 
2 , 1 , 2024 , 299.90 , 294.17 , 296.14 , 299.37 
2 , 2 , 2024 , 305.21 , 296.71 , 299.75 , 303.57 
2 , 5 , 2024 , 307.77 , 295.57 , 305.00 , 302.49 
2 , 6 , 2024 , 307.77 , 295.31 , 305.37 , 302.11 
2 , 7 , 2024 , 321.07 , 306.71 , 307.73 , 317.78 
2 , 8 , 2024 , 323.93 , 314.03 , 316.71 , 323.04 
2 , 9 , 2024 , 336.99 , 326.43 , 330.00 , 329.34 
2 , 12 , 2024 , 330.67 , 320.63 , 329.70 , 321.29 
2 , 13 , 2024 , 326.34 , 302.00 , 307.54 , 322.44 
2 , 14 , 2024 , 334.90 , 326.56 , 327.76 , 334.55 
2 , 15 , 2024 , 338.45 , 327.11 , 337.50 , 331.38 
2 , 16 , 2024 , 332.37 , 325.13 , 331.79 , 329.24 
2 , 20 , 2024 , 327.00 , 315.07 , 327.00 , 323.71 
2 , 21 , 2024 , 294.60 , 273.16 , 283.03 , 292.36 
2 , 22 , 2024 , 313.66 , 297.00 , 304.93 , 310.91 
2 , 23 , 2024 , 317.00 , 308.58 , 313.78 , 311.49 
2 , 26 , 2024 , 323.31 , 309.49 , 313.16 , 321.03 
2 , 27 , 2024 , 329.09 , 320.71 , 323.40 , 321.21 
2 , 28 , 2024 , 321.69 , 314.55 , 318.86 , 320.94 
2 , 29 , 2024 , 328.98 , 321.07 , 324.91 , 324.15 
3 , 1 , 2024 , 319.72 , 309.12 , 319.25 , 314.60 
3 , 4 , 2024 , 317.99 , 311.29 , 317.33 , 313.81 
3 , 5 , 2024 , 308.50 , 289.80 , 307.53 , 297.56 
3 , 6 , 2024 , 365.00 , 324.01 , 360.05 , 329.57 
3 , 7 , 2024 , 331.85 , 315.21 , 329.75 , 329.68 
3 , 8 , 2024 , 341.74 , 322.41 , 331.00 , 322.85 
3 , 11 , 2024 , 323.50 , 316.00 , 319.15 , 317.37 
3 , 12 , 2024 , 333.81 , 317.37 , 318.61 , 329.27 
3 , 13 , 2024 , 334.83 , 325.50 , 329.73 , 332.17 
3 , 14 , 2024 , 337.78 , 325.48 , 333.00 , 328.59 
3 , 15 , 2024 , 327.39 , 315.60 , 325.58 , 315.65 
3 , 18 , 2024 , 322.37 , 315.90 , 319.03 , 321.06 
3 , 19 , 2024 , 321.48 , 310.22 , 318.15 , 320.86 
3 , 20 , 2024 , 328.47 , 318.06 , 321.00 , 326.87 
3 , 21 , 2024 , 333.23 , 322.05 , 325.89 , 329.46 
3 , 22 , 2024 , 328.39 , 319.55 , 327.73 , 327.58 
3 , 25 , 2024 , 329.25 , 321.00 , 326.00 , 324.76 
3 , 26 , 2024 , 332.50 , 323.86 , 326.49 , 330.01 
3 , 27 , 2024 , 333.84 , 317.56 , 333.50 , 322.25 
3 , 28 , 2024 , 327.65 , 319.94 , 322.42 , 320.59 
4 , 1 , 2024 , 321.99 , 313.72 , 321.00 , 319.59 
4 , 2 , 2024 , 319.71 , 310.96 , 312.92 , 319.55 
4 , 3 , 2024 , 323.55 , 314.48 , 316.57 , 320.04 
4 , 4 , 2024 , 325.99 , 308.88 , 324.30 , 309.19 
4 , 5 , 2024 , 317.50 , 309.33 , 309.72 , 315.50 
4 , 8 , 2024 , 316.64 , 309.50 , 316.18 , 313.73 
4 , 9 , 2024 , 316.00 , 308.63 , 314.99 , 310.77 
4 , 10 , 2024 , 315.08 , 305.34 , 305.99 , 312.53 
4 , 11 , 2024 , 317.91 , 310.14 , 313.54 , 317.80 
4 , 12 , 2024 , 314.87 , 307.00 , 313.89 , 309.05 
4 , 15 , 2024 , 312.00 , 298.39 , 310.03 , 299.50 
4 , 16 , 2024 , 301.65 , 296.80 , 297.55 , 299.15 
4 , 17 , 2024 , 304.80 , 291.71 , 304.00 , 293.69 
4 , 18 , 2024 , 297.50 , 290.18 , 292.91 , 294.10 
4 , 19 , 2024 , 292.73 , 280.88 , 291.95 , 282.64 
4 , 22 , 2024 , 291.29 , 281.40 , 285.74 , 289.15 
4 , 23 , 2024 , 302.81 , 292.17 , 292.21 , 299.65 
4 , 24 , 2024 , 304.82 , 294.74 , 303.60 , 297.62 
4 , 25 , 2024 , 299.85 , 287.91 , 289.56 , 298.02 
4 , 26 , 2024 , 305.78 , 298.27 , 300.34 , 304.07 
4 , 29 , 2024 , 313.86 , 302.05 , 312.57 , 304.04 
4 , 30 , 2024 , 303.07 , 292.33 , 302.00 , 292.54 
5 , 1 , 2024 , 302.50 , 288.55 , 290.44 , 295.44 
5 , 2 , 2024 , 307.94 , 298.04 , 303.76 , 303.54 
5 , 3 , 2024 , 311.55 , 300.00 , 304.76 , 310.21 
5 , 6 , 2024 , 317.90 , 304.30 , 307.38 , 317.81 
5 , 7 , 2024 , 321.52 , 311.65 , 315.71 , 312.55 
5 , 8 , 2024 , 319.23 , 308.57 , 311.88 , 313.76 
5 , 9 , 2024 , 318.25 , 309.38 , 313.03 , 317.94 
5 , 10 , 2024 , 327.50 , 318.39 , 320.00 , 320.76 
5 , 13 , 2024 , 325.00 , 316.63 , 325.00 , 319.18 
5 , 14 , 2024 , 330.79 , 319.18 , 319.84 , 329.55 
5 , 15 , 2024 , 344.37 , 330.93 , 333.21 , 343.12 
5 , 16 , 2024 , 344.08 , 338.83 , 343.00 , 339.06 
5 , 17 , 2024 , 346.28 , 338.71 , 340.00 , 345.93 
5 , 20 , 2024 , 349.59 , 344.65 , 346.00 , 348.75 
5 , 21 , 2024 , 351.65 , 340.52 , 343.06 , 349.32 
5 , 22 , 2024 , 352.94 , 342.86 , 350.00 , 345.42 
5 , 23 , 2024 , 350.41 , 341.28 , 350.00 , 342.35 
5 , 24 , 2024 , 355.75 , 340.81 , 342.67 , 351.47 
5 , 28 , 2024 , 358.84 , 343.11 , 358.64 , 346.82 
5 , 29 , 2024 , 353.54 , 341.96 , 342.01 , 349.52 
5 , 30 , 2024 , 346.63 , 314.13 , 346.15 , 315.92 
5 , 31 , 2024 , 329.77 , 306.50 , 329.76 , 313.67 
6 , 3 , 2024 , 319.48 , 305.11 , 319.37 , 308.69 
6 , 4 , 2024 , 312.38 , 303.51 , 310.00 , 305.58 
6 , 5 , 2024 , 342.59 , 316.39 , 334.61 , 342.18 
6 , 6 , 2024 , 349.34 , 336.19 , 342.93 , 340.49 
6 , 7 , 2024 , 349.92 , 337.13 , 343.00 , 349.12 
6 , 10 , 2024 , 384.98 , 367.10 , 367.10 , 374.57 
6 , 11 , 2024 , 385.00 , 370.14 , 372.86 , 384.63 
6 , 12 , 2024 , 390.71 , 378.87 , 390.25 , 387.37 
6 , 13 , 2024 , 389.89 , 380.94 , 387.85 , 382.81 
6 , 14 , 2024 , 388.35 , 381.15 , 382.00 , 385.44 
6 , 17 , 2024 , 394.64 , 376.55 , 382.75 , 390.43 
6 , 18 , 2024 , 393.29 , 386.66 , 390.00 , 389.51 
6 , 20 , 2024 , 393.25 , 379.20 , 390.26 , 382.14 
6 , 21 , 2024 , 381.00 , 370.70 , 380.63 , 380.63 
6 , 24 , 2024 , 381.76 , 374.00 , 375.10 , 377.93 
6 , 25 , 2024 , 387.81 , 379.55 , 379.75 , 386.76 
6 , 26 , 2024 , 387.51 , 379.75 , 385.59 , 380.37 
6 , 27 , 2024 , 391.54 , 379.94 , 381.00 , 387.29 
6 , 28 , 2024 , 393.29 , 381.78 , 389.33 , 383.19 
7 , 1 , 2024 , 392.74 , 377.92 , 385.28 , 392.15 
7 , 2 , 2024 , 387.17 , 381.47 , 382.27 , 385.05 
7 , 3 , 2024 , 390.08 , 382.38 , 384.25 , 387.18 
7 , 5 , 2024 , 391.47 , 385.31 , 387.87 , 389.68 
7 , 8 , 2024 , 397.12 , 379.79 , 390.37 , 390.71 
7 , 9 , 2024 , 398.33 , 383.20 , 392.51 , 385.88 
7 , 10 , 2024 , 385.02 , 365.59 , 385.00 , 374.45 
7 , 11 , 2024 , 379.78 , 367.50 , 375.69 , 370.43 
7 , 12 , 2024 , 374.49 , 367.76 , 368.20 , 371.32 
7 , 15 , 2024 , 383.57 , 364.21 , 371.67 , 377.37 
7 , 16 , 2024 , 379.34 , 368.50 , 378.24 , 369.05 
7 , 17 , 2024 , 363.60 , 350.72 , 360.00 , 354.94 
7 , 18 , 2024 , 352.20 , 336.34 , 351.74 , 343.05 
7 , 19 , 2024 , 316.75 , 290.10 , 294.51 , 304.96 
7 , 22 , 2024 , 285.01 , 261.59 , 285.01 , 263.91 
7 , 23 , 2024 , 277.00 , 258.77 , 269.02 , 268.88 
7 , 24 , 2024 , 275.44 , 257.36 , 270.00 , 258.14 
7 , 25 , 2024 , 262.79 , 250.22 , 258.39 , 254.15 
7 , 26 , 2024 , 260.54 , 251.26 , 259.95 , 256.16 
7 , 29 , 2024 , 265.50 , 257.45 , 259.51 , 258.81 
7 , 30 , 2024 , 248.33 , 226.22 , 247.55 , 233.65 
7 , 31 , 2024 , 236.91 , 228.21 , 234.67 , 231.96 
8 , 1 , 2024 , 232.20 , 221.66 , 232.00 , 224.22 
8 , 2 , 2024 , 221.48 , 211.14 , 217.15 , 217.89 
8 , 5 , 2024 , 224.12 , 200.81 , 201.54 , 222.05 
8 , 6 , 2024 , 235.24 , 221.56 , 230.19 , 231.69 
8 , 7 , 2024 , 243.50 , 230.10 , 238.37 , 230.67 
8 , 8 , 2024 , 242.04 , 229.72 , 233.88 , 240.52 
8 , 9 , 2024 , 246.01 , 238.80 , 243.13 , 240.90 
8 , 12 , 2024 , 242.87 , 235.60 , 242.00 , 239.34 
8 , 13 , 2024 , 248.97 , 240.01 , 242.00 , 248.11 
8 , 14 , 2024 , 258.96 , 249.26 , 250.00 , 256.22 
8 , 15 , 2024 , 263.65 , 257.52 , 260.25 , 260.49 
8 , 16 , 2024 , 262.64 , 257.85 , 260.44 , 262.54 
8 , 19 , 2024 , 270.98 , 262.60 , 264.00 , 266.78 
8 , 20 , 2024 , 270.12 , 264.40 , 269.36 , 266.53 
8 , 21 , 2024 , 274.42 , 265.64 , 267.01 , 273.21 
8 , 22 , 2024 , 278.50 , 267.23 , 275.25 , 267.64 
8 , 23 , 2024 , 273.60 , 266.81 , 270.10 , 271.54 
8 , 26 , 2024 , 271.74 , 265.27 , 271.06 , 265.87 
8 , 27 , 2024 , 270.43 , 260.75 , 261.81 , 269.83 
8 , 28 , 2024 , 270.72 , 261.48 , 269.80 , 264.20 
8 , 29 , 2024 , 285.73 , 261.33 , 262.01 , 271.67 
8 , 30 , 2024 , 284.11 , 273.35 , 277.78 , 277.28 
9 , 3 , 2024 , 277.51 , 265.29 , 275.78 , 266.60 
9 , 4 , 2024 , 267.20 , 258.41 , 260.44 , 259.32 
9 , 5 , 2024 , 259.00 , 252.67 , 255.40 , 256.43 
9 , 6 , 2024 , 257.40 , 244.49 , 255.80 , 246.39 
9 , 9 , 2024 , 249.50 , 244.17 , 249.12 , 246.58 
9 , 10 , 2024 , 250.33 , 243.55 , 248.75 , 247.74 
9 , 11 , 2024 , 254.58 , 242.25 , 247.73 , 253.53 
9 , 12 , 2024 , 258.38 , 252.48 , 255.68 , 257.10 
9 , 13 , 2024 , 261.58 , 256.00 , 257.00 , 259.13 
9 , 16 , 2024 , 270.05 , 259.35 , 260.77 , 267.81 
9 , 17 , 2024 , 272.40 , 267.32 , 270.20 , 268.72 
9 , 18 , 2024 , 272.02 , 263.45 , 269.49 , 267.12 
9 , 19 , 2024 , 283.99 , 273.75 , 276.00 , 277.38 
9 , 20 , 2024 , 300.45 , 283.88 , 284.13 , 299.85 
9 , 23 , 2024 , 302.16 , 292.57 , 297.78 , 293.14 
9 , 24 , 2024 , 295.40 , 285.28 , 294.89 , 288.54 
9 , 25 , 2024 , 291.73 , 285.54 , 290.00 , 286.47 
9 , 26 , 2024 , 292.38 , 277.88 , 291.25 , 281.48 
9 , 27 , 2024 , 286.45 , 281.15 , 283.80 , 285.86 
9 , 30 , 2024 , 285.41 , 278.20 , 283.50 , 280.47 
10 , 1 , 2024 , 282.97 , 272.67 , 282.26 , 275.15 
10 , 2 , 2024 , 282.15 , 274.86 , 274.89 , 280.24 
10 , 3 , 2024 , 286.90 , 278.56 , 279.00 , 283.75 
10 , 4 , 2024 , 292.56 , 283.80 , 288.16 , 292.24 
10 , 7 , 2024 , 293.00 , 285.79 , 291.00 , 286.97 
10 , 8 , 2024 , 295.25 , 286.78 , 287.88 , 293.01 
10 , 9 , 2024 , 298.77 , 292.50 , 293.74 , 298.34 
10 , 10 , 2024 , 315.53 , 297.00 , 297.72 , 314.92 
10 , 11 , 2024 , 322.59 , 313.00 , 314.92 , 320.21 
10 , 14 , 2024 , 323.94 , 309.60 , 321.57 , 310.52 
10 , 15 , 2024 , 310.52 , 300.69 , 309.55 , 302.31 
10 , 16 , 2024 , 307.21 , 299.27 , 303.85 , 306.24 
10 , 17 , 2024 , 313.74 , 306.24 , 310.00 , 310.34 
10 , 18 , 2024 , 313.88 , 306.81 , 310.34 , 310.15 
10 , 21 , 2024 , 317.00 , 308.11 , 309.66 , 309.55 
10 , 22 , 2024 , 311.56 , 304.26 , 309.00 , 308.51 
10 , 23 , 2024 , 308.07 , 298.32 , 307.14 , 299.30 
10 , 24 , 2024 , 305.91 , 301.00 , 302.11 , 304.47 
10 , 25 , 2024 , 311.35 , 295.13 , 305.22 , 300.62 
10 , 28 , 2024 , 305.00 , 295.31 , 301.15 , 301.32 
10 , 29 , 2024 , 313.15 , 300.40 , 303.24 , 310.94 
10 , 30 , 2024 , 315.48 , 307.14 , 311.50 , 307.45 
10 , 31 , 2024 , 307.41 , 294.68 , 306.12 , 296.87 
11 , 1 , 2024 , 304.38 , 295.71 , 296.79 , 303.13 
11 , 4 , 2024 , 302.93 , 295.08 , 300.52 , 298.88 
11 , 5 , 2024 , 308.89 , 298.62 , 300.00 , 307.58 
11 , 6 , 2024 , 324.66 , 316.75 , 317.17 , 320.00 
11 , 7 , 2024 , 333.22 , 320.45 , 322.50 , 330.78 
11 , 8 , 2024 , 333.15 , 323.24 , 330.55 , 330.03 
11 , 11 , 2024 , 342.79 , 331.88 , 334.00 , 342.42 
11 , 12 , 2024 , 343.89 , 336.53 , 339.81 , 343.50 
11 , 13 , 2024 , 359.45 , 344.09 , 345.60 , 347.88 
11 , 14 , 2024 , 351.09 , 343.53 , 347.89 , 344.36 
11 , 15 , 2024 , 343.01 , 332.75 , 340.40 , 336.75 
11 , 18 , 2024 , 347.30 , 336.75 , 339.97 , 342.97 
11 , 19 , 2024 , 354.34 , 338.53 , 341.54 , 353.29 
11 , 20 , 2024 , 357.31 , 344.47 , 357.31 , 350.15 
11 , 21 , 2024 , 362.40 , 351.50 , 354.50 , 357.55 
11 , 22 , 2024 , 372.56 , 357.95 , 359.68 , 372.26 
11 , 25 , 2024 , 377.42 , 360.78 , 375.00 , 363.68 
11 , 26 , 2024 , 367.35 , 359.25 , 363.00 , 364.30 
11 , 27 , 2024 , 359.22 , 340.52 , 359.22 , 347.59 
11 , 29 , 2024 , 350.16 , 344.72 , 349.50 , 345.97 
12 , 2 , 2024 , 354.34 , 336.56 , 345.11 , 346.80 
12 , 3 , 2024 , 351.95 , 343.40 , 345.00 , 349.95 
12 , 4 , 2024 , 366.44 , 348.50 , 353.10 , 364.16 
12 , 5 , 2024 , 366.25 , 358.60 , 361.20 , 364.84 
12 , 6 , 2024 , 371.27 , 360.99 , 364.00 , 365.65 
12 , 9 , 2024 , 366.59 , 351.77 , 365.65 , 353.60 
12 , 10 , 2024 , 357.26 , 344.60 , 353.60 , 346.78 
12 , 11 , 2024 , 364.90 , 348.19 , 348.89 , 362.97 
12 , 12 , 2024 , 365.84 , 357.55 , 360.47 , 365.50 
12 , 13 , 2024 , 370.29 , 361.52 , 365.88 , 368.02 
12 , 16 , 2024 , 389.00 , 364.89 , 368.76 , 388.20 
12 , 17 , 2024 , 388.00 , 373.24 , 386.75 , 376.42 
12 , 18 , 2024 , 379.18 , 345.47 , 376.42 , 349.18 
12 , 19 , 2024 , 365.00 , 349.75 , 364.93 , 351.03 
12 , 20 , 2024 , 365.44 , 345.05 , 347.00 , 362.29 
12 , 23 , 2024 , 365.73 , 354.23 , 358.49 , 361.50 
12 , 24 , 2024 , 366.00 , 359.26 , 361.07 , 365.79 
12 , 26 , 2024 , 366.64 , 361.94 , 365.75 , 365.08 
12 , 27 , 2024 , 361.92 , 349.85 , 361.15 , 354.99 
12 , 30 , 2024 , 352.88 , 344.34 , 347.61 , 349.31 
12 , 31 , 2024 , 351.86 , 339.72 , 351.86 , 342.16 
1 , 2 , 2025 , 350.50 , 341.04 , 346.52 , 347.34 
1 , 3 , 2025 , 359.69 , 348.00 , 349.23 , 359.02 
1 , 6 , 2025 , 368.39 , 356.03 , 362.50 , 366.36 
1 , 7 , 2025 , 370.37 , 354.13 , 366.06 , 359.93 
1 , 8 , 2025 , 365.07 , 351.31 , 356.19 , 358.72 
1 , 10 , 2025 , 354.91 , 343.99 , 354.91 , 348.84 
1 , 13 , 2025 , 345.17 , 335.55 , 342.87 , 341.46 
1 , 14 , 2025 , 351.97 , 343.25 , 345.00 , 348.04 
1 , 15 , 2025 , 365.27 , 352.96 , 355.00 , 362.02 
1 , 16 , 2025 , 369.02 , 360.66 , 366.26 , 363.38 
1 , 17 , 2025 , 370.95 , 349.55 , 370.14 , 357.00 
1 , 21 , 2025 , 370.00 , 358.30 , 360.87 , 366.41 
1 , 22 , 2025 , 381.49 , 363.00 , 368.76 , 377.98 
1 , 23 , 2025 , 377.95 , 371.84 , 376.81 , 377.70 
1 , 24 , 2025 , 384.30 , 373.67 , 378.30 , 374.92 
1 , 27 , 2025 , 382.45 , 359.66 , 366.50 , 373.75 
1 , 28 , 2025 , 411.30 , 372.57 , 373.00 , 408.68 
1 , 29 , 2025 , 404.35 , 390.22 , 404.35 , 397.07 
1 , 30 , 2025 , 403.08 , 390.85 , 399.73 , 396.87 
1 , 31 , 2025 , 408.10 , 397.35 , 398.57 , 398.07 
2 , 3 , 2025 , 399.94 , 384.24 , 386.95 , 397.57 
2 , 4 , 2025 , 408.44 , 396.00 , 396.31 , 407.52 
2 , 5 , 2025 , 419.39 , 405.02 , 408.00 , 417.22 
2 , 6 , 2025 , 421.63 , 413.72 , 415.11 , 420.51 
2 , 7 , 2025 , 431.33 , 419.32 , 424.00 , 421.59 
2 , 10 , 2025 , 431.90 , 424.49 , 424.78 , 428.92 
2 , 11 , 2025 , 434.78 , 424.08 , 426.65 , 431.64 
2 , 12 , 2025 , 437.60 , 424.21 , 425.20 , 434.63 
2 , 13 , 2025 , 454.13 , 432.20 , 435.00 , 453.77 
2 , 14 , 2025 , 453.46 , 442.87 , 449.47 , 451.74 
2 , 18 , 2025 , 455.44 , 445.27 , 451.67 , 455.36 
2 , 19 , 2025 , 455.59 , 444.58 , 455.36 , 450.14 
2 , 20 , 2025 , 442.73 , 418.31 , 441.92 , 436.14 
2 , 21 , 2025 , 433.23 , 404.54 , 428.86 , 406.68 
2 , 24 , 2025 , 405.90 , 382.34 , 405.49 , 391.72 
2 , 25 , 2025 , 389.00 , 369.31 , 387.27 , 379.75 
2 , 26 , 2025 , 401.70 , 381.75 , 384.69 , 394.56 
2 , 27 , 2025 , 406.53 , 380.00 , 401.64 , 380.24 
2 , 28 , 2025 , 390.52 , 377.38 , 379.00 , 389.66 
3 , 3 , 2025 , 404.60 , 378.34 , 399.00 , 382.73 
3 , 4 , 2025 , 396.16 , 370.58 , 376.98 , 390.16 
3 , 5 , 2025 , 367.32 , 343.00 , 361.68 , 365.44 
3 , 6 , 2025 , 371.72 , 345.82 , 356.58 , 347.73 
3 , 7 , 2025 , 347.73 , 318.04 , 345.00 , 333.50 
3 , 10 , 2025 , 323.95 , 303.79 , 322.65 , 308.86 
3 , 11 , 2025 , 339.00 , 308.00 , 310.41 , 329.75 
3 , 12 , 2025 , 347.73 , 336.76 , 343.59 , 346.76 
3 , 13 , 2025 , 347.84 , 330.62 , 346.57 , 332.53 
3 , 14 , 2025 , 354.50 , 337.14 , 338.51 , 353.74 
3 , 17 , 2025 , 370.86 , 352.57 , 353.00 , 364.83 
3 , 18 , 2025 , 368.47 , 356.71 , 362.10 , 363.15 
3 , 19 , 2025 , 381.26 , 362.26 , 366.22 , 375.05 
3 , 20 , 2025 , 377.49 , 364.46 , 371.28 , 369.03 
3 , 21 , 2025 , 372.19 , 353.03 , 358.91 , 362.24 
3 , 24 , 2025 , 373.63 , 361.66 , 370.00 , 372.64 
3 , 25 , 2025 , 392.69 , 377.00 , 378.08 , 384.95 
3 , 26 , 2025 , 384.77 , 370.36 , 383.90 , 371.41 
3 , 27 , 2025 , 371.46 , 360.28 , 368.72 , 366.56 
3 , 28 , 2025 , 367.64 , 353.48 , 365.82 , 357.11 
3 , 31 , 2025 , 353.64 , 337.89 , 345.79 , 352.58 
4 , 1 , 2025 , 363.17 , 351.25 , 358.94 , 362.38 
4 , 2 , 2025 , 376.27 , 353.03 , 353.16 , 371.49 
4 , 3 , 2025 , 360.91 , 341.81 , 350.94 , 347.39 
4 , 4 , 2025 , 334.05 , 310.31 , 328.02 , 321.63 
4 , 7 , 2025 , 341.77 , 298.00 , 300.06 , 324.36 
4 , 8 , 2025 , 351.06 , 318.38 , 342.71 , 325.04 
4 , 9 , 2025 , 382.65 , 324.49 , 324.60 , 378.01 
4 , 10 , 2025 , 375.99 , 354.20 , 369.00 , 368.61 
4 , 11 , 2025 , 378.79 , 360.65 , 366.98 , 377.90 
4 , 14 , 2025 , 389.25 , 372.82 , 386.96 , 378.66 
4 , 15 , 2025 , 400.02 , 379.67 , 383.40 , 392.80 
4 , 16 , 2025 , 395.35 , 373.48 , 386.11 , 379.84 
4 , 17 , 2025 , 384.94 , 373.10 , 383.80 , 375.62 
4 , 21 , 2025 , 372.09 , 355.66 , 363.80 , 362.69 
4 , 22 , 2025 , 374.71 , 362.90 , 368.84 , 368.45 
4 , 23 , 2025 , 396.31 , 382.50 , 382.50 , 385.75 
4 , 24 , 2025 , 414.85 , 386.00 , 386.00 , 414.05 
4 , 25 , 2025 , 425.74 , 412.60 , 414.69 , 424.88 
4 , 28 , 2025 , 428.00 , 415.33 , 424.84 , 423.08 
4 , 29 , 2025 , 432.37 , 423.08 , 424.17 , 430.99 
4 , 30 , 2025 , 429.55 , 414.41 , 419.01 , 428.87 
