Month , Day , Year , High , Low , Open , Close
8 , 6 , 2019 , 30.22 , 29.47 , 30.06 , 30.05 
8 , 7 , 2019 , 30.83 , 29.43 , 29.58 , 30.64 
8 , 8 , 2019 , 31.79 , 30.67 , 30.71 , 31.61 
8 , 9 , 2019 , 32.00 , 31.22 , 31.94 , 31.63 
8 , 12 , 2019 , 31.83 , 29.51 , 31.49 , 29.59 
8 , 13 , 2019 , 30.15 , 29.19 , 29.33 , 29.60 
8 , 14 , 2019 , 29.36 , 28.28 , 29.12 , 28.34 
8 , 15 , 2019 , 29.23 , 27.93 , 28.93 , 28.42 
8 , 16 , 2019 , 30.31 , 28.56 , 28.69 , 30.24 
8 , 19 , 2019 , 30.84 , 30.25 , 30.75 , 30.57 
8 , 20 , 2019 , 30.68 , 30.09 , 30.62 , 30.26 
8 , 21 , 2019 , 30.98 , 30.28 , 30.30 , 30.58 
8 , 22 , 2019 , 30.95 , 30.21 , 30.78 , 30.29 
8 , 23 , 2019 , 30.16 , 28.81 , 29.80 , 29.05 
8 , 26 , 2019 , 29.48 , 28.67 , 29.35 , 29.02 
8 , 27 , 2019 , 29.43 , 28.54 , 29.15 , 28.73 
8 , 28 , 2019 , 29.53 , 28.31 , 28.48 , 29.17 
8 , 29 , 2019 , 30.23 , 29.52 , 29.55 , 29.71 
8 , 30 , 2019 , 30.03 , 29.26 , 30.00 , 29.32 
9 , 3 , 2019 , 29.10 , 28.00 , 28.99 , 28.23 
9 , 4 , 2019 , 28.84 , 28.17 , 28.62 , 28.43 
9 , 5 , 2019 , 28.99 , 27.95 , 28.74 , 28.46 
9 , 6 , 2019 , 28.81 , 27.89 , 28.45 , 28.39 
9 , 9 , 2019 , 28.82 , 28.02 , 28.35 , 28.75 
9 , 10 , 2019 , 29.13 , 28.14 , 28.70 , 28.56 
9 , 11 , 2019 , 29.30 , 28.11 , 28.50 , 29.27 
9 , 12 , 2019 , 30.09 , 28.90 , 29.50 , 29.90 
9 , 13 , 2019 , 30.35 , 29.90 , 30.04 , 30.12 
9 , 16 , 2019 , 30.06 , 28.84 , 30.05 , 29.40 
9 , 17 , 2019 , 29.47 , 28.96 , 29.32 , 28.98 
9 , 18 , 2019 , 29.46 , 28.75 , 28.75 , 29.15 
9 , 19 , 2019 , 29.71 , 29.06 , 29.26 , 29.14 
9 , 20 , 2019 , 29.57 , 28.85 , 29.35 , 28.92 
9 , 23 , 2019 , 29.00 , 28.45 , 28.64 , 28.88 
9 , 24 , 2019 , 28.99 , 27.96 , 28.71 , 28.24 
9 , 25 , 2019 , 28.50 , 27.77 , 28.22 , 28.20 
9 , 26 , 2019 , 28.20 , 27.49 , 28.11 , 27.64 
9 , 27 , 2019 , 28.23 , 27.31 , 27.55 , 27.80 
9 , 30 , 2019 , 28.35 , 27.76 , 27.90 , 28.00 
10 , 1 , 2019 , 28.38 , 27.23 , 28.03 , 27.55 
10 , 2 , 2019 , 27.67 , 26.62 , 27.15 , 26.94 
10 , 3 , 2019 , 27.16 , 26.51 , 26.91 , 26.88 
10 , 4 , 2019 , 27.04 , 25.80 , 27.00 , 25.89 
10 , 7 , 2019 , 26.47 , 25.73 , 26.00 , 26.00 
10 , 8 , 2019 , 26.43 , 25.59 , 25.64 , 26.22 
10 , 9 , 2019 , 26.83 , 25.74 , 26.79 , 26.17 
10 , 10 , 2019 , 26.72 , 25.71 , 26.17 , 25.73 
10 , 11 , 2019 , 27.12 , 25.99 , 26.10 , 26.66 
10 , 14 , 2019 , 26.77 , 26.20 , 26.40 , 26.33 
10 , 15 , 2019 , 27.09 , 26.07 , 26.22 , 26.70 
10 , 16 , 2019 , 27.23 , 26.29 , 26.35 , 26.87 
10 , 17 , 2019 , 27.21 , 26.66 , 27.05 , 26.77 
10 , 18 , 2019 , 26.64 , 25.64 , 26.60 , 26.04 
10 , 21 , 2019 , 26.58 , 25.43 , 26.29 , 25.50 
10 , 22 , 2019 , 26.05 , 25.23 , 25.51 , 25.98 
10 , 23 , 2019 , 26.02 , 25.22 , 25.89 , 25.61 
10 , 24 , 2019 , 26.55 , 25.50 , 25.63 , 26.37 
10 , 25 , 2019 , 26.96 , 26.24 , 26.37 , 26.73 
10 , 28 , 2019 , 27.14 , 26.60 , 26.79 , 26.77 
10 , 29 , 2019 , 27.24 , 26.42 , 26.51 , 26.78 
10 , 30 , 2019 , 27.59 , 26.91 , 27.05 , 27.48 
10 , 31 , 2019 , 27.48 , 25.25 , 26.50 , 26.38 
11 , 1 , 2019 , 26.60 , 25.51 , 26.18 , 26.18 
11 , 4 , 2019 , 26.42 , 25.65 , 26.17 , 25.74 
11 , 5 , 2019 , 26.03 , 24.76 , 25.48 , 25.66 
11 , 6 , 2019 , 26.32 , 25.72 , 25.82 , 26.13 
11 , 7 , 2019 , 26.48 , 26.12 , 26.47 , 26.15 
11 , 8 , 2019 , 26.36 , 25.91 , 26.10 , 26.20 
11 , 11 , 2019 , 26.74 , 25.69 , 26.04 , 26.74 
11 , 12 , 2019 , 27.24 , 26.53 , 26.93 , 26.72 
11 , 13 , 2019 , 26.54 , 25.46 , 26.50 , 25.72 
11 , 14 , 2019 , 26.86 , 25.71 , 25.71 , 26.38 
11 , 15 , 2019 , 26.62 , 25.44 , 26.57 , 25.48 
11 , 18 , 2019 , 25.77 , 25.36 , 25.48 , 25.48 
11 , 19 , 2019 , 25.93 , 25.31 , 25.55 , 25.70 
11 , 20 , 2019 , 25.70 , 24.92 , 25.62 , 24.98 
11 , 21 , 2019 , 25.41 , 24.93 , 24.98 , 25.11 
11 , 22 , 2019 , 25.58 , 25.03 , 25.03 , 25.54 
11 , 25 , 2019 , 26.11 , 25.65 , 25.74 , 25.93 
11 , 26 , 2019 , 26.21 , 25.70 , 25.78 , 25.88 
11 , 27 , 2019 , 26.22 , 25.68 , 25.77 , 26.05 
11 , 29 , 2019 , 26.08 , 25.55 , 25.97 , 26.02 
12 , 2 , 2019 , 26.14 , 25.04 , 26.03 , 25.18 
12 , 3 , 2019 , 24.87 , 24.30 , 24.82 , 24.65 
12 , 4 , 2019 , 25.21 , 24.62 , 24.90 , 24.84 
12 , 5 , 2019 , 25.09 , 24.10 , 24.97 , 24.82 
12 , 6 , 2019 , 25.56 , 24.94 , 25.00 , 25.26 
12 , 9 , 2019 , 26.13 , 25.40 , 25.47 , 25.77 
12 , 10 , 2019 , 25.88 , 25.42 , 25.69 , 25.87 
12 , 11 , 2019 , 26.27 , 25.83 , 25.89 , 26.20 
12 , 12 , 2019 , 27.08 , 26.00 , 26.12 , 26.98 
12 , 13 , 2019 , 27.15 , 26.46 , 26.98 , 26.49 
12 , 16 , 2019 , 27.56 , 26.85 , 26.94 , 27.55 
12 , 17 , 2019 , 27.55 , 26.58 , 27.26 , 26.77 
12 , 18 , 2019 , 27.94 , 26.49 , 26.71 , 27.82 
12 , 19 , 2019 , 28.27 , 27.46 , 27.74 , 27.71 
12 , 20 , 2019 , 28.25 , 27.44 , 27.68 , 28.18 
12 , 23 , 2019 , 28.75 , 28.10 , 28.19 , 28.66 
12 , 24 , 2019 , 29.04 , 28.38 , 28.60 , 28.81 
12 , 26 , 2019 , 29.20 , 28.63 , 28.68 , 29.19 
12 , 27 , 2019 , 29.28 , 28.98 , 29.20 , 29.14 
12 , 30 , 2019 , 29.23 , 28.79 , 29.13 , 28.86 
12 , 31 , 2019 , 29.59 , 28.81 , 28.85 , 29.56 
1 , 2 , 2020 , 29.81 , 28.72 , 29.81 , 28.74 
1 , 3 , 2020 , 28.90 , 28.36 , 28.42 , 28.40 
1 , 6 , 2020 , 28.50 , 27.98 , 28.08 , 28.36 
1 , 7 , 2020 , 28.72 , 28.17 , 28.31 , 28.47 
1 , 8 , 2020 , 28.78 , 28.10 , 28.50 , 28.70 
1 , 9 , 2020 , 28.85 , 28.38 , 28.80 , 28.73 
1 , 10 , 2020 , 28.93 , 28.32 , 28.81 , 28.35 
1 , 13 , 2020 , 28.60 , 28.16 , 28.34 , 28.58 
1 , 14 , 2020 , 28.79 , 28.30 , 28.56 , 28.64 
1 , 15 , 2020 , 28.89 , 28.48 , 28.65 , 28.68 
1 , 16 , 2020 , 29.26 , 28.53 , 28.77 , 29.22 
1 , 17 , 2020 , 28.63 , 27.63 , 28.46 , 28.30 
1 , 21 , 2020 , 28.35 , 27.71 , 28.06 , 27.82 
1 , 22 , 2020 , 28.25 , 27.50 , 27.82 , 28.16 
1 , 23 , 2020 , 28.51 , 27.51 , 28.01 , 28.45 
1 , 24 , 2020 , 28.36 , 27.71 , 28.31 , 27.95 
1 , 27 , 2020 , 27.53 , 26.97 , 27.23 , 27.16 
1 , 28 , 2020 , 27.58 , 27.00 , 27.30 , 27.56 
1 , 29 , 2020 , 27.99 , 27.51 , 27.55 , 27.80 
1 , 30 , 2020 , 29.45 , 27.60 , 27.94 , 29.24 
1 , 31 , 2020 , 29.15 , 28.46 , 28.78 , 28.92 
2 , 3 , 2020 , 30.26 , 28.82 , 29.06 , 30.12 
2 , 4 , 2020 , 31.11 , 30.05 , 30.61 , 30.95 
2 , 5 , 2020 , 31.71 , 29.69 , 30.32 , 31.71 
2 , 6 , 2020 , 32.07 , 31.30 , 32.00 , 31.59 
2 , 7 , 2020 , 31.43 , 30.80 , 31.41 , 31.04 
2 , 10 , 2020 , 31.02 , 30.47 , 30.74 , 30.60 
2 , 11 , 2020 , 31.35 , 30.41 , 30.66 , 30.51 
2 , 12 , 2020 , 31.09 , 30.65 , 30.74 , 30.94 
2 , 13 , 2020 , 31.04 , 30.46 , 30.68 , 30.60 
2 , 14 , 2020 , 30.93 , 30.58 , 30.66 , 30.71 
2 , 18 , 2020 , 31.48 , 30.61 , 30.68 , 31.40 
2 , 19 , 2020 , 31.80 , 31.22 , 31.40 , 31.52 
2 , 20 , 2020 , 32.08 , 31.32 , 31.37 , 31.57 
2 , 21 , 2020 , 31.67 , 31.18 , 31.35 , 31.22 
2 , 24 , 2020 , 30.89 , 30.27 , 30.47 , 30.66 
2 , 25 , 2020 , 30.82 , 28.23 , 30.62 , 28.38 
2 , 26 , 2020 , 29.33 , 28.32 , 28.41 , 28.50 
2 , 27 , 2020 , 28.67 , 27.24 , 28.12 , 27.29 
2 , 28 , 2020 , 27.20 , 25.86 , 26.53 , 27.20 
3 , 2 , 2020 , 28.26 , 26.86 , 27.27 , 28.24 
3 , 3 , 2020 , 29.26 , 27.49 , 28.48 , 27.92 
3 , 4 , 2020 , 28.92 , 27.81 , 28.19 , 28.90 
3 , 5 , 2020 , 28.43 , 27.16 , 28.00 , 27.31 
3 , 6 , 2020 , 26.58 , 24.92 , 26.52 , 25.30 
3 , 9 , 2020 , 24.32 , 22.87 , 23.28 , 23.07 
3 , 10 , 2020 , 25.99 , 23.88 , 24.40 , 25.91 
3 , 11 , 2020 , 25.66 , 24.45 , 25.01 , 25.00 
3 , 12 , 2020 , 24.95 , 22.26 , 22.87 , 22.34 
3 , 13 , 2020 , 25.00 , 21.55 , 23.83 , 24.82 
3 , 16 , 2020 , 23.34 , 20.57 , 21.51 , 20.74 
3 , 17 , 2020 , 24.14 , 20.72 , 21.23 , 22.67 
3 , 18 , 2020 , 23.40 , 20.38 , 21.08 , 21.57 
3 , 19 , 2020 , 24.80 , 20.54 , 21.18 , 23.26 
3 , 20 , 2020 , 23.24 , 21.11 , 23.20 , 22.53 
3 , 23 , 2020 , 23.53 , 21.42 , 22.22 , 21.92 
3 , 24 , 2020 , 23.97 , 21.50 , 23.01 , 22.33 
3 , 25 , 2020 , 25.14 , 22.14 , 22.75 , 23.40 
3 , 26 , 2020 , 24.85 , 22.89 , 23.11 , 24.14 
3 , 27 , 2020 , 24.81 , 22.67 , 23.11 , 23.21 
3 , 30 , 2020 , 24.32 , 22.91 , 23.28 , 24.09 
3 , 31 , 2020 , 24.57 , 23.35 , 24.23 , 23.50 
4 , 1 , 2020 , 23.60 , 22.35 , 23.25 , 22.51 
4 , 2 , 2020 , 23.43 , 21.82 , 22.85 , 22.24 
4 , 3 , 2020 , 23.05 , 22.12 , 22.21 , 22.62 
4 , 6 , 2020 , 24.57 , 23.22 , 23.50 , 24.26 
4 , 7 , 2020 , 25.93 , 24.35 , 25.00 , 24.53 
4 , 8 , 2020 , 26.17 , 24.41 , 24.55 , 26.05 
4 , 9 , 2020 , 28.07 , 26.20 , 26.20 , 27.93 
4 , 13 , 2020 , 27.49 , 25.90 , 27.32 , 26.56 
4 , 14 , 2020 , 27.85 , 26.04 , 27.59 , 26.44 
4 , 15 , 2020 , 26.15 , 24.62 , 26.07 , 25.51 
4 , 16 , 2020 , 25.74 , 24.58 , 25.38 , 25.16 
4 , 17 , 2020 , 26.32 , 24.92 , 25.94 , 25.51 
4 , 20 , 2020 , 25.86 , 24.57 , 25.86 , 24.63 
4 , 21 , 2020 , 24.95 , 23.86 , 24.01 , 24.27 
4 , 22 , 2020 , 25.22 , 24.29 , 24.75 , 24.94 
4 , 23 , 2020 , 25.84 , 25.01 , 25.28 , 25.40 
4 , 24 , 2020 , 26.68 , 25.38 , 25.58 , 26.27 
4 , 27 , 2020 , 26.56 , 25.51 , 26.33 , 25.56 
4 , 28 , 2020 , 26.52 , 25.81 , 26.15 , 26.19 
4 , 29 , 2020 , 27.26 , 26.46 , 26.82 , 27.05 
4 , 30 , 2020 , 26.70 , 25.86 , 26.70 , 26.19 
5 , 1 , 2020 , 25.83 , 25.09 , 25.83 , 25.49 
5 , 4 , 2020 , 25.46 , 24.82 , 25.15 , 25.42 
5 , 5 , 2020 , 26.51 , 25.21 , 25.40 , 26.18 
5 , 6 , 2020 , 26.73 , 25.01 , 26.19 , 25.01 
5 , 7 , 2020 , 27.25 , 25.97 , 25.97 , 26.45 
5 , 8 , 2020 , 26.97 , 25.46 , 26.72 , 25.98 
5 , 11 , 2020 , 25.15 , 24.29 , 25.10 , 24.38 
5 , 12 , 2020 , 24.45 , 23.22 , 24.29 , 23.25 
5 , 13 , 2020 , 23.40 , 22.38 , 23.15 , 23.27 
5 , 14 , 2020 , 23.36 , 22.38 , 22.77 , 23.32 
5 , 15 , 2020 , 23.27 , 22.62 , 23.20 , 22.77 
5 , 18 , 2020 , 24.28 , 23.04 , 23.69 , 24.01 
5 , 19 , 2020 , 24.38 , 23.59 , 24.11 , 23.99 
5 , 20 , 2020 , 25.61 , 24.65 , 24.68 , 25.09 
5 , 21 , 2020 , 25.48 , 24.51 , 24.94 , 24.55 
5 , 22 , 2020 , 24.67 , 24.25 , 24.50 , 24.54 
5 , 26 , 2020 , 26.06 , 25.20 , 25.43 , 25.64 
5 , 27 , 2020 , 26.18 , 25.46 , 25.89 , 25.80 
5 , 28 , 2020 , 27.47 , 25.92 , 26.26 , 26.99 
5 , 29 , 2020 , 27.43 , 26.71 , 26.73 , 27.31 
6 , 1 , 2020 , 27.25 , 26.50 , 27.10 , 26.82 
6 , 2 , 2020 , 28.03 , 26.75 , 26.93 , 28.01 
6 , 3 , 2020 , 28.95 , 28.15 , 28.17 , 28.50 
6 , 4 , 2020 , 30.18 , 28.63 , 28.80 , 30.17 
6 , 5 , 2020 , 31.69 , 30.49 , 31.00 , 30.65 
6 , 8 , 2020 , 30.82 , 29.31 , 29.69 , 30.01 
6 , 9 , 2020 , 29.97 , 29.08 , 29.64 , 29.59 
6 , 10 , 2020 , 30.13 , 29.14 , 29.48 , 29.14 
6 , 11 , 2020 , 28.44 , 27.02 , 28.43 , 27.10 
6 , 12 , 2020 , 28.49 , 27.20 , 28.44 , 27.54 
6 , 15 , 2020 , 27.11 , 26.52 , 26.74 , 26.77 
6 , 16 , 2020 , 28.72 , 27.45 , 28.38 , 27.82 
6 , 17 , 2020 , 27.89 , 27.07 , 27.77 , 27.35 
6 , 18 , 2020 , 27.57 , 27.21 , 27.35 , 27.48 
6 , 19 , 2020 , 27.99 , 26.73 , 27.99 , 27.13 
6 , 22 , 2020 , 27.65 , 26.51 , 26.97 , 27.58 
6 , 23 , 2020 , 27.91 , 27.37 , 27.84 , 27.42 
6 , 24 , 2020 , 26.92 , 26.03 , 26.87 , 26.07 
6 , 25 , 2020 , 26.37 , 25.72 , 25.98 , 26.20 
6 , 26 , 2020 , 26.16 , 25.54 , 26.11 , 25.92 
6 , 29 , 2020 , 26.63 , 26.04 , 26.35 , 26.14 
6 , 30 , 2020 , 27.08 , 25.80 , 26.12 , 26.79 
7 , 1 , 2020 , 27.40 , 26.46 , 26.95 , 27.04 
7 , 2 , 2020 , 28.11 , 27.38 , 27.38 , 27.57 
7 , 6 , 2020 , 28.22 , 27.08 , 28.22 , 27.53 
7 , 7 , 2020 , 27.27 , 26.90 , 27.27 , 27.14 
7 , 8 , 2020 , 27.13 , 25.44 , 27.08 , 25.86 
7 , 9 , 2020 , 26.06 , 25.44 , 26.03 , 25.75 
7 , 10 , 2020 , 26.62 , 25.70 , 25.83 , 26.62 
7 , 13 , 2020 , 27.18 , 26.60 , 27.11 , 26.84 
7 , 14 , 2020 , 27.24 , 26.51 , 26.67 , 27.08 
7 , 15 , 2020 , 28.05 , 27.42 , 27.86 , 27.94 
7 , 16 , 2020 , 28.26 , 27.72 , 27.75 , 27.92 
7 , 17 , 2020 , 28.43 , 27.75 , 28.06 , 28.35 
7 , 20 , 2020 , 28.26 , 27.72 , 28.13 , 27.72 
7 , 21 , 2020 , 28.45 , 27.86 , 27.86 , 28.35 
7 , 22 , 2020 , 28.68 , 28.04 , 28.04 , 28.66 
7 , 23 , 2020 , 28.92 , 28.33 , 28.47 , 28.67 
7 , 24 , 2020 , 28.81 , 28.31 , 28.74 , 28.52 
7 , 27 , 2020 , 29.00 , 28.48 , 28.56 , 28.81 
7 , 28 , 2020 , 28.76 , 28.13 , 28.66 , 28.19 
7 , 29 , 2020 , 28.83 , 28.13 , 28.13 , 28.81 
7 , 30 , 2020 , 28.53 , 27.79 , 28.22 , 28.48 
7 , 31 , 2020 , 28.70 , 28.02 , 28.40 , 28.56 
8 , 3 , 2020 , 28.90 , 28.47 , 28.78 , 28.52 
8 , 4 , 2020 , 29.00 , 28.43 , 28.50 , 28.71 
8 , 5 , 2020 , 29.14 , 28.55 , 29.00 , 28.55 
8 , 6 , 2020 , 27.25 , 25.22 , 26.88 , 25.42 
8 , 7 , 2020 , 25.50 , 24.83 , 25.34 , 25.32 
8 , 10 , 2020 , 25.63 , 24.98 , 25.04 , 25.42 
8 , 11 , 2020 , 27.03 , 25.75 , 25.89 , 26.78 
8 , 12 , 2020 , 27.30 , 26.13 , 27.20 , 26.36 
8 , 13 , 2020 , 27.00 , 26.08 , 26.39 , 26.92 
8 , 14 , 2020 , 28.11 , 26.56 , 26.75 , 27.87 
8 , 17 , 2020 , 28.14 , 27.33 , 27.89 , 27.77 
8 , 18 , 2020 , 28.42 , 27.81 , 27.85 , 28.40 
8 , 19 , 2020 , 28.61 , 28.00 , 28.15 , 28.56 
8 , 20 , 2020 , 28.80 , 28.17 , 28.25 , 28.80 
8 , 21 , 2020 , 28.70 , 28.02 , 28.64 , 28.44 
8 , 24 , 2020 , 28.98 , 28.20 , 28.87 , 28.54 
8 , 25 , 2020 , 29.17 , 28.61 , 28.70 , 28.65 
8 , 26 , 2020 , 29.28 , 28.43 , 28.65 , 29.23 
8 , 27 , 2020 , 29.45 , 29.06 , 29.24 , 29.29 
8 , 28 , 2020 , 29.82 , 29.13 , 29.40 , 29.52 
8 , 31 , 2020 , 29.43 , 28.53 , 29.43 , 28.55 
9 , 1 , 2020 , 29.45 , 28.42 , 28.58 , 29.44 
9 , 2 , 2020 , 30.19 , 29.12 , 29.33 , 30.13 
9 , 3 , 2020 , 30.21 , 29.11 , 29.92 , 29.41 
9 , 4 , 2020 , 30.12 , 29.06 , 29.80 , 29.32 
9 , 8 , 2020 , 29.07 , 28.23 , 29.07 , 28.30 
9 , 9 , 2020 , 29.41 , 28.51 , 28.54 , 28.74 
9 , 10 , 2020 , 29.26 , 28.69 , 28.72 , 29.14 
9 , 11 , 2020 , 29.45 , 28.93 , 29.34 , 29.02 
9 , 14 , 2020 , 29.43 , 28.85 , 29.11 , 28.97 
9 , 15 , 2020 , 29.69 , 29.03 , 29.06 , 29.45 
9 , 16 , 2020 , 29.96 , 29.14 , 29.59 , 29.23 
9 , 17 , 2020 , 29.76 , 28.74 , 28.90 , 29.58 
9 , 18 , 2020 , 29.72 , 28.86 , 29.63 , 28.99 
9 , 21 , 2020 , 28.52 , 27.92 , 28.19 , 28.22 
9 , 22 , 2020 , 28.24 , 27.81 , 28.09 , 28.09 
9 , 23 , 2020 , 28.31 , 27.39 , 27.91 , 27.46 
9 , 24 , 2020 , 27.96 , 27.18 , 27.46 , 27.63 
9 , 25 , 2020 , 28.54 , 27.31 , 27.37 , 28.38 
9 , 28 , 2020 , 29.32 , 28.75 , 28.82 , 28.97 
9 , 29 , 2020 , 29.02 , 28.49 , 28.77 , 28.59 
9 , 30 , 2020 , 29.54 , 28.53 , 28.77 , 28.81 
10 , 1 , 2020 , 29.31 , 28.61 , 28.88 , 28.68 
10 , 2 , 2020 , 29.78 , 28.29 , 28.40 , 29.37 
10 , 5 , 2020 , 30.28 , 29.77 , 29.77 , 30.11 
10 , 6 , 2020 , 30.76 , 30.03 , 30.34 , 30.09 
10 , 7 , 2020 , 31.08 , 30.37 , 30.41 , 30.53 
10 , 8 , 2020 , 32.64 , 31.30 , 31.79 , 32.33 
10 , 9 , 2020 , 33.69 , 32.29 , 32.45 , 33.43 
10 , 12 , 2020 , 33.86 , 33.31 , 33.61 , 33.59 
10 , 13 , 2020 , 33.77 , 33.01 , 33.31 , 33.70 
10 , 14 , 2020 , 34.36 , 33.47 , 33.79 , 33.82 
10 , 15 , 2020 , 34.10 , 33.18 , 33.18 , 33.99 
10 , 16 , 2020 , 34.41 , 34.07 , 34.33 , 34.08 
10 , 19 , 2020 , 34.54 , 33.19 , 34.26 , 33.52 
10 , 20 , 2020 , 33.75 , 32.92 , 33.74 , 33.07 
10 , 21 , 2020 , 33.29 , 32.73 , 33.10 , 32.90 
10 , 22 , 2020 , 33.37 , 32.75 , 32.94 , 33.13 
10 , 23 , 2020 , 33.50 , 33.04 , 33.15 , 33.17 
10 , 26 , 2020 , 33.00 , 32.21 , 32.83 , 32.71 
10 , 27 , 2020 , 32.84 , 32.33 , 32.78 , 32.34 
10 , 28 , 2020 , 32.12 , 31.16 , 31.46 , 31.86 
10 , 29 , 2020 , 32.69 , 31.54 , 31.60 , 32.50 
10 , 30 , 2020 , 32.98 , 32.11 , 32.39 , 32.98 
11 , 2 , 2020 , 33.84 , 33.10 , 33.28 , 33.48 
11 , 3 , 2020 , 33.55 , 32.53 , 33.40 , 32.93 
11 , 4 , 2020 , 33.39 , 32.11 , 32.96 , 32.78 
11 , 5 , 2020 , 34.45 , 33.09 , 33.15 , 33.94 
11 , 6 , 2020 , 34.39 , 33.62 , 34.19 , 33.70 
11 , 9 , 2020 , 36.28 , 34.60 , 34.99 , 34.64 
11 , 10 , 2020 , 36.39 , 34.75 , 34.75 , 36.23 
11 , 11 , 2020 , 36.90 , 36.15 , 36.37 , 36.63 
11 , 12 , 2020 , 36.34 , 34.87 , 36.34 , 35.06 
11 , 13 , 2020 , 36.22 , 35.13 , 35.13 , 36.01 
11 , 16 , 2020 , 37.57 , 36.34 , 36.90 , 37.43 
11 , 17 , 2020 , 37.30 , 36.56 , 37.01 , 37.02 
11 , 18 , 2020 , 37.54 , 36.69 , 37.24 , 36.69 
11 , 19 , 2020 , 37.31 , 36.39 , 36.64 , 36.96 
11 , 20 , 2020 , 37.27 , 36.85 , 36.94 , 37.16 
11 , 23 , 2020 , 38.30 , 37.52 , 37.53 , 37.79 
11 , 24 , 2020 , 39.01 , 37.91 , 38.16 , 38.90 
11 , 25 , 2020 , 38.89 , 38.33 , 38.78 , 38.58 
11 , 27 , 2020 , 38.97 , 38.32 , 38.54 , 38.41 
11 , 30 , 2020 , 38.59 , 37.74 , 38.41 , 38.32 
12 , 1 , 2020 , 39.44 , 38.24 , 38.70 , 38.31 
12 , 2 , 2020 , 38.68 , 37.91 , 38.13 , 38.27 
12 , 3 , 2020 , 38.62 , 37.86 , 38.16 , 38.21 
12 , 4 , 2020 , 38.82 , 38.25 , 38.39 , 38.65 
12 , 7 , 2020 , 38.78 , 37.84 , 38.49 , 37.94 
12 , 8 , 2020 , 38.46 , 37.61 , 37.76 , 38.42 
12 , 9 , 2020 , 39.37 , 38.46 , 38.47 , 39.01 
12 , 10 , 2020 , 39.23 , 38.49 , 38.67 , 38.74 
12 , 11 , 2020 , 38.70 , 38.06 , 38.31 , 38.39 
12 , 14 , 2020 , 40.23 , 38.72 , 40.00 , 38.76 
12 , 15 , 2020 , 39.32 , 38.24 , 39.24 , 39.22 
12 , 16 , 2020 , 39.30 , 38.62 , 39.30 , 39.08 
12 , 17 , 2020 , 39.70 , 39.21 , 39.33 , 39.68 
12 , 18 , 2020 , 39.68 , 38.83 , 39.42 , 39.41 
12 , 21 , 2020 , 39.62 , 38.32 , 38.66 , 39.55 
12 , 22 , 2020 , 39.72 , 38.95 , 39.61 , 38.98 
12 , 23 , 2020 , 39.54 , 39.11 , 39.11 , 39.18 
12 , 24 , 2020 , 39.55 , 39.03 , 39.03 , 39.50 
12 , 28 , 2020 , 39.57 , 38.32 , 39.37 , 38.35 
12 , 29 , 2020 , 38.92 , 37.68 , 38.67 , 37.94 
12 , 30 , 2020 , 38.69 , 38.01 , 38.19 , 38.44 
12 , 31 , 2020 , 38.97 , 38.29 , 38.66 , 38.72 
1 , 4 , 2021 , 39.20 , 38.09 , 38.87 , 38.35 
1 , 5 , 2021 , 39.05 , 38.22 , 38.28 , 38.82 
1 , 6 , 2021 , 41.51 , 38.99 , 39.32 , 41.07 
1 , 7 , 2021 , 42.49 , 41.38 , 41.65 , 41.80 
1 , 8 , 2021 , 43.33 , 42.17 , 42.52 , 43.25 
1 , 11 , 2021 , 43.76 , 42.46 , 42.64 , 43.62 
1 , 12 , 2021 , 44.85 , 43.08 , 43.50 , 44.58 
1 , 13 , 2021 , 44.96 , 43.46 , 44.48 , 44.13 
1 , 14 , 2021 , 44.74 , 44.06 , 44.31 , 44.21 
1 , 15 , 2021 , 43.99 , 43.05 , 43.88 , 43.75 
1 , 19 , 2021 , 43.81 , 42.90 , 43.70 , 43.53 
1 , 20 , 2021 , 43.90 , 43.29 , 43.88 , 43.66 
1 , 21 , 2021 , 44.36 , 41.33 , 43.79 , 41.65 
1 , 22 , 2021 , 42.28 , 41.05 , 41.28 , 42.06 
1 , 25 , 2021 , 41.85 , 40.09 , 41.66 , 41.30 
1 , 26 , 2021 , 41.83 , 39.47 , 41.59 , 39.48 
1 , 27 , 2021 , 38.87 , 36.54 , 38.83 , 38.69 
1 , 28 , 2021 , 40.63 , 39.14 , 39.25 , 40.29 
1 , 29 , 2021 , 40.39 , 39.38 , 39.93 , 39.86 
2 , 1 , 2021 , 41.09 , 39.86 , 40.14 , 40.71 
2 , 2 , 2021 , 41.86 , 41.08 , 41.28 , 41.49 
2 , 3 , 2021 , 42.14 , 41.22 , 41.53 , 41.86 
2 , 4 , 2021 , 43.33 , 41.20 , 41.85 , 42.66 
2 , 5 , 2021 , 44.93 , 43.75 , 44.68 , 43.90 
2 , 8 , 2021 , 44.14 , 43.30 , 43.94 , 43.61 
2 , 9 , 2021 , 43.98 , 43.21 , 43.67 , 43.43 
2 , 10 , 2021 , 43.55 , 42.24 , 43.46 , 43.04 
2 , 11 , 2021 , 43.80 , 42.88 , 42.96 , 43.54 
2 , 12 , 2021 , 44.46 , 43.53 , 43.55 , 44.37 
2 , 16 , 2021 , 45.36 , 44.31 , 44.32 , 45.28 
2 , 17 , 2021 , 45.18 , 44.22 , 45.00 , 44.98 
2 , 18 , 2021 , 45.08 , 43.44 , 44.91 , 44.20 
2 , 19 , 2021 , 45.86 , 44.30 , 44.36 , 45.47 
2 , 22 , 2021 , 46.76 , 45.11 , 45.58 , 46.68 
2 , 23 , 2021 , 46.90 , 45.88 , 46.51 , 46.43 
2 , 24 , 2021 , 47.15 , 46.32 , 46.49 , 46.41 
2 , 25 , 2021 , 46.66 , 45.03 , 46.66 , 45.36 
2 , 26 , 2021 , 45.78 , 44.37 , 45.22 , 45.15 
3 , 1 , 2021 , 46.74 , 45.76 , 45.82 , 46.27 
3 , 2 , 2021 , 46.81 , 45.72 , 46.33 , 45.78 
3 , 3 , 2021 , 45.96 , 45.10 , 45.56 , 45.34 
3 , 4 , 2021 , 45.34 , 43.07 , 45.09 , 43.85 
3 , 5 , 2021 , 45.02 , 42.90 , 44.35 , 44.84 
3 , 8 , 2021 , 46.31 , 44.86 , 45.34 , 44.90 
3 , 9 , 2021 , 45.46 , 44.56 , 45.03 , 44.71 
3 , 10 , 2021 , 47.14 , 44.90 , 45.02 , 47.00 
3 , 11 , 2021 , 47.67 , 46.75 , 47.25 , 46.86 
3 , 12 , 2021 , 47.09 , 46.23 , 47.00 , 46.90 
3 , 15 , 2021 , 46.90 , 45.55 , 46.86 , 46.83 
3 , 16 , 2021 , 46.88 , 45.86 , 46.83 , 46.17 
3 , 17 , 2021 , 47.30 , 46.19 , 46.20 , 47.26 
3 , 18 , 2021 , 47.98 , 46.62 , 47.25 , 46.96 
3 , 19 , 2021 , 47.67 , 46.07 , 46.73 , 47.07 
3 , 22 , 2021 , 47.96 , 46.85 , 47.60 , 47.30 
3 , 23 , 2021 , 47.00 , 45.57 , 46.69 , 45.85 
3 , 24 , 2021 , 46.81 , 45.99 , 46.17 , 46.19 
3 , 25 , 2021 , 47.11 , 45.60 , 45.93 , 46.78 
3 , 26 , 2021 , 48.05 , 46.91 , 47.35 , 47.91 
3 , 29 , 2021 , 48.48 , 47.52 , 47.78 , 47.77 
3 , 30 , 2021 , 47.89 , 46.74 , 47.58 , 46.94 
3 , 31 , 2021 , 47.29 , 46.26 , 46.86 , 46.62 
4 , 1 , 2021 , 46.98 , 46.04 , 46.94 , 46.74 
4 , 5 , 2021 , 47.24 , 46.64 , 46.88 , 47.04 
4 , 6 , 2021 , 47.97 , 46.90 , 47.10 , 47.74 
4 , 7 , 2021 , 47.80 , 46.54 , 47.80 , 46.75 
4 , 8 , 2021 , 47.12 , 46.18 , 46.51 , 46.93 
4 , 9 , 2021 , 47.65 , 46.82 , 47.27 , 47.13 
4 , 12 , 2021 , 47.65 , 46.83 , 47.36 , 47.10 
4 , 13 , 2021 , 47.20 , 46.51 , 47.11 , 46.87 
4 , 14 , 2021 , 47.64 , 46.77 , 46.83 , 47.22 
4 , 15 , 2021 , 47.72 , 46.87 , 47.59 , 47.52 
4 , 16 , 2021 , 48.14 , 47.29 , 47.97 , 47.50 
4 , 19 , 2021 , 47.88 , 46.90 , 47.71 , 47.52 
4 , 20 , 2021 , 47.83 , 46.66 , 47.36 , 46.96 
4 , 21 , 2021 , 48.30 , 46.73 , 46.88 , 48.28 
4 , 22 , 2021 , 48.87 , 47.69 , 48.34 , 48.08 
4 , 23 , 2021 , 48.92 , 47.95 , 48.09 , 48.63 
4 , 26 , 2021 , 49.34 , 48.65 , 48.72 , 48.87 
4 , 27 , 2021 , 49.27 , 48.60 , 48.79 , 49.16 
4 , 28 , 2021 , 49.81 , 49.06 , 49.42 , 49.19 
4 , 29 , 2021 , 49.73 , 49.02 , 49.56 , 49.56 
4 , 30 , 2021 , 49.76 , 48.70 , 49.40 , 48.76 
5 , 3 , 2021 , 49.98 , 49.07 , 49.23 , 49.73 
5 , 4 , 2021 , 49.84 , 48.76 , 49.00 , 49.79 
5 , 5 , 2021 , 47.99 , 46.81 , 47.63 , 47.68 
5 , 6 , 2021 , 48.45 , 46.57 , 47.81 , 48.41 
5 , 7 , 2021 , 49.29 , 48.18 , 48.28 , 48.86 
5 , 10 , 2021 , 49.98 , 46.84 , 49.19 , 46.99 
5 , 11 , 2021 , 47.25 , 45.70 , 46.29 , 47.09 
5 , 12 , 2021 , 47.60 , 45.04 , 47.53 , 45.18 
5 , 13 , 2021 , 46.23 , 44.88 , 45.20 , 45.92 
5 , 14 , 2021 , 46.79 , 46.10 , 46.33 , 46.32 
5 , 17 , 2021 , 46.67 , 45.89 , 46.54 , 46.22 
5 , 18 , 2021 , 46.29 , 45.70 , 45.96 , 45.78 
5 , 19 , 2021 , 45.43 , 44.44 , 45.33 , 44.82 
5 , 20 , 2021 , 44.93 , 44.09 , 44.79 , 44.13 
5 , 21 , 2021 , 45.29 , 44.60 , 44.66 , 44.70 
5 , 24 , 2021 , 45.45 , 44.91 , 45.04 , 45.15 
5 , 25 , 2021 , 45.72 , 44.58 , 45.10 , 44.60 
5 , 26 , 2021 , 45.02 , 44.36 , 44.78 , 44.78 
5 , 27 , 2021 , 45.80 , 45.05 , 45.30 , 45.18 
5 , 28 , 2021 , 45.68 , 45.15 , 45.42 , 45.50 
6 , 1 , 2021 , 46.17 , 45.71 , 46.00 , 45.97 
6 , 2 , 2021 , 46.12 , 45.41 , 46.11 , 45.66 
6 , 3 , 2021 , 46.17 , 45.14 , 45.32 , 45.98 
6 , 4 , 2021 , 46.36 , 45.81 , 46.20 , 45.96 
6 , 7 , 2021 , 46.28 , 45.21 , 46.00 , 45.93 
6 , 8 , 2021 , 46.35 , 45.47 , 45.77 , 45.90 
6 , 9 , 2021 , 45.96 , 45.41 , 45.85 , 45.49 
6 , 10 , 2021 , 46.01 , 44.55 , 45.94 , 44.56 
6 , 11 , 2021 , 45.30 , 44.30 , 44.89 , 44.54 
6 , 14 , 2021 , 44.56 , 43.71 , 44.47 , 43.96 
6 , 15 , 2021 , 44.67 , 43.71 , 44.09 , 44.31 
6 , 16 , 2021 , 44.29 , 43.53 , 44.25 , 43.70 
6 , 17 , 2021 , 43.78 , 42.51 , 43.66 , 43.51 
6 , 18 , 2021 , 43.19 , 42.59 , 42.74 , 42.71 
6 , 21 , 2021 , 43.80 , 43.15 , 43.15 , 43.41 
6 , 22 , 2021 , 43.70 , 43.10 , 43.47 , 43.49 
6 , 23 , 2021 , 44.03 , 43.48 , 43.48 , 43.57 
6 , 24 , 2021 , 44.88 , 43.46 , 43.84 , 44.35 
6 , 25 , 2021 , 44.73 , 44.00 , 44.65 , 44.16 
6 , 28 , 2021 , 44.47 , 43.57 , 44.15 , 44.34 
6 , 29 , 2021 , 45.06 , 44.19 , 44.74 , 44.28 
6 , 30 , 2021 , 44.47 , 44.04 , 44.43 , 44.35 
7 , 1 , 2021 , 44.90 , 44.08 , 44.54 , 44.62 
7 , 2 , 2021 , 44.82 , 44.20 , 44.74 , 44.50 
7 , 6 , 2021 , 44.50 , 43.82 , 44.45 , 44.09 
7 , 7 , 2021 , 44.35 , 42.88 , 43.76 , 43.38 
7 , 8 , 2021 , 43.29 , 42.56 , 42.94 , 42.90 
7 , 9 , 2021 , 43.62 , 42.96 , 43.55 , 43.45 
7 , 12 , 2021 , 44.01 , 42.69 , 42.89 , 43.80 
7 , 13 , 2021 , 44.10 , 42.95 , 43.92 , 43.05 
7 , 14 , 2021 , 43.68 , 42.58 , 43.10 , 42.67 
7 , 15 , 2021 , 43.04 , 42.12 , 42.40 , 42.42 
7 , 16 , 2021 , 42.65 , 41.60 , 42.49 , 41.81 
7 , 19 , 2021 , 41.32 , 40.60 , 41.14 , 40.93 
7 , 20 , 2021 , 42.02 , 40.74 , 40.91 , 41.73 
7 , 21 , 2021 , 42.68 , 42.07 , 42.25 , 42.21 
7 , 22 , 2021 , 42.39 , 41.73 , 42.34 , 42.27 
7 , 23 , 2021 , 42.46 , 41.90 , 42.46 , 42.13 
7 , 26 , 2021 , 42.45 , 41.85 , 42.26 , 42.35 
7 , 27 , 2021 , 42.58 , 41.41 , 42.00 , 42.53 
7 , 28 , 2021 , 43.15 , 42.45 , 42.67 , 42.82 
7 , 29 , 2021 , 43.78 , 43.11 , 43.27 , 43.22 
7 , 30 , 2021 , 43.50 , 42.72 , 42.81 , 42.78 
8 , 2 , 2021 , 43.45 , 42.45 , 43.00 , 42.48 
8 , 3 , 2021 , 43.11 , 42.27 , 42.60 , 43.07 
8 , 4 , 2021 , 42.89 , 42.24 , 42.79 , 42.27 
8 , 5 , 2021 , 42.67 , 41.41 , 42.33 , 41.44 
8 , 6 , 2021 , 45.71 , 43.75 , 44.00 , 44.76 
8 , 9 , 2021 , 45.56 , 44.56 , 44.86 , 45.18 
8 , 10 , 2021 , 45.83 , 45.03 , 45.16 , 45.63 
8 , 11 , 2021 , 45.88 , 45.34 , 45.65 , 45.74 
8 , 12 , 2021 , 46.18 , 45.11 , 45.61 , 46.06 
8 , 13 , 2021 , 46.33 , 45.90 , 46.14 , 45.99 
8 , 16 , 2021 , 45.66 , 45.11 , 45.50 , 45.17 
8 , 17 , 2021 , 45.25 , 44.34 , 45.00 , 45.07 
8 , 18 , 2021 , 45.33 , 43.90 , 44.82 , 43.94 
8 , 19 , 2021 , 43.69 , 42.47 , 43.26 , 42.55 
8 , 20 , 2021 , 42.81 , 41.84 , 42.49 , 41.94 
8 , 23 , 2021 , 42.37 , 41.86 , 42.17 , 41.95 
8 , 24 , 2021 , 42.82 , 42.01 , 42.01 , 42.55 
8 , 25 , 2021 , 43.97 , 42.27 , 42.47 , 43.78 
8 , 26 , 2021 , 44.54 , 43.66 , 43.85 , 43.99 
8 , 27 , 2021 , 44.84 , 44.10 , 44.23 , 44.18 
8 , 30 , 2021 , 44.27 , 43.71 , 44.27 , 43.76 
8 , 31 , 2021 , 44.03 , 43.48 , 43.89 , 43.97 
9 , 1 , 2021 , 44.50 , 43.64 , 44.36 , 44.38 
9 , 2 , 2021 , 45.43 , 44.41 , 44.44 , 44.92 
9 , 3 , 2021 , 45.48 , 44.81 , 44.81 , 44.92 
9 , 7 , 2021 , 44.76 , 44.29 , 44.62 , 44.33 
9 , 8 , 2021 , 44.60 , 43.60 , 44.34 , 44.14 
9 , 9 , 2021 , 44.14 , 43.52 , 43.92 , 43.58 
9 , 10 , 2021 , 44.12 , 43.36 , 44.12 , 43.42 
9 , 13 , 2021 , 43.85 , 42.62 , 43.60 , 43.14 
9 , 14 , 2021 , 43.46 , 42.16 , 43.36 , 42.26 
9 , 15 , 2021 , 43.09 , 42.24 , 42.30 , 42.97 
9 , 16 , 2021 , 42.98 , 42.30 , 42.90 , 42.58 
9 , 17 , 2021 , 42.93 , 41.31 , 42.45 , 41.87 
9 , 20 , 2021 , 41.57 , 40.72 , 41.00 , 41.49 
9 , 21 , 2021 , 41.80 , 41.14 , 41.67 , 41.40 
9 , 22 , 2021 , 42.40 , 41.78 , 41.88 , 41.94 
9 , 23 , 2021 , 42.79 , 42.12 , 42.20 , 42.41 
9 , 24 , 2021 , 42.55 , 42.03 , 42.25 , 42.31 
9 , 27 , 2021 , 43.57 , 42.37 , 42.37 , 43.46 
9 , 28 , 2021 , 44.01 , 42.69 , 43.58 , 43.04 
9 , 29 , 2021 , 43.23 , 42.61 , 43.18 , 42.86 
9 , 30 , 2021 , 43.08 , 42.06 , 42.90 , 42.08 
10 , 1 , 2021 , 43.87 , 42.19 , 42.35 , 43.50 
10 , 4 , 2021 , 43.87 , 42.41 , 43.60 , 42.55 
10 , 5 , 2021 , 43.89 , 42.48 , 42.69 , 43.46 
10 , 6 , 2021 , 43.04 , 41.57 , 42.85 , 42.00 
10 , 7 , 2021 , 43.05 , 42.29 , 42.47 , 42.49 
10 , 8 , 2021 , 43.20 , 42.50 , 42.76 , 42.78 
10 , 11 , 2021 , 43.39 , 42.42 , 42.93 , 42.46 
10 , 12 , 2021 , 42.56 , 41.78 , 42.21 , 41.95 
10 , 13 , 2021 , 42.35 , 41.37 , 42.32 , 42.24 
10 , 14 , 2021 , 43.61 , 42.53 , 42.59 , 43.37 
10 , 15 , 2021 , 43.93 , 43.33 , 43.68 , 43.51 
10 , 18 , 2021 , 43.52 , 42.11 , 42.43 , 43.28 
10 , 19 , 2021 , 43.68 , 42.93 , 43.51 , 43.63 
10 , 20 , 2021 , 44.53 , 43.55 , 43.55 , 44.13 
10 , 21 , 2021 , 44.00 , 42.59 , 43.83 , 42.71 
10 , 22 , 2021 , 43.25 , 42.58 , 42.75 , 42.75 
10 , 25 , 2021 , 43.10 , 42.49 , 42.99 , 42.52 
10 , 26 , 2021 , 42.86 , 42.31 , 42.65 , 42.71 
10 , 27 , 2021 , 42.55 , 42.07 , 42.46 , 42.11 
10 , 28 , 2021 , 43.14 , 42.19 , 42.19 , 43.04 
10 , 29 , 2021 , 43.49 , 42.69 , 42.91 , 43.15 
11 , 1 , 2021 , 43.43 , 42.85 , 43.17 , 43.01 
11 , 2 , 2021 , 43.34 , 42.14 , 43.05 , 42.84 
11 , 3 , 2021 , 45.14 , 42.62 , 42.62 , 44.81 
11 , 4 , 2021 , 47.65 , 45.18 , 45.50 , 47.40 
11 , 5 , 2021 , 48.57 , 47.30 , 47.68 , 47.60 
11 , 8 , 2021 , 48.18 , 46.41 , 47.91 , 46.54 
11 , 9 , 2021 , 48.12 , 46.61 , 46.62 , 47.85 
11 , 10 , 2021 , 48.18 , 47.30 , 47.45 , 47.68 
11 , 11 , 2021 , 48.30 , 47.56 , 47.61 , 47.69 
11 , 12 , 2021 , 48.77 , 47.84 , 47.90 , 48.70 
11 , 15 , 2021 , 49.40 , 48.09 , 49.07 , 48.37 
11 , 16 , 2021 , 49.10 , 48.40 , 48.87 , 48.43 
11 , 17 , 2021 , 48.73 , 48.05 , 48.23 , 48.35 
11 , 18 , 2021 , 49.00 , 48.28 , 48.58 , 48.67 
11 , 19 , 2021 , 48.49 , 47.65 , 48.33 , 47.81 
11 , 22 , 2021 , 48.77 , 47.54 , 47.95 , 47.55 
11 , 23 , 2021 , 47.99 , 47.02 , 47.70 , 47.90 
11 , 24 , 2021 , 47.85 , 47.27 , 47.54 , 47.57 
11 , 26 , 2021 , 47.01 , 46.12 , 46.20 , 46.83 
11 , 29 , 2021 , 47.40 , 46.43 , 47.30 , 46.59 
11 , 30 , 2021 , 46.42 , 44.77 , 46.30 , 45.00 
12 , 1 , 2021 , 46.97 , 44.64 , 45.78 , 44.66 
12 , 2 , 2021 , 46.50 , 44.89 , 44.98 , 46.19 
12 , 3 , 2021 , 47.50 , 45.58 , 46.25 , 46.04 
12 , 6 , 2021 , 47.55 , 46.34 , 46.64 , 47.10 
12 , 7 , 2021 , 48.42 , 47.49 , 47.68 , 47.75 
12 , 8 , 2021 , 48.35 , 47.50 , 48.09 , 48.11 
12 , 9 , 2021 , 48.42 , 47.73 , 47.80 , 48.03 
12 , 10 , 2021 , 48.66 , 47.69 , 48.40 , 47.96 
12 , 13 , 2021 , 47.65 , 46.55 , 47.60 , 46.63 
12 , 14 , 2021 , 47.03 , 46.13 , 46.54 , 46.31 
12 , 15 , 2021 , 46.26 , 45.12 , 46.26 , 46.09 
12 , 16 , 2021 , 47.46 , 46.30 , 46.44 , 46.98 
12 , 17 , 2021 , 47.14 , 45.94 , 47.14 , 46.08 
12 , 20 , 2021 , 45.68 , 43.89 , 45.68 , 44.76 
12 , 21 , 2021 , 46.12 , 45.07 , 45.27 , 45.82 
12 , 22 , 2021 , 46.22 , 45.65 , 45.85 , 45.93 
12 , 23 , 2021 , 46.79 , 45.94 , 46.02 , 46.44 
12 , 27 , 2021 , 47.03 , 46.25 , 46.39 , 47.01 
12 , 28 , 2021 , 47.54 , 46.81 , 46.94 , 47.38 
12 , 29 , 2021 , 47.53 , 47.03 , 47.21 , 47.35 
12 , 30 , 2021 , 47.76 , 47.06 , 47.50 , 47.12 
12 , 31 , 2021 , 47.42 , 46.88 , 46.94 , 47.28 
1 , 3 , 2022 , 47.78 , 46.79 , 47.40 , 46.90 
1 , 4 , 2022 , 48.33 , 47.11 , 47.11 , 47.77 
1 , 5 , 2022 , 48.26 , 47.21 , 48.02 , 47.24 
1 , 6 , 2022 , 48.25 , 47.07 , 47.54 , 47.90 
1 , 7 , 2022 , 48.80 , 47.80 , 47.90 , 48.42 
1 , 10 , 2022 , 48.30 , 46.82 , 48.30 , 47.39 
1 , 11 , 2022 , 48.49 , 47.25 , 47.51 , 48.41 
1 , 12 , 2022 , 49.35 , 48.49 , 48.97 , 48.86 
1 , 13 , 2022 , 49.41 , 48.54 , 48.82 , 48.90 
1 , 14 , 2022 , 48.78 , 47.82 , 48.32 , 48.60 
1 , 18 , 2022 , 48.36 , 47.75 , 48.14 , 48.14 
1 , 19 , 2022 , 48.50 , 47.17 , 48.43 , 47.22 
1 , 20 , 2022 , 47.98 , 46.40 , 47.50 , 46.54 
1 , 21 , 2022 , 46.75 , 45.32 , 46.17 , 45.44 
1 , 24 , 2022 , 46.29 , 43.74 , 44.70 , 46.07 
1 , 25 , 2022 , 46.43 , 44.22 , 45.04 , 46.05 
1 , 26 , 2022 , 47.11 , 45.39 , 46.44 , 46.01 
1 , 27 , 2022 , 47.55 , 46.30 , 46.48 , 46.84 
1 , 28 , 2022 , 47.48 , 46.10 , 46.76 , 47.46 
1 , 31 , 2022 , 48.20 , 47.26 , 47.44 , 48.08 
2 , 1 , 2022 , 48.34 , 47.36 , 47.95 , 47.93 
2 , 2 , 2022 , 48.36 , 47.66 , 47.87 , 48.13 
2 , 3 , 2022 , 49.35 , 47.37 , 48.04 , 48.53 
2 , 4 , 2022 , 50.76 , 48.25 , 48.25 , 50.25 
2 , 7 , 2022 , 50.50 , 49.35 , 50.35 , 49.55 
2 , 8 , 2022 , 50.42 , 49.34 , 49.65 , 50.37 
2 , 9 , 2022 , 51.63 , 50.80 , 50.85 , 51.54 
2 , 10 , 2022 , 52.38 , 50.70 , 51.30 , 50.95 
2 , 11 , 2022 , 51.74 , 50.47 , 50.93 , 51.05 
2 , 14 , 2022 , 51.55 , 50.37 , 51.20 , 50.90 
2 , 15 , 2022 , 51.13 , 50.20 , 50.44 , 50.89 
2 , 16 , 2022 , 51.90 , 50.90 , 51.28 , 51.46 
2 , 17 , 2022 , 51.58 , 50.46 , 50.86 , 51.27 
2 , 18 , 2022 , 51.81 , 50.48 , 51.49 , 50.70 
2 , 22 , 2022 , 51.24 , 50.25 , 50.72 , 50.67 
2 , 23 , 2022 , 51.51 , 50.31 , 50.99 , 50.42 
2 , 24 , 2022 , 50.16 , 49.01 , 49.60 , 50.05 
2 , 25 , 2022 , 51.86 , 50.18 , 50.29 , 51.84 
2 , 28 , 2022 , 52.06 , 50.65 , 51.01 , 52.03 
3 , 1 , 2022 , 52.36 , 50.02 , 52.12 , 50.37 
3 , 2 , 2022 , 51.81 , 50.74 , 50.83 , 51.30 
3 , 3 , 2022 , 51.77 , 50.93 , 51.65 , 51.52 
3 , 4 , 2022 , 51.53 , 50.12 , 51.04 , 51.48 
3 , 7 , 2022 , 54.02 , 51.10 , 51.89 , 51.22 
3 , 8 , 2022 , 51.74 , 49.56 , 51.06 , 50.08 
3 , 9 , 2022 , 51.93 , 50.22 , 50.41 , 51.53 
3 , 10 , 2022 , 53.69 , 51.05 , 51.05 , 53.59 
3 , 11 , 2022 , 55.04 , 53.36 , 53.84 , 53.65 
3 , 14 , 2022 , 54.80 , 53.21 , 53.94 , 54.21 
3 , 15 , 2022 , 55.44 , 53.87 , 54.12 , 54.99 
3 , 16 , 2022 , 56.10 , 53.94 , 55.49 , 54.76 
3 , 17 , 2022 , 55.97 , 54.40 , 54.41 , 55.79 
3 , 18 , 2022 , 55.98 , 55.04 , 55.80 , 55.85 
3 , 21 , 2022 , 56.98 , 55.59 , 56.19 , 56.95 
3 , 22 , 2022 , 57.34 , 56.29 , 57.25 , 56.48 
3 , 23 , 2022 , 57.73 , 56.45 , 57.17 , 57.41 
3 , 24 , 2022 , 58.74 , 57.62 , 57.65 , 58.49 
3 , 25 , 2022 , 59.81 , 58.52 , 58.52 , 59.79 
3 , 28 , 2022 , 59.58 , 58.60 , 59.34 , 59.03 
3 , 29 , 2022 , 58.12 , 56.25 , 57.85 , 58.03 
3 , 30 , 2022 , 59.09 , 57.99 , 58.53 , 58.37 
3 , 31 , 2022 , 58.94 , 57.36 , 58.04 , 57.48 
4 , 1 , 2022 , 58.45 , 57.64 , 57.91 , 58.29 
4 , 4 , 2022 , 58.88 , 57.35 , 58.33 , 58.67 
4 , 5 , 2022 , 59.14 , 58.04 , 58.80 , 58.28 
4 , 6 , 2022 , 58.74 , 57.87 , 58.20 , 58.05 
4 , 7 , 2022 , 58.75 , 57.92 , 58.22 , 58.49 
4 , 8 , 2022 , 60.31 , 58.86 , 59.20 , 59.64 
4 , 11 , 2022 , 60.07 , 59.35 , 59.75 , 59.75 
4 , 12 , 2022 , 60.73 , 59.61 , 59.84 , 60.63 
4 , 13 , 2022 , 61.21 , 60.11 , 60.84 , 60.95 
4 , 14 , 2022 , 61.74 , 60.88 , 61.33 , 61.01 
4 , 18 , 2022 , 61.50 , 60.72 , 61.03 , 60.95 
4 , 19 , 2022 , 61.83 , 60.64 , 61.35 , 61.14 
4 , 20 , 2022 , 61.89 , 60.41 , 61.56 , 61.32 
4 , 21 , 2022 , 62.04 , 60.10 , 61.88 , 60.21 
4 , 22 , 2022 , 60.17 , 57.19 , 59.84 , 57.68 
4 , 25 , 2022 , 57.53 , 55.78 , 56.89 , 57.30 
4 , 26 , 2022 , 57.77 , 56.50 , 57.24 , 56.63 
4 , 27 , 2022 , 57.91 , 56.49 , 56.93 , 57.22 
4 , 28 , 2022 , 58.06 , 56.87 , 57.71 , 57.82 
4 , 29 , 2022 , 58.89 , 57.57 , 58.07 , 57.69 
5 , 2 , 2022 , 58.00 , 56.15 , 57.77 , 57.34 
5 , 3 , 2022 , 57.58 , 56.50 , 57.41 , 57.26 
5 , 4 , 2022 , 59.22 , 57.05 , 57.52 , 59.14 
5 , 5 , 2022 , 59.60 , 56.33 , 56.35 , 58.04 
5 , 6 , 2022 , 57.27 , 54.83 , 57.14 , 55.74 
5 , 9 , 2022 , 55.04 , 52.95 , 55.04 , 53.08 
5 , 10 , 2022 , 54.38 , 52.26 , 54.25 , 52.82 
5 , 11 , 2022 , 54.48 , 52.54 , 52.80 , 53.60 
5 , 12 , 2022 , 54.06 , 52.68 , 53.03 , 54.05 
5 , 13 , 2022 , 55.94 , 54.40 , 54.48 , 55.47 
5 , 16 , 2022 , 57.18 , 55.28 , 55.41 , 56.54 
5 , 17 , 2022 , 57.92 , 56.67 , 57.28 , 57.61 
5 , 18 , 2022 , 58.30 , 56.86 , 57.04 , 57.09 
5 , 19 , 2022 , 59.08 , 56.43 , 56.48 , 59.00 
5 , 20 , 2022 , 59.78 , 58.04 , 59.47 , 59.23 
5 , 23 , 2022 , 61.18 , 59.19 , 59.85 , 60.91 
5 , 24 , 2022 , 62.20 , 60.25 , 60.66 , 62.09 
5 , 25 , 2022 , 62.46 , 61.40 , 61.67 , 62.01 
5 , 26 , 2022 , 64.03 , 62.45 , 62.52 , 63.17 
5 , 27 , 2022 , 63.12 , 61.22 , 62.94 , 62.91 
5 , 31 , 2022 , 63.97 , 62.36 , 62.98 , 62.62 
6 , 1 , 2022 , 63.27 , 61.80 , 63.01 , 62.33 
6 , 2 , 2022 , 63.02 , 62.06 , 62.72 , 62.54 
6 , 3 , 2022 , 62.70 , 61.74 , 62.50 , 62.00 
6 , 6 , 2022 , 62.42 , 61.38 , 62.20 , 61.72 
6 , 7 , 2022 , 62.53 , 61.31 , 61.35 , 62.38 
6 , 8 , 2022 , 62.40 , 61.32 , 61.86 , 62.00 
6 , 9 , 2022 , 61.65 , 60.86 , 61.47 , 61.08 
6 , 10 , 2022 , 60.32 , 57.97 , 60.16 , 57.98 
6 , 13 , 2022 , 57.19 , 55.78 , 56.62 , 56.24 
6 , 14 , 2022 , 56.74 , 55.87 , 56.24 , 56.39 
6 , 15 , 2022 , 57.21 , 54.90 , 56.87 , 55.53 
6 , 16 , 2022 , 54.73 , 53.68 , 54.60 , 54.04 
6 , 17 , 2022 , 54.53 , 52.66 , 54.12 , 53.22 
6 , 21 , 2022 , 55.62 , 53.93 , 54.46 , 55.37 
6 , 22 , 2022 , 54.66 , 53.42 , 53.71 , 53.43 
6 , 23 , 2022 , 53.54 , 50.76 , 53.25 , 50.93 
6 , 24 , 2022 , 53.60 , 51.22 , 51.43 , 53.56 
6 , 27 , 2022 , 54.32 , 53.08 , 53.71 , 54.24 
6 , 28 , 2022 , 55.72 , 53.90 , 54.89 , 54.27 
6 , 29 , 2022 , 54.95 , 53.98 , 54.49 , 54.53 
6 , 30 , 2022 , 54.74 , 53.57 , 53.90 , 54.14 
7 , 1 , 2022 , 54.44 , 52.66 , 53.62 , 54.12 
7 , 5 , 2022 , 53.04 , 51.26 , 52.79 , 52.10 
7 , 6 , 2022 , 52.36 , 50.50 , 52.13 , 52.04 
7 , 7 , 2022 , 53.60 , 52.76 , 53.49 , 52.85 
7 , 8 , 2022 , 53.22 , 52.09 , 53.08 , 52.73 
7 , 11 , 2022 , 52.98 , 52.02 , 52.16 , 52.91 
7 , 12 , 2022 , 53.50 , 52.17 , 52.63 , 52.56 
7 , 13 , 2022 , 52.41 , 51.63 , 51.87 , 51.97 
7 , 14 , 2022 , 51.87 , 50.03 , 51.32 , 51.49 
7 , 15 , 2022 , 52.49 , 51.62 , 52.31 , 52.00 
7 , 18 , 2022 , 53.04 , 52.01 , 52.56 , 52.24 
7 , 19 , 2022 , 54.22 , 52.61 , 52.68 , 53.74 
7 , 20 , 2022 , 54.27 , 53.38 , 53.41 , 54.02 
7 , 21 , 2022 , 53.91 , 52.83 , 53.62 , 53.88 
7 , 22 , 2022 , 54.52 , 53.58 , 54.05 , 54.01 
7 , 25 , 2022 , 55.61 , 54.18 , 54.62 , 55.47 
7 , 26 , 2022 , 56.02 , 55.05 , 55.65 , 55.46 
7 , 27 , 2022 , 56.90 , 54.97 , 55.91 , 56.61 
7 , 28 , 2022 , 57.25 , 56.27 , 56.81 , 56.96 
7 , 29 , 2022 , 58.04 , 57.23 , 57.43 , 57.55 
8 , 1 , 2022 , 57.53 , 56.34 , 57.00 , 56.90 
8 , 2 , 2022 , 56.94 , 55.69 , 56.84 , 55.74 
8 , 3 , 2022 , 56.10 , 55.56 , 56.10 , 55.70 
8 , 4 , 2022 , 55.75 , 54.68 , 55.59 , 55.22 
8 , 5 , 2022 , 58.41 , 56.74 , 56.97 , 57.90 
8 , 8 , 2022 , 60.69 , 59.02 , 59.31 , 59.09 
8 , 9 , 2022 , 60.14 , 59.13 , 59.13 , 59.72 
8 , 10 , 2022 , 60.95 , 59.77 , 60.71 , 60.09 
8 , 11 , 2022 , 61.05 , 60.13 , 60.49 , 60.27 
8 , 12 , 2022 , 61.77 , 60.14 , 60.47 , 61.76 
8 , 15 , 2022 , 61.83 , 60.47 , 60.86 , 61.61 
8 , 16 , 2022 , 62.32 , 61.64 , 61.64 , 62.10 
8 , 17 , 2022 , 61.90 , 61.21 , 61.50 , 61.87 
8 , 18 , 2022 , 62.81 , 62.12 , 62.29 , 62.37 
8 , 19 , 2022 , 62.18 , 61.13 , 62.05 , 61.33 
8 , 22 , 2022 , 61.34 , 60.60 , 60.73 , 61.04 
8 , 23 , 2022 , 61.97 , 61.23 , 61.23 , 61.77 
8 , 24 , 2022 , 62.47 , 61.23 , 61.90 , 61.90 
8 , 25 , 2022 , 63.35 , 62.18 , 62.41 , 63.24 
8 , 26 , 2022 , 63.77 , 62.28 , 63.48 , 62.32 
8 , 29 , 2022 , 62.47 , 61.35 , 61.60 , 61.91 
8 , 30 , 2022 , 61.87 , 60.71 , 61.58 , 61.77 
8 , 31 , 2022 , 62.21 , 61.18 , 61.74 , 61.43 
9 , 1 , 2022 , 60.93 , 59.95 , 60.78 , 60.81 
9 , 2 , 2022 , 62.21 , 61.00 , 61.56 , 61.24 
9 , 6 , 2022 , 61.75 , 60.03 , 61.61 , 60.32 
9 , 7 , 2022 , 61.99 , 59.78 , 59.89 , 61.82 
9 , 8 , 2022 , 62.13 , 61.10 , 61.37 , 62.04 
9 , 9 , 2022 , 62.98 , 61.80 , 62.59 , 62.52 
9 , 12 , 2022 , 62.87 , 61.29 , 62.87 , 62.11 
9 , 13 , 2022 , 63.83 , 61.01 , 61.06 , 62.65 
9 , 14 , 2022 , 64.30 , 62.76 , 63.03 , 63.81 
9 , 15 , 2022 , 63.98 , 61.97 , 63.81 , 62.12 
9 , 16 , 2022 , 61.60 , 60.38 , 61.23 , 61.35 
9 , 19 , 2022 , 61.66 , 60.50 , 60.50 , 61.42 
9 , 20 , 2022 , 61.57 , 60.23 , 60.84 , 61.40 
9 , 21 , 2022 , 62.22 , 59.20 , 62.22 , 59.23 
9 , 22 , 2022 , 60.59 , 59.55 , 59.55 , 59.76 
9 , 23 , 2022 , 58.81 , 57.09 , 58.78 , 57.92 
9 , 26 , 2022 , 58.97 , 57.52 , 57.88 , 57.61 
9 , 27 , 2022 , 58.58 , 56.90 , 58.25 , 57.26 
9 , 28 , 2022 , 58.70 , 57.17 , 57.49 , 58.38 
9 , 29 , 2022 , 58.08 , 56.59 , 57.85 , 57.21 
9 , 30 , 2022 , 58.00 , 56.39 , 56.94 , 57.15 
10 , 3 , 2022 , 59.48 , 57.90 , 58.48 , 59.18 
10 , 4 , 2022 , 61.82 , 59.92 , 59.98 , 61.76 
10 , 5 , 2022 , 61.96 , 61.01 , 61.36 , 61.52 
10 , 6 , 2022 , 61.96 , 60.75 , 61.21 , 60.89 
10 , 7 , 2022 , 61.25 , 60.10 , 60.70 , 60.83 
10 , 10 , 2022 , 61.76 , 60.76 , 61.33 , 61.05 
10 , 11 , 2022 , 61.73 , 60.26 , 60.59 , 60.76 
10 , 12 , 2022 , 61.07 , 60.16 , 60.82 , 60.79 
10 , 13 , 2022 , 63.24 , 59.51 , 60.11 , 62.95 
10 , 14 , 2022 , 63.25 , 58.60 , 63.25 , 58.73 
10 , 17 , 2022 , 60.99 , 59.85 , 59.85 , 60.36 
10 , 18 , 2022 , 62.40 , 60.84 , 61.77 , 61.62 
10 , 19 , 2022 , 62.24 , 61.10 , 61.23 , 61.80 
10 , 20 , 2022 , 62.74 , 61.37 , 62.38 , 61.93 
10 , 21 , 2022 , 63.04 , 61.38 , 61.96 , 62.88 
10 , 24 , 2022 , 63.77 , 62.69 , 63.05 , 63.36 
10 , 25 , 2022 , 65.01 , 62.99 , 63.01 , 64.96 
10 , 26 , 2022 , 66.27 , 64.70 , 65.50 , 65.87 
10 , 27 , 2022 , 66.69 , 65.81 , 66.35 , 65.97 
10 , 28 , 2022 , 66.50 , 65.25 , 66.09 , 66.02 
10 , 31 , 2022 , 66.50 , 64.89 , 65.98 , 65.34 
11 , 1 , 2022 , 67.20 , 65.80 , 66.03 , 67.11 
11 , 2 , 2022 , 68.43 , 66.84 , 67.06 , 66.91 
11 , 3 , 2022 , 67.64 , 65.73 , 65.76 , 66.98 
11 , 4 , 2022 , 67.27 , 63.95 , 66.98 , 65.37 
11 , 7 , 2022 , 67.02 , 65.26 , 65.33 , 66.04 
11 , 8 , 2022 , 67.52 , 65.88 , 66.09 , 67.19 
11 , 9 , 2022 , 67.87 , 66.74 , 67.07 , 67.05 
11 , 10 , 2022 , 68.03 , 66.53 , 68.03 , 67.21 
11 , 11 , 2022 , 68.10 , 64.30 , 67.86 , 64.77 
11 , 14 , 2022 , 67.67 , 64.83 , 64.93 , 66.73 
11 , 15 , 2022 , 67.05 , 64.82 , 66.72 , 66.72 
11 , 16 , 2022 , 66.59 , 65.06 , 66.30 , 65.35 
11 , 17 , 2022 , 65.64 , 63.76 , 64.55 , 65.43 
11 , 18 , 2022 , 65.94 , 64.78 , 65.64 , 65.20 
11 , 21 , 2022 , 65.72 , 64.05 , 65.00 , 65.15 
11 , 22 , 2022 , 66.33 , 65.38 , 65.93 , 66.09 
11 , 23 , 2022 , 66.31 , 65.32 , 65.99 , 65.80 
11 , 25 , 2022 , 66.33 , 65.61 , 66.00 , 66.33 
11 , 28 , 2022 , 65.74 , 64.65 , 65.71 , 64.93 
11 , 29 , 2022 , 65.88 , 64.97 , 65.01 , 65.57 
11 , 30 , 2022 , 67.19 , 64.80 , 65.74 , 67.16 
12 , 1 , 2022 , 67.42 , 65.84 , 67.35 , 66.25 
12 , 2 , 2022 , 67.55 , 65.83 , 65.97 , 67.31 
12 , 5 , 2022 , 67.11 , 64.03 , 66.96 , 64.36 
12 , 6 , 2022 , 65.40 , 63.17 , 64.50 , 63.66 
12 , 7 , 2022 , 64.33 , 63.20 , 63.67 , 63.76 
12 , 8 , 2022 , 64.62 , 63.49 , 64.30 , 63.74 
12 , 9 , 2022 , 64.00 , 62.63 , 63.53 , 62.99 
12 , 12 , 2022 , 63.28 , 61.62 , 63.00 , 62.29 
12 , 13 , 2022 , 63.63 , 62.37 , 63.22 , 62.64 
12 , 14 , 2022 , 63.03 , 61.40 , 62.73 , 61.70 
12 , 15 , 2022 , 61.36 , 59.92 , 60.99 , 60.23 
12 , 16 , 2022 , 60.08 , 59.00 , 59.75 , 59.78 
12 , 19 , 2022 , 60.29 , 58.02 , 60.03 , 58.30 
12 , 20 , 2022 , 59.41 , 58.31 , 58.55 , 58.89 
12 , 21 , 2022 , 59.90 , 58.42 , 59.09 , 59.39 
12 , 22 , 2022 , 59.24 , 57.96 , 59.23 , 58.90 
12 , 23 , 2022 , 59.64 , 58.82 , 58.91 , 59.38 
12 , 27 , 2022 , 60.03 , 59.26 , 59.63 , 59.76 
12 , 28 , 2022 , 59.93 , 58.48 , 59.76 , 58.63 
12 , 29 , 2022 , 59.63 , 58.74 , 58.74 , 58.98 
12 , 30 , 2022 , 59.17 , 58.33 , 58.76 , 58.78 
1 , 3 , 2023 , 59.12 , 58.30 , 58.73 , 58.93 
1 , 4 , 2023 , 59.80 , 58.72 , 59.25 , 59.69 
1 , 5 , 2023 , 59.69 , 58.90 , 59.23 , 59.04 
1 , 6 , 2023 , 61.14 , 59.59 , 59.77 , 61.01 
1 , 9 , 2023 , 61.96 , 60.75 , 61.20 , 61.11 
1 , 10 , 2023 , 61.79 , 60.49 , 61.42 , 61.75 
1 , 11 , 2023 , 62.95 , 61.65 , 62.82 , 62.08 
1 , 12 , 2023 , 62.85 , 61.71 , 62.10 , 62.58 
1 , 13 , 2023 , 63.01 , 61.88 , 62.57 , 62.72 
1 , 17 , 2023 , 63.55 , 62.65 , 62.78 , 62.70 
1 , 18 , 2023 , 63.06 , 61.41 , 62.94 , 61.51 
1 , 19 , 2023 , 62.36 , 61.15 , 61.62 , 62.22 
1 , 20 , 2023 , 62.99 , 61.65 , 62.40 , 62.36 
1 , 23 , 2023 , 62.47 , 61.57 , 62.32 , 61.90 
1 , 24 , 2023 , 62.55 , 61.20 , 62.08 , 62.51 
1 , 25 , 2023 , 63.15 , 61.42 , 61.89 , 63.13 
1 , 26 , 2023 , 63.65 , 62.57 , 63.50 , 63.13 
1 , 27 , 2023 , 64.09 , 62.68 , 62.80 , 63.83 
1 , 30 , 2023 , 63.96 , 62.19 , 63.29 , 62.53 
1 , 31 , 2023 , 64.47 , 62.48 , 62.61 , 64.45 
2 , 1 , 2023 , 65.21 , 63.90 , 64.01 , 64.48 
2 , 2 , 2023 , 62.98 , 61.06 , 62.34 , 62.00 
2 , 3 , 2023 , 61.89 , 61.10 , 61.10 , 61.50 
2 , 6 , 2023 , 61.40 , 60.24 , 61.25 , 60.70 
2 , 7 , 2023 , 60.94 , 59.84 , 60.57 , 60.71 
2 , 8 , 2023 , 62.03 , 60.44 , 60.49 , 61.88 
2 , 9 , 2023 , 63.79 , 62.26 , 63.49 , 62.60 
2 , 10 , 2023 , 64.98 , 62.86 , 62.86 , 64.47 
2 , 13 , 2023 , 64.23 , 62.31 , 64.07 , 62.47 
2 , 14 , 2023 , 62.79 , 61.62 , 62.04 , 62.18 
2 , 15 , 2023 , 62.27 , 61.54 , 61.62 , 62.11 
2 , 16 , 2023 , 63.10 , 61.67 , 61.73 , 62.75 
2 , 17 , 2023 , 62.96 , 61.51 , 62.41 , 61.81 
2 , 21 , 2023 , 62.18 , 60.02 , 61.88 , 60.06 
2 , 22 , 2023 , 62.00 , 59.58 , 60.25 , 61.94 
2 , 23 , 2023 , 62.57 , 61.05 , 62.14 , 62.00 
2 , 24 , 2023 , 61.83 , 60.46 , 61.17 , 61.68 
2 , 27 , 2023 , 62.44 , 61.26 , 61.56 , 62.11 
2 , 28 , 2023 , 62.47 , 61.41 , 61.73 , 62.29 
3 , 1 , 2023 , 63.01 , 62.09 , 62.14 , 62.15 
3 , 2 , 2023 , 63.60 , 62.04 , 62.40 , 63.55 
3 , 3 , 2023 , 63.75 , 62.91 , 63.18 , 63.70 
3 , 6 , 2023 , 64.04 , 62.80 , 63.36 , 63.25 
3 , 7 , 2023 , 63.01 , 61.83 , 62.80 , 62.97 
3 , 8 , 2023 , 62.98 , 61.54 , 62.98 , 62.20 
3 , 9 , 2023 , 62.41 , 59.91 , 62.34 , 59.92 
3 , 10 , 2023 , 59.79 , 58.41 , 59.61 , 58.89 
3 , 13 , 2023 , 59.33 , 57.58 , 58.04 , 58.62 
3 , 14 , 2023 , 60.03 , 58.19 , 59.64 , 58.92 
3 , 15 , 2023 , 57.80 , 56.14 , 57.71 , 56.85 
3 , 16 , 2023 , 57.18 , 55.81 , 56.26 , 56.96 
3 , 17 , 2023 , 57.13 , 56.11 , 56.41 , 56.61 
3 , 20 , 2023 , 57.89 , 56.96 , 56.96 , 57.62 
3 , 21 , 2023 , 58.95 , 58.11 , 58.38 , 58.51 
3 , 22 , 2023 , 58.66 , 57.43 , 58.39 , 57.44 
3 , 23 , 2023 , 58.03 , 56.52 , 57.50 , 56.81 
3 , 24 , 2023 , 57.13 , 55.90 , 56.12 , 56.84 
3 , 27 , 2023 , 58.37 , 57.13 , 57.39 , 57.70 
3 , 28 , 2023 , 58.60 , 57.80 , 57.95 , 58.10 
3 , 29 , 2023 , 60.00 , 58.60 , 58.75 , 59.94 
3 , 30 , 2023 , 60.73 , 59.56 , 60.71 , 59.95 
3 , 31 , 2023 , 60.43 , 59.84 , 60.11 , 60.31 
4 , 3 , 2023 , 61.07 , 60.37 , 60.57 , 61.00 
4 , 4 , 2023 , 60.65 , 59.92 , 60.57 , 60.40 
4 , 5 , 2023 , 60.86 , 60.02 , 60.04 , 60.72 
4 , 6 , 2023 , 60.48 , 59.09 , 60.47 , 59.80 
4 , 10 , 2023 , 60.70 , 59.73 , 59.88 , 60.29 
4 , 11 , 2023 , 61.12 , 60.08 , 60.34 , 60.93 
4 , 12 , 2023 , 62.22 , 61.09 , 61.33 , 61.79 
4 , 13 , 2023 , 62.87 , 61.69 , 62.02 , 62.72 
4 , 14 , 2023 , 63.37 , 61.83 , 62.90 , 62.13 
4 , 17 , 2023 , 62.84 , 62.09 , 62.45 , 62.77 
4 , 18 , 2023 , 63.06 , 62.54 , 62.91 , 62.97 
4 , 19 , 2023 , 62.97 , 62.09 , 62.80 , 62.25 
4 , 20 , 2023 , 62.02 , 61.43 , 61.75 , 61.89 
4 , 21 , 2023 , 62.10 , 61.14 , 62.10 , 61.48 
4 , 24 , 2023 , 61.83 , 61.34 , 61.76 , 61.51 
4 , 25 , 2023 , 61.21 , 60.38 , 61.09 , 60.53 
4 , 26 , 2023 , 60.33 , 59.21 , 60.12 , 59.64 
4 , 27 , 2023 , 60.74 , 59.64 , 59.64 , 60.67 
4 , 28 , 2023 , 61.34 , 60.54 , 60.61 , 61.12 
5 , 1 , 2023 , 61.87 , 60.99 , 61.19 , 61.46 
5 , 2 , 2023 , 61.00 , 58.66 , 60.89 , 60.64 
5 , 3 , 2023 , 61.07 , 59.95 , 60.88 , 60.00 
5 , 4 , 2023 , 60.57 , 56.84 , 60.35 , 56.88 
5 , 5 , 2023 , 58.89 , 57.55 , 57.63 , 58.25 
5 , 8 , 2023 , 59.04 , 57.53 , 58.93 , 57.59 
5 , 9 , 2023 , 57.34 , 56.65 , 57.12 , 57.10 
5 , 10 , 2023 , 57.86 , 56.40 , 57.68 , 57.57 
5 , 11 , 2023 , 57.15 , 56.44 , 56.81 , 56.83 
5 , 12 , 2023 , 57.38 , 56.40 , 57.08 , 57.02 
5 , 15 , 2023 , 57.98 , 56.95 , 57.23 , 57.90 
5 , 16 , 2023 , 57.73 , 56.88 , 57.55 , 56.97 
5 , 17 , 2023 , 57.11 , 55.85 , 57.09 , 55.96 
5 , 18 , 2023 , 56.27 , 54.87 , 55.64 , 56.19 
5 , 19 , 2023 , 57.33 , 56.36 , 56.53 , 56.97 
5 , 22 , 2023 , 57.37 , 56.55 , 57.36 , 56.86 
5 , 23 , 2023 , 56.85 , 55.83 , 56.58 , 56.03 
5 , 24 , 2023 , 56.17 , 55.06 , 56.10 , 55.25 
5 , 25 , 2023 , 55.34 , 54.62 , 54.94 , 54.85 
5 , 26 , 2023 , 55.78 , 54.97 , 55.18 , 55.17 
5 , 30 , 2023 , 55.12 , 54.18 , 55.12 , 54.97 
5 , 31 , 2023 , 54.75 , 52.97 , 54.53 , 53.49 
6 , 1 , 2023 , 53.86 , 52.76 , 53.45 , 53.86 
6 , 2 , 2023 , 56.12 , 54.85 , 55.27 , 55.92 
6 , 5 , 2023 , 56.93 , 55.86 , 55.91 , 56.20 
6 , 6 , 2023 , 57.84 , 55.76 , 55.85 , 57.62 
6 , 7 , 2023 , 58.56 , 57.66 , 57.81 , 58.09 
6 , 8 , 2023 , 58.18 , 57.31 , 58.18 , 57.83 
6 , 9 , 2023 , 57.41 , 55.89 , 57.29 , 56.44 
6 , 12 , 2023 , 57.29 , 56.08 , 56.45 , 57.00 
6 , 13 , 2023 , 58.02 , 57.16 , 57.16 , 57.70 
6 , 14 , 2023 , 58.07 , 56.86 , 57.96 , 57.03 
6 , 15 , 2023 , 57.99 , 57.14 , 57.14 , 57.68 
6 , 16 , 2023 , 57.87 , 56.78 , 57.67 , 57.23 
6 , 20 , 2023 , 56.97 , 56.23 , 56.81 , 56.54 
6 , 21 , 2023 , 58.81 , 56.10 , 56.24 , 58.57 
6 , 22 , 2023 , 58.46 , 57.71 , 58.38 , 57.89 
6 , 23 , 2023 , 57.88 , 56.96 , 57.49 , 57.23 
6 , 26 , 2023 , 58.25 , 57.39 , 57.45 , 58.01 
6 , 27 , 2023 , 58.00 , 56.41 , 57.84 , 57.33 
6 , 28 , 2023 , 57.64 , 56.34 , 57.63 , 56.94 
6 , 29 , 2023 , 57.73 , 56.65 , 56.77 , 57.70 
6 , 30 , 2023 , 57.85 , 56.61 , 57.85 , 57.30 
7 , 3 , 2023 , 58.31 , 57.57 , 57.69 , 58.00 
7 , 5 , 2023 , 57.35 , 56.30 , 57.07 , 56.55 
7 , 6 , 2023 , 56.77 , 55.95 , 56.15 , 56.62 
7 , 7 , 2023 , 57.55 , 56.42 , 56.42 , 57.30 
7 , 10 , 2023 , 56.15 , 53.12 , 55.97 , 54.09 
7 , 11 , 2023 , 54.54 , 53.50 , 53.93 , 54.52 
7 , 12 , 2023 , 54.96 , 53.88 , 54.90 , 54.03 
7 , 13 , 2023 , 54.67 , 53.76 , 53.94 , 54.61 
7 , 14 , 2023 , 54.85 , 53.81 , 54.85 , 54.25 
7 , 17 , 2023 , 54.91 , 54.16 , 54.25 , 54.59 
7 , 18 , 2023 , 55.61 , 54.92 , 55.17 , 55.10 
7 , 19 , 2023 , 56.47 , 55.50 , 55.50 , 56.19 
7 , 20 , 2023 , 56.97 , 56.18 , 56.71 , 56.62 
7 , 21 , 2023 , 56.85 , 56.22 , 56.76 , 56.35 
7 , 24 , 2023 , 56.92 , 56.07 , 56.56 , 56.70 
7 , 25 , 2023 , 56.64 , 55.82 , 56.64 , 56.23 
7 , 26 , 2023 , 56.27 , 55.46 , 55.91 , 55.79 
7 , 27 , 2023 , 56.31 , 55.45 , 55.92 , 55.59 
7 , 28 , 2023 , 56.25 , 55.81 , 56.11 , 56.14 
7 , 31 , 2023 , 56.48 , 56.02 , 56.37 , 56.43 
8 , 1 , 2023 , 56.38 , 55.72 , 56.15 , 55.94 
8 , 2 , 2023 , 56.42 , 55.21 , 55.40 , 55.90 
8 , 3 , 2023 , 56.25 , 55.11 , 55.57 , 55.69 
8 , 4 , 2023 , 57.49 , 54.75 , 55.08 , 56.02 
8 , 7 , 2023 , 56.02 , 54.39 , 55.97 , 54.57 
8 , 8 , 2023 , 54.85 , 53.90 , 54.09 , 54.18 
8 , 9 , 2023 , 54.29 , 53.25 , 54.03 , 53.37 
8 , 10 , 2023 , 53.72 , 52.09 , 53.62 , 52.21 
8 , 11 , 2023 , 52.67 , 51.97 , 52.22 , 52.41 
8 , 14 , 2023 , 52.06 , 51.51 , 52.00 , 52.00 
8 , 15 , 2023 , 51.40 , 50.14 , 51.38 , 50.65 
8 , 16 , 2023 , 50.92 , 50.01 , 50.60 , 50.01 
8 , 17 , 2023 , 51.00 , 49.95 , 50.00 , 50.43 
8 , 18 , 2023 , 51.00 , 50.04 , 50.04 , 50.76 
8 , 21 , 2023 , 50.87 , 50.16 , 50.77 , 50.21 
8 , 22 , 2023 , 50.20 , 49.18 , 50.04 , 49.38 
8 , 23 , 2023 , 49.33 , 48.68 , 49.30 , 49.08 
8 , 24 , 2023 , 49.73 , 48.73 , 48.84 , 49.65 
8 , 25 , 2023 , 50.44 , 49.63 , 49.93 , 49.94 
8 , 28 , 2023 , 51.12 , 50.13 , 50.13 , 50.93 
8 , 29 , 2023 , 51.38 , 50.79 , 51.15 , 51.31 
8 , 30 , 2023 , 51.57 , 51.05 , 51.27 , 51.26 
8 , 31 , 2023 , 51.28 , 50.45 , 51.26 , 50.51 
9 , 1 , 2023 , 51.40 , 50.85 , 51.00 , 51.11 
9 , 5 , 2023 , 51.90 , 50.95 , 51.53 , 50.96 
9 , 6 , 2023 , 51.01 , 50.16 , 50.85 , 50.50 
9 , 7 , 2023 , 50.64 , 48.84 , 50.14 , 49.56 
9 , 8 , 2023 , 49.92 , 49.26 , 49.68 , 49.58 
9 , 11 , 2023 , 50.25 , 49.57 , 49.72 , 49.81 
9 , 12 , 2023 , 51.71 , 49.50 , 50.04 , 51.63 
9 , 13 , 2023 , 53.40 , 51.86 , 51.86 , 51.99 
9 , 14 , 2023 , 52.93 , 52.17 , 52.59 , 52.61 
9 , 15 , 2023 , 53.25 , 52.42 , 52.51 , 52.55 
9 , 18 , 2023 , 52.71 , 51.68 , 52.44 , 51.87 
9 , 19 , 2023 , 52.63 , 52.05 , 52.33 , 52.54 
9 , 20 , 2023 , 52.99 , 51.69 , 52.99 , 51.77 
9 , 21 , 2023 , 51.78 , 51.00 , 51.25 , 51.53 
9 , 22 , 2023 , 51.79 , 51.24 , 51.59 , 51.42 
9 , 25 , 2023 , 51.37 , 50.69 , 51.03 , 51.27 
9 , 26 , 2023 , 51.42 , 50.54 , 51.03 , 50.79 
9 , 27 , 2023 , 51.33 , 50.40 , 51.03 , 50.75 
9 , 28 , 2023 , 51.23 , 50.45 , 50.81 , 50.91 
9 , 29 , 2023 , 51.55 , 50.92 , 51.30 , 51.16 
10 , 2 , 2023 , 50.94 , 49.73 , 50.94 , 50.05 
10 , 3 , 2023 , 50.63 , 49.41 , 49.55 , 50.34 
10 , 4 , 2023 , 51.02 , 50.15 , 50.51 , 50.45 
10 , 5 , 2023 , 50.53 , 49.43 , 50.13 , 49.83 
10 , 6 , 2023 , 50.49 , 49.44 , 49.67 , 50.05 
10 , 9 , 2023 , 50.61 , 49.44 , 49.89 , 50.59 
10 , 10 , 2023 , 51.19 , 50.46 , 50.73 , 50.52 
10 , 11 , 2023 , 50.53 , 48.59 , 50.47 , 49.88 
10 , 12 , 2023 , 50.19 , 49.13 , 50.19 , 49.44 
10 , 13 , 2023 , 49.84 , 49.05 , 49.46 , 49.55 
10 , 16 , 2023 , 50.04 , 49.37 , 49.87 , 49.81 
10 , 17 , 2023 , 51.58 , 49.65 , 49.68 , 51.56 
10 , 18 , 2023 , 51.93 , 51.11 , 51.42 , 51.23 
10 , 19 , 2023 , 51.92 , 50.85 , 51.34 , 50.96 
10 , 20 , 2023 , 51.63 , 50.25 , 51.48 , 50.26 
10 , 23 , 2023 , 49.29 , 47.38 , 47.38 , 48.77 
10 , 24 , 2023 , 48.79 , 48.09 , 48.45 , 48.41 
10 , 25 , 2023 , 49.16 , 48.41 , 48.53 , 48.63 
10 , 26 , 2023 , 49.32 , 48.61 , 49.02 , 48.71 
10 , 27 , 2023 , 48.20 , 47.21 , 47.50 , 47.82 
10 , 30 , 2023 , 48.35 , 47.53 , 48.17 , 48.22 
10 , 31 , 2023 , 48.34 , 47.33 , 48.03 , 48.14 
11 , 1 , 2023 , 48.30 , 47.43 , 48.14 , 47.74 
11 , 2 , 2023 , 49.59 , 47.92 , 47.92 , 49.56 
11 , 3 , 2023 , 50.65 , 49.69 , 49.80 , 50.23 
11 , 6 , 2023 , 50.25 , 49.73 , 50.17 , 49.97 
11 , 7 , 2023 , 49.85 , 49.13 , 49.53 , 49.28 
11 , 8 , 2023 , 49.58 , 48.58 , 49.32 , 48.62 
11 , 9 , 2023 , 49.67 , 44.30 , 49.67 , 44.51 
11 , 10 , 2023 , 44.66 , 43.35 , 44.37 , 43.55 
11 , 13 , 2023 , 45.35 , 43.22 , 43.43 , 45.29 
11 , 14 , 2023 , 46.99 , 45.49 , 45.49 , 46.28 
11 , 15 , 2023 , 47.25 , 46.38 , 46.38 , 46.73 
11 , 16 , 2023 , 47.95 , 46.33 , 47.30 , 46.97 
11 , 17 , 2023 , 47.59 , 46.81 , 47.20 , 47.32 
11 , 20 , 2023 , 47.31 , 46.63 , 47.31 , 46.86 
11 , 21 , 2023 , 47.05 , 46.24 , 46.84 , 46.27 
11 , 22 , 2023 , 46.46 , 45.49 , 46.29 , 46.36 
11 , 24 , 2023 , 47.30 , 46.09 , 46.20 , 46.67 
11 , 27 , 2023 , 46.27 , 45.59 , 45.92 , 45.73 
11 , 28 , 2023 , 46.28 , 45.30 , 45.65 , 45.50 
11 , 29 , 2023 , 46.04 , 45.28 , 45.75 , 45.50 
11 , 30 , 2023 , 45.55 , 45.02 , 45.46 , 45.20 
12 , 1 , 2023 , 46.43 , 45.08 , 45.36 , 46.20 
12 , 4 , 2023 , 46.22 , 45.17 , 45.90 , 45.22 
12 , 5 , 2023 , 45.18 , 43.89 , 44.94 , 43.89 
12 , 6 , 2023 , 44.60 , 43.98 , 44.09 , 44.15 
12 , 7 , 2023 , 44.70 , 44.10 , 44.25 , 44.50 
12 , 8 , 2023 , 45.32 , 44.50 , 44.62 , 45.15 
12 , 11 , 2023 , 45.90 , 45.26 , 45.57 , 45.80 
12 , 12 , 2023 , 45.66 , 44.72 , 45.66 , 44.81 
12 , 13 , 2023 , 45.73 , 44.71 , 45.14 , 45.54 
12 , 14 , 2023 , 47.52 , 45.92 , 45.92 , 46.54 
12 , 15 , 2023 , 46.71 , 46.06 , 46.38 , 46.55 
12 , 18 , 2023 , 47.40 , 46.40 , 46.88 , 47.18 
12 , 19 , 2023 , 48.18 , 47.44 , 47.53 , 47.86 
12 , 20 , 2023 , 47.88 , 46.46 , 47.78 , 46.59 
12 , 21 , 2023 , 47.36 , 46.79 , 46.91 , 47.29 
12 , 22 , 2023 , 47.70 , 47.19 , 47.46 , 47.46 
12 , 26 , 2023 , 48.12 , 47.30 , 47.50 , 48.00 
12 , 27 , 2023 , 48.33 , 47.61 , 47.88 , 47.98 
12 , 28 , 2023 , 48.22 , 47.78 , 48.00 , 48.09 
12 , 29 , 2023 , 48.23 , 47.52 , 47.96 , 47.92 
1 , 2 , 2024 , 48.84 , 47.75 , 47.83 , 48.56 
1 , 3 , 2024 , 48.47 , 47.85 , 48.28 , 48.08 
1 , 4 , 2024 , 48.23 , 47.41 , 48.10 , 47.60 
1 , 5 , 2024 , 47.76 , 46.92 , 47.60 , 47.33 
1 , 8 , 2024 , 47.24 , 46.28 , 47.02 , 47.01 
1 , 9 , 2024 , 46.75 , 46.00 , 46.69 , 46.51 
1 , 10 , 2024 , 46.32 , 45.86 , 45.97 , 46.05 
1 , 11 , 2024 , 46.57 , 45.83 , 46.26 , 46.03 
1 , 12 , 2024 , 46.55 , 45.84 , 46.42 , 46.11 
1 , 16 , 2024 , 46.05 , 45.26 , 46.03 , 45.49 
1 , 17 , 2024 , 45.63 , 44.68 , 45.00 , 44.84 
1 , 18 , 2024 , 44.74 , 44.07 , 44.69 , 44.41 
1 , 19 , 2024 , 45.64 , 44.01 , 44.17 , 45.60 
1 , 22 , 2024 , 45.56 , 44.80 , 45.17 , 44.97 
1 , 23 , 2024 , 45.88 , 45.06 , 45.48 , 45.43 
1 , 24 , 2024 , 45.67 , 44.91 , 45.61 , 45.41 
1 , 25 , 2024 , 45.83 , 45.01 , 45.75 , 45.24 
1 , 26 , 2024 , 45.94 , 45.25 , 45.66 , 45.86 
1 , 29 , 2024 , 45.94 , 45.30 , 45.74 , 45.93 
1 , 30 , 2024 , 46.15 , 45.58 , 45.62 , 45.83 
1 , 31 , 2024 , 46.35 , 45.46 , 46.01 , 45.48 
2 , 1 , 2024 , 57.76 , 52.36 , 56.49 , 54.06 
2 , 2 , 2024 , 54.50 , 52.89 , 54.30 , 53.04 
2 , 5 , 2024 , 52.50 , 51.66 , 52.50 , 51.80 
2 , 6 , 2024 , 52.42 , 51.31 , 51.75 , 52.09 
2 , 7 , 2024 , 54.19 , 52.34 , 52.34 , 54.07 
2 , 8 , 2024 , 54.33 , 52.65 , 53.99 , 53.24 
2 , 9 , 2024 , 53.91 , 52.88 , 53.04 , 53.60 
2 , 12 , 2024 , 55.31 , 54.46 , 54.63 , 55.04 
2 , 13 , 2024 , 54.99 , 53.35 , 54.58 , 53.63 
2 , 14 , 2024 , 54.31 , 53.56 , 54.11 , 54.08 
2 , 15 , 2024 , 55.41 , 54.29 , 54.29 , 54.68 
2 , 16 , 2024 , 55.28 , 54.52 , 54.77 , 54.80 
2 , 20 , 2024 , 54.70 , 53.95 , 54.38 , 54.36 
2 , 21 , 2024 , 54.54 , 53.96 , 54.22 , 54.22 
2 , 22 , 2024 , 54.87 , 53.91 , 54.07 , 54.71 
2 , 23 , 2024 , 55.11 , 54.49 , 54.62 , 54.90 
2 , 26 , 2024 , 55.20 , 54.48 , 54.61 , 54.82 
2 , 27 , 2024 , 55.34 , 54.86 , 55.08 , 55.13 
2 , 28 , 2024 , 55.08 , 54.16 , 54.88 , 54.54 
2 , 29 , 2024 , 54.50 , 53.25 , 54.48 , 53.52 
3 , 1 , 2024 , 54.34 , 53.49 , 53.49 , 53.66 
3 , 4 , 2024 , 53.99 , 53.35 , 53.36 , 53.61 
3 , 5 , 2024 , 54.11 , 53.36 , 53.44 , 53.94 
3 , 6 , 2024 , 54.54 , 53.77 , 54.10 , 54.03 
3 , 7 , 2024 , 55.14 , 54.28 , 54.43 , 54.49 
3 , 8 , 2024 , 54.84 , 54.40 , 54.48 , 54.68 
3 , 11 , 2024 , 55.69 , 54.58 , 54.58 , 55.09 
3 , 12 , 2024 , 55.37 , 54.18 , 55.20 , 55.11 
3 , 13 , 2024 , 55.79 , 55.20 , 55.34 , 55.30 
3 , 14 , 2024 , 55.22 , 54.49 , 55.09 , 55.20 
3 , 15 , 2024 , 55.68 , 54.84 , 54.84 , 55.09 
3 , 18 , 2024 , 55.45 , 54.52 , 55.45 , 54.71 
3 , 19 , 2024 , 55.02 , 54.34 , 54.70 , 54.67 
3 , 20 , 2024 , 55.87 , 54.64 , 54.85 , 55.73 
3 , 21 , 2024 , 55.89 , 55.25 , 55.82 , 55.78 
3 , 22 , 2024 , 56.08 , 54.97 , 55.94 , 55.07 
3 , 25 , 2024 , 55.66 , 54.94 , 55.28 , 55.63 
3 , 26 , 2024 , 56.35 , 55.63 , 55.65 , 56.30 
3 , 27 , 2024 , 57.04 , 56.53 , 56.59 , 57.00 
3 , 28 , 2024 , 58.18 , 57.08 , 57.15 , 57.67 
4 , 1 , 2024 , 57.75 , 57.02 , 57.57 , 57.68 
4 , 2 , 2024 , 58.07 , 57.11 , 57.80 , 57.17 
4 , 3 , 2024 , 57.64 , 57.07 , 57.21 , 57.41 
4 , 4 , 2024 , 58.16 , 56.92 , 58.12 , 56.95 
4 , 5 , 2024 , 57.05 , 56.26 , 56.87 , 56.85 
4 , 8 , 2024 , 57.52 , 56.85 , 57.10 , 57.52 
4 , 9 , 2024 , 57.85 , 56.84 , 57.73 , 57.52 
4 , 10 , 2024 , 57.44 , 56.24 , 56.62 , 57.16 
4 , 11 , 2024 , 57.15 , 56.03 , 56.91 , 56.46 
4 , 12 , 2024 , 55.69 , 53.65 , 54.67 , 53.76 
4 , 15 , 2024 , 54.59 , 53.19 , 54.51 , 53.67 
4 , 16 , 2024 , 53.76 , 53.21 , 53.53 , 53.32 
4 , 17 , 2024 , 54.34 , 53.49 , 53.59 , 53.53 
4 , 18 , 2024 , 54.17 , 53.61 , 53.86 , 53.96 
4 , 19 , 2024 , 54.84 , 53.88 , 53.90 , 54.80 
4 , 22 , 2024 , 55.46 , 54.41 , 54.80 , 55.20 
4 , 23 , 2024 , 55.57 , 54.67 , 54.67 , 55.18 
4 , 24 , 2024 , 55.07 , 54.30 , 54.65 , 54.77 
4 , 25 , 2024 , 54.95 , 54.06 , 54.80 , 54.70 
4 , 26 , 2024 , 55.20 , 54.36 , 54.37 , 54.92 
4 , 29 , 2024 , 55.50 , 54.99 , 55.20 , 55.50 
4 , 30 , 2024 , 55.15 , 54.11 , 55.10 , 54.13 
5 , 1 , 2024 , 54.73 , 53.65 , 54.39 , 53.91 
5 , 2 , 2024 , 57.70 , 56.31 , 57.00 , 56.98 
5 , 3 , 2024 , 57.40 , 56.57 , 57.03 , 57.16 
5 , 6 , 2024 , 57.79 , 56.26 , 57.72 , 56.36 
5 , 7 , 2024 , 57.89 , 56.66 , 56.66 , 57.52 
5 , 8 , 2024 , 57.64 , 56.81 , 57.32 , 56.82 
5 , 9 , 2024 , 57.94 , 57.06 , 57.06 , 57.83 
5 , 10 , 2024 , 58.76 , 57.45 , 58.00 , 57.48 
5 , 13 , 2024 , 58.45 , 57.29 , 57.66 , 57.30 
5 , 14 , 2024 , 57.94 , 57.21 , 57.66 , 57.55 
5 , 15 , 2024 , 58.20 , 56.90 , 57.88 , 57.13 
5 , 16 , 2024 , 57.14 , 55.89 , 57.01 , 56.00 
5 , 17 , 2024 , 56.56 , 55.87 , 56.20 , 56.45 
5 , 20 , 2024 , 57.00 , 56.36 , 56.54 , 56.74 
5 , 21 , 2024 , 56.97 , 56.43 , 56.80 , 56.65 
5 , 22 , 2024 , 57.11 , 56.23 , 56.23 , 56.98 
5 , 23 , 2024 , 56.99 , 55.19 , 56.94 , 55.57 
5 , 24 , 2024 , 56.06 , 55.28 , 55.57 , 55.51 
5 , 28 , 2024 , 55.79 , 55.04 , 55.47 , 55.66 
5 , 29 , 2024 , 55.51 , 54.23 , 55.10 , 54.27 
5 , 30 , 2024 , 55.26 , 54.37 , 54.37 , 55.24 
5 , 31 , 2024 , 56.02 , 54.99 , 55.18 , 55.94 
6 , 3 , 2024 , 56.01 , 54.94 , 55.76 , 55.57 
6 , 4 , 2024 , 55.16 , 53.63 , 54.93 , 53.70 
6 , 5 , 2024 , 54.09 , 53.47 , 53.63 , 54.06 
6 , 6 , 2024 , 55.01 , 53.88 , 54.03 , 54.92 
6 , 7 , 2024 , 54.67 , 52.72 , 53.96 , 52.90 
6 , 10 , 2024 , 52.67 , 51.66 , 52.66 , 51.71 
6 , 11 , 2024 , 52.44 , 50.01 , 51.10 , 51.64 
6 , 12 , 2024 , 52.72 , 51.52 , 52.06 , 51.94 
6 , 13 , 2024 , 51.96 , 50.96 , 51.64 , 51.58 
6 , 14 , 2024 , 51.80 , 50.48 , 51.57 , 51.18 
6 , 17 , 2024 , 52.20 , 51.15 , 51.26 , 52.04 
6 , 18 , 2024 , 52.80 , 51.37 , 52.28 , 51.89 
6 , 20 , 2024 , 52.91 , 51.60 , 51.78 , 52.37 
6 , 21 , 2024 , 53.04 , 51.97 , 52.44 , 52.92 
6 , 24 , 2024 , 53.36 , 52.75 , 53.09 , 52.91 
6 , 25 , 2024 , 53.08 , 52.20 , 52.61 , 53.04 
6 , 26 , 2024 , 53.74 , 52.78 , 52.91 , 53.64 
6 , 27 , 2024 , 53.83 , 53.25 , 53.62 , 53.65 
6 , 28 , 2024 , 54.59 , 53.53 , 54.11 , 53.94 
7 , 1 , 2024 , 54.25 , 52.87 , 53.91 , 53.07 
7 , 2 , 2024 , 53.19 , 52.62 , 52.99 , 52.77 
7 , 3 , 2024 , 53.15 , 52.26 , 52.86 , 52.48 
7 , 5 , 2024 , 52.47 , 51.74 , 52.09 , 52.44 
7 , 8 , 2024 , 52.57 , 51.50 , 52.46 , 51.72 
7 , 9 , 2024 , 51.69 , 50.69 , 51.63 , 50.72 
7 , 10 , 2024 , 51.06 , 50.36 , 50.80 , 51.02 
7 , 11 , 2024 , 52.48 , 51.38 , 51.45 , 52.27 
7 , 12 , 2024 , 53.31 , 52.04 , 52.65 , 53.10 
7 , 15 , 2024 , 53.28 , 52.45 , 53.02 , 52.90 
7 , 16 , 2024 , 54.23 , 52.92 , 52.97 , 54.20 
7 , 17 , 2024 , 55.68 , 54.22 , 54.22 , 55.54 
7 , 18 , 2024 , 56.13 , 54.69 , 54.81 , 55.20 
7 , 19 , 2024 , 55.28 , 54.35 , 55.28 , 54.78 
7 , 22 , 2024 , 54.97 , 53.94 , 54.90 , 54.77 
7 , 23 , 2024 , 54.79 , 54.26 , 54.55 , 54.39 
7 , 24 , 2024 , 54.90 , 53.74 , 54.69 , 53.82 
7 , 25 , 2024 , 55.91 , 53.54 , 53.62 , 55.28 
7 , 26 , 2024 , 56.06 , 55.20 , 55.45 , 55.39 
7 , 29 , 2024 , 56.05 , 55.04 , 55.32 , 55.46 
7 , 30 , 2024 , 56.05 , 55.19 , 55.61 , 55.53 
7 , 31 , 2024 , 56.56 , 55.43 , 55.79 , 56.10 
8 , 1 , 2024 , 55.67 , 52.89 , 53.96 , 53.00 
8 , 2 , 2024 , 52.95 , 51.02 , 52.28 , 51.58 
8 , 5 , 2024 , 52.20 , 50.30 , 50.58 , 51.31 
8 , 6 , 2024 , 51.95 , 50.95 , 51.17 , 51.18 
8 , 7 , 2024 , 52.39 , 50.75 , 51.46 , 50.78 
8 , 8 , 2024 , 51.64 , 50.96 , 51.07 , 51.55 
8 , 9 , 2024 , 51.77 , 50.78 , 51.49 , 51.56 
8 , 12 , 2024 , 51.74 , 51.13 , 51.53 , 51.22 
8 , 13 , 2024 , 52.03 , 51.00 , 51.34 , 51.73 
8 , 14 , 2024 , 52.07 , 51.25 , 51.87 , 51.99 
8 , 15 , 2024 , 52.95 , 52.39 , 52.67 , 52.76 
8 , 16 , 2024 , 53.92 , 52.59 , 52.78 , 53.80 
8 , 19 , 2024 , 54.63 , 53.82 , 54.00 , 54.31 
8 , 20 , 2024 , 54.21 , 53.52 , 54.21 , 53.60 
8 , 21 , 2024 , 54.42 , 53.75 , 53.87 , 54.28 
8 , 22 , 2024 , 54.56 , 53.97 , 54.23 , 54.55 
8 , 23 , 2024 , 55.64 , 54.74 , 54.84 , 55.58 
8 , 26 , 2024 , 56.28 , 55.38 , 55.80 , 55.65 
8 , 27 , 2024 , 55.65 , 54.95 , 55.34 , 55.56 
8 , 28 , 2024 , 56.04 , 55.09 , 55.52 , 56.00 
8 , 29 , 2024 , 57.42 , 55.87 , 56.50 , 57.00 
8 , 30 , 2024 , 57.57 , 56.71 , 56.77 , 57.30 
9 , 3 , 2024 , 56.58 , 55.35 , 56.45 , 55.57 
9 , 4 , 2024 , 56.08 , 55.19 , 55.80 , 55.50 
9 , 5 , 2024 , 56.31 , 54.95 , 55.86 , 55.11 
9 , 6 , 2024 , 55.66 , 54.88 , 54.92 , 55.33 
9 , 9 , 2024 , 56.26 , 55.24 , 55.64 , 55.80 
9 , 10 , 2024 , 55.91 , 55.03 , 55.91 , 55.38 
9 , 11 , 2024 , 55.29 , 53.93 , 55.26 , 55.15 
9 , 12 , 2024 , 55.73 , 55.01 , 55.18 , 55.70 
9 , 13 , 2024 , 56.71 , 55.93 , 55.93 , 56.63 
9 , 16 , 2024 , 57.19 , 55.80 , 56.90 , 56.27 
9 , 17 , 2024 , 57.14 , 56.53 , 56.66 , 57.04 
9 , 18 , 2024 , 57.90 , 56.73 , 56.73 , 57.44 
9 , 19 , 2024 , 58.92 , 57.80 , 58.28 , 58.60 
9 , 20 , 2024 , 58.05 , 57.01 , 58.05 , 57.58 
9 , 23 , 2024 , 58.14 , 57.58 , 57.61 , 58.00 
9 , 24 , 2024 , 58.54 , 55.67 , 58.23 , 57.85 
9 , 25 , 2024 , 58.08 , 56.82 , 58.05 , 57.15 
9 , 26 , 2024 , 58.19 , 57.35 , 57.56 , 58.02 
9 , 27 , 2024 , 59.08 , 58.35 , 58.38 , 58.58 
9 , 30 , 2024 , 58.80 , 58.10 , 58.67 , 58.79 
10 , 1 , 2024 , 58.82 , 57.90 , 58.09 , 57.99 
10 , 2 , 2024 , 58.91 , 57.85 , 58.26 , 58.64 
10 , 3 , 2024 , 58.52 , 57.96 , 58.36 , 58.09 
10 , 4 , 2024 , 58.80 , 58.11 , 58.61 , 58.33 
10 , 7 , 2024 , 58.18 , 57.21 , 58.03 , 57.46 
10 , 8 , 2024 , 57.28 , 56.51 , 57.10 , 56.89 
10 , 9 , 2024 , 57.24 , 56.48 , 56.80 , 56.50 
10 , 10 , 2024 , 56.62 , 55.65 , 56.02 , 56.55 
10 , 11 , 2024 , 57.50 , 56.64 , 56.65 , 56.84 
10 , 14 , 2024 , 57.83 , 56.45 , 56.72 , 57.76 
10 , 15 , 2024 , 57.77 , 57.13 , 57.59 , 57.30 
10 , 16 , 2024 , 59.04 , 57.93 , 58.48 , 58.95 
10 , 17 , 2024 , 59.13 , 58.37 , 58.76 , 58.95 
10 , 18 , 2024 , 59.68 , 58.93 , 59.37 , 59.41 
10 , 21 , 2024 , 59.48 , 58.55 , 59.47 , 59.25 
10 , 22 , 2024 , 59.20 , 58.33 , 58.97 , 59.12 
10 , 23 , 2024 , 60.88 , 59.32 , 59.49 , 60.79 
10 , 24 , 2024 , 61.20 , 60.43 , 60.90 , 60.78 
10 , 25 , 2024 , 61.21 , 60.33 , 60.95 , 60.35 
10 , 28 , 2024 , 61.25 , 60.37 , 60.51 , 61.13 
10 , 29 , 2024 , 61.38 , 60.70 , 60.91 , 60.79 
10 , 30 , 2024 , 62.38 , 60.94 , 60.94 , 61.57 
10 , 31 , 2024 , 61.95 , 60.92 , 61.69 , 60.92 
11 , 1 , 2024 , 61.35 , 60.53 , 60.81 , 60.86 
11 , 4 , 2024 , 61.64 , 60.75 , 61.06 , 61.21 
11 , 5 , 2024 , 61.94 , 60.66 , 60.93 , 61.75 
11 , 6 , 2024 , 63.75 , 60.78 , 63.75 , 61.74 
11 , 7 , 2024 , 59.20 , 57.30 , 58.00 , 58.64 
11 , 8 , 2024 , 59.54 , 58.15 , 58.97 , 58.33 
11 , 11 , 2024 , 59.26 , 58.31 , 58.83 , 58.52 
11 , 12 , 2024 , 58.55 , 57.00 , 58.55 , 57.13 
11 , 13 , 2024 , 58.02 , 57.26 , 57.30 , 57.66 
11 , 14 , 2024 , 57.85 , 57.11 , 57.68 , 57.41 
11 , 15 , 2024 , 57.46 , 55.18 , 57.25 , 55.21 
11 , 18 , 2024 , 57.05 , 55.31 , 55.42 , 56.99 
11 , 19 , 2024 , 58.41 , 56.17 , 56.33 , 58.24 
11 , 20 , 2024 , 59.03 , 58.00 , 58.46 , 58.76 
11 , 21 , 2024 , 61.07 , 58.89 , 59.33 , 60.76 
11 , 22 , 2024 , 61.27 , 60.06 , 60.48 , 61.23 
11 , 25 , 2024 , 64.20 , 61.63 , 61.63 , 64.13 
11 , 26 , 2024 , 63.88 , 62.76 , 63.34 , 63.25 
11 , 27 , 2024 , 64.10 , 62.36 , 63.36 , 62.50 
11 , 29 , 2024 , 62.56 , 61.31 , 61.78 , 62.24 
12 , 2 , 2024 , 62.47 , 61.57 , 62.25 , 62.23 
12 , 3 , 2024 , 62.49 , 61.61 , 62.40 , 62.00 
12 , 4 , 2024 , 61.78 , 60.96 , 61.53 , 61.17 
12 , 5 , 2024 , 61.49 , 60.74 , 61.20 , 60.78 
12 , 6 , 2024 , 60.98 , 59.42 , 60.37 , 59.49 
12 , 9 , 2024 , 60.82 , 59.66 , 59.81 , 59.74 
12 , 10 , 2024 , 59.89 , 58.15 , 59.79 , 59.42 
12 , 11 , 2024 , 60.50 , 59.32 , 59.53 , 59.78 
12 , 12 , 2024 , 60.14 , 59.27 , 59.81 , 59.30 
12 , 13 , 2024 , 59.75 , 58.71 , 59.25 , 59.49 
12 , 16 , 2024 , 60.10 , 58.92 , 59.35 , 58.95 
12 , 17 , 2024 , 59.10 , 57.77 , 58.64 , 58.57 
12 , 18 , 2024 , 58.99 , 56.37 , 58.47 , 56.41 
12 , 19 , 2024 , 56.93 , 56.16 , 56.79 , 56.16 
12 , 20 , 2024 , 57.89 , 56.30 , 56.42 , 57.48 
12 , 23 , 2024 , 57.66 , 56.15 , 57.57 , 56.92 
12 , 24 , 2024 , 57.52 , 56.40 , 57.14 , 57.48 
12 , 26 , 2024 , 57.82 , 56.62 , 56.89 , 57.43 
12 , 27 , 2024 , 57.92 , 56.95 , 56.97 , 57.24 
12 , 30 , 2024 , 56.96 , 56.22 , 56.68 , 56.56 
12 , 31 , 2024 , 57.10 , 56.46 , 56.63 , 56.96 
1 , 2 , 2025 , 57.35 , 56.30 , 56.86 , 56.34 
1 , 3 , 2025 , 56.96 , 55.70 , 56.59 , 55.94 
1 , 6 , 2025 , 57.90 , 56.29 , 56.29 , 56.94 
1 , 7 , 2025 , 57.66 , 56.66 , 56.71 , 57.03 
1 , 8 , 2025 , 57.20 , 56.47 , 57.00 , 57.15 
1 , 10 , 2025 , 57.43 , 55.68 , 55.68 , 57.09 
1 , 13 , 2025 , 60.03 , 57.20 , 57.20 , 59.93 
1 , 14 , 2025 , 60.97 , 60.01 , 60.06 , 60.89 
1 , 15 , 2025 , 61.90 , 60.33 , 61.64 , 60.92 
1 , 16 , 2025 , 61.68 , 60.62 , 60.92 , 61.63 
1 , 17 , 2025 , 62.43 , 61.60 , 61.67 , 62.32 
1 , 21 , 2025 , 63.16 , 62.22 , 62.86 , 63.12 
1 , 22 , 2025 , 63.17 , 62.45 , 62.95 , 62.51 
1 , 23 , 2025 , 64.23 , 62.30 , 62.50 , 64.19 
1 , 24 , 2025 , 64.32 , 63.33 , 64.21 , 63.96 
1 , 27 , 2025 , 64.72 , 63.80 , 64.53 , 64.47 
1 , 28 , 2025 , 64.86 , 64.11 , 64.45 , 64.28 
1 , 29 , 2025 , 65.44 , 64.24 , 64.44 , 65.00 
1 , 30 , 2025 , 66.24 , 64.89 , 65.30 , 66.15 
1 , 31 , 2025 , 66.16 , 64.93 , 65.80 , 65.27 
2 , 3 , 2025 , 65.12 , 63.15 , 64.32 , 64.61 
2 , 4 , 2025 , 65.90 , 64.88 , 65.21 , 65.70 
2 , 5 , 2025 , 65.01 , 63.00 , 63.36 , 63.82 
2 , 6 , 2025 , 64.39 , 60.92 , 63.57 , 62.36 
2 , 7 , 2025 , 64.62 , 61.99 , 62.50 , 62.34 
2 , 10 , 2025 , 63.14 , 62.06 , 62.82 , 62.21 
2 , 11 , 2025 , 63.46 , 61.83 , 62.08 , 62.97 
2 , 12 , 2025 , 62.75 , 61.99 , 62.25 , 62.06 
2 , 13 , 2025 , 62.91 , 61.99 , 62.28 , 62.86 
2 , 14 , 2025 , 64.44 , 63.11 , 63.50 , 63.96 
2 , 18 , 2025 , 64.83 , 63.77 , 64.10 , 64.46 
2 , 19 , 2025 , 64.30 , 63.33 , 63.61 , 63.64 
2 , 20 , 2025 , 63.95 , 63.20 , 63.74 , 63.83 
2 , 21 , 2025 , 63.73 , 62.54 , 63.64 , 62.76 
2 , 24 , 2025 , 63.39 , 62.52 , 63.34 , 62.61 
2 , 25 , 2025 , 63.24 , 62.29 , 62.83 , 62.98 
2 , 26 , 2025 , 63.13 , 62.18 , 63.13 , 62.80 
2 , 27 , 2025 , 63.77 , 62.50 , 62.92 , 62.82 
2 , 28 , 2025 , 63.06 , 61.75 , 62.99 , 62.98 
3 , 3 , 2025 , 63.50 , 60.03 , 63.06 , 60.40 
3 , 4 , 2025 , 60.52 , 59.03 , 60.35 , 59.80 
3 , 5 , 2025 , 61.20 , 59.71 , 59.93 , 61.16 
3 , 6 , 2025 , 61.53 , 60.30 , 61.00 , 60.86 
3 , 7 , 2025 , 61.20 , 59.97 , 60.60 , 60.56 
3 , 10 , 2025 , 60.76 , 59.44 , 60.08 , 60.24 
3 , 11 , 2025 , 60.51 , 59.66 , 60.24 , 59.97 
3 , 12 , 2025 , 60.47 , 58.56 , 59.96 , 59.00 
3 , 13 , 2025 , 59.24 , 58.09 , 58.77 , 58.59 
3 , 14 , 2025 , 59.92 , 58.77 , 59.09 , 59.82 
3 , 17 , 2025 , 61.91 , 59.88 , 59.89 , 61.58 
3 , 18 , 2025 , 61.75 , 61.07 , 61.48 , 61.58 
3 , 19 , 2025 , 62.78 , 61.42 , 61.57 , 62.46 
3 , 20 , 2025 , 62.36 , 61.55 , 62.09 , 61.83 
3 , 21 , 2025 , 61.94 , 61.16 , 61.54 , 61.72 
3 , 24 , 2025 , 62.60 , 61.65 , 62.60 , 62.07 
3 , 25 , 2025 , 62.35 , 61.56 , 62.08 , 61.85 
3 , 26 , 2025 , 62.99 , 62.05 , 62.07 , 62.70 
3 , 27 , 2025 , 63.13 , 62.19 , 62.70 , 62.44 
3 , 28 , 2025 , 62.53 , 60.72 , 62.35 , 61.06 
3 , 31 , 2025 , 63.22 , 60.86 , 61.30 , 62.93 
4 , 1 , 2025 , 63.76 , 62.38 , 63.08 , 63.55 
4 , 2 , 2025 , 64.03 , 62.99 , 63.19 , 64.00 
4 , 3 , 2025 , 62.50 , 61.09 , 62.45 , 61.30 
4 , 4 , 2025 , 59.98 , 55.47 , 59.81 , 55.79 
4 , 7 , 2025 , 58.74 , 53.40 , 55.22 , 55.57 
4 , 8 , 2025 , 57.19 , 54.25 , 56.66 , 55.52 
4 , 9 , 2025 , 59.18 , 54.50 , 55.00 , 58.56 
4 , 10 , 2025 , 58.36 , 56.14 , 57.73 , 57.94 
4 , 11 , 2025 , 59.80 , 57.00 , 57.60 , 59.28 
4 , 14 , 2025 , 60.82 , 59.38 , 59.88 , 60.29 
4 , 15 , 2025 , 60.63 , 59.65 , 59.98 , 59.70 
4 , 16 , 2025 , 60.26 , 58.91 , 59.63 , 59.20 
4 , 17 , 2025 , 60.12 , 59.23 , 59.59 , 59.74 
4 , 21 , 2025 , 59.76 , 58.58 , 59.38 , 59.12 
4 , 22 , 2025 , 60.75 , 59.39 , 59.61 , 60.65 
4 , 23 , 2025 , 62.25 , 60.59 , 61.39 , 61.07 
4 , 24 , 2025 , 61.90 , 60.79 , 61.18 , 61.71 
4 , 25 , 2025 , 62.09 , 61.00 , 61.26 , 61.47 
4 , 28 , 2025 , 62.35 , 61.10 , 61.71 , 61.56 
4 , 29 , 2025 , 62.52 , 60.99 , 61.17 , 61.80 
4 , 30 , 2025 , 62.14 , 60.68 , 61.12 , 61.99 
