Month , Day , Year , High , Low , Open , Close
2 , 23 , 2021 , 185.46 , 165.55 , 175.96 , 173.50 
2 , 24 , 2021 , 180.55 , 173.52 , 174.36 , 176.32 
2 , 25 , 2021 , 182.56 , 163.73 , 174.41 , 166.87 
2 , 26 , 2021 , 172.97 , 155.02 , 155.50 , 169.49 
3 , 1 , 2021 , 173.79 , 164.20 , 171.44 , 168.89 
3 , 2 , 2021 , 170.80 , 155.22 , 168.00 , 160.59 
3 , 3 , 2021 , 161.34 , 144.56 , 156.69 , 148.25 
3 , 4 , 2021 , 152.47 , 138.82 , 147.32 , 150.00 
3 , 5 , 2021 , 160.00 , 138.45 , 150.50 , 151.48 
3 , 8 , 2021 , 150.40 , 130.03 , 146.41 , 133.41 
3 , 9 , 2021 , 147.21 , 130.00 , 132.91 , 141.48 
3 , 10 , 2021 , 147.74 , 134.04 , 143.14 , 135.77 
3 , 11 , 2021 , 147.73 , 139.56 , 140.00 , 144.97 
3 , 12 , 2021 , 145.46 , 136.55 , 139.83 , 142.03 
3 , 15 , 2021 , 144.04 , 138.03 , 143.78 , 140.69 
3 , 16 , 2021 , 141.99 , 133.09 , 140.79 , 133.66 
3 , 17 , 2021 , 136.25 , 127.70 , 133.00 , 133.80 
3 , 18 , 2021 , 134.67 , 129.31 , 131.46 , 130.62 
3 , 19 , 2021 , 136.62 , 127.13 , 132.08 , 135.03 
3 , 22 , 2021 , 139.48 , 133.44 , 136.00 , 135.91 
3 , 23 , 2021 , 139.90 , 131.35 , 136.20 , 131.76 
3 , 24 , 2021 , 132.54 , 124.90 , 131.77 , 125.53 
3 , 25 , 2021 , 132.77 , 121.00 , 124.88 , 131.75 
3 , 26 , 2021 , 136.99 , 129.57 , 131.63 , 134.01 
3 , 29 , 2021 , 138.52 , 129.66 , 133.53 , 129.98 
3 , 30 , 2021 , 132.00 , 126.16 , 128.21 , 130.60 
3 , 31 , 2021 , 132.83 , 127.64 , 130.96 , 131.13 
4 , 1 , 2021 , 140.90 , 130.94 , 135.60 , 133.14 
4 , 5 , 2021 , 134.73 , 130.54 , 133.89 , 133.55 
4 , 6 , 2021 , 135.50 , 130.51 , 131.75 , 131.09 
4 , 7 , 2021 , 134.71 , 127.25 , 131.19 , 127.50 
4 , 8 , 2021 , 130.45 , 126.14 , 129.02 , 128.14 
4 , 9 , 2021 , 141.00 , 122.06 , 126.30 , 140.50 
4 , 12 , 2021 , 149.01 , 136.28 , 138.00 , 147.83 
4 , 13 , 2021 , 150.36 , 143.55 , 146.84 , 149.46 
4 , 14 , 2021 , 153.28 , 143.11 , 150.01 , 143.65 
4 , 15 , 2021 , 154.88 , 144.87 , 145.00 , 151.50 
4 , 16 , 2021 , 151.29 , 148.25 , 151.29 , 149.49 
4 , 19 , 2021 , 150.34 , 142.31 , 143.51 , 146.67 
4 , 20 , 2021 , 148.81 , 142.25 , 146.72 , 144.35 
4 , 21 , 2021 , 143.74 , 139.06 , 143.74 , 143.32 
4 , 22 , 2021 , 149.50 , 142.21 , 144.90 , 143.96 
4 , 23 , 2021 , 153.17 , 144.01 , 145.06 , 152.75 
4 , 26 , 2021 , 157.34 , 150.44 , 153.20 , 153.80 
4 , 27 , 2021 , 164.67 , 154.90 , 156.55 , 162.13 
4 , 28 , 2021 , 167.23 , 158.40 , 160.01 , 162.45 
4 , 29 , 2021 , 164.04 , 144.13 , 164.04 , 150.11 
4 , 30 , 2021 , 150.63 , 142.13 , 148.31 , 143.17 
5 , 3 , 2021 , 146.43 , 139.53 , 142.85 , 140.47 
5 , 4 , 2021 , 138.03 , 129.59 , 137.31 , 135.22 
5 , 5 , 2021 , 134.00 , 124.93 , 134.00 , 128.39 
5 , 6 , 2021 , 131.11 , 120.05 , 127.88 , 122.77 
5 , 7 , 2021 , 129.49 , 122.55 , 126.49 , 124.89 
5 , 10 , 2021 , 125.09 , 118.56 , 124.90 , 120.45 
5 , 11 , 2021 , 125.50 , 114.69 , 115.46 , 124.54 
5 , 12 , 2021 , 120.17 , 112.05 , 119.52 , 112.99 
5 , 13 , 2021 , 118.72 , 110.13 , 114.05 , 115.49 
5 , 14 , 2021 , 146.63 , 123.57 , 125.00 , 141.07 
5 , 17 , 2021 , 140.69 , 130.71 , 138.91 , 133.79 
5 , 18 , 2021 , 143.85 , 133.09 , 135.50 , 138.56 
5 , 19 , 2021 , 140.73 , 130.01 , 130.36 , 140.20 
5 , 20 , 2021 , 138.02 , 133.35 , 134.81 , 137.00 
5 , 21 , 2021 , 138.85 , 135.44 , 136.77 , 137.57 
5 , 24 , 2021 , 143.42 , 137.36 , 139.00 , 140.46 
5 , 25 , 2021 , 141.48 , 135.68 , 140.11 , 136.27 
5 , 26 , 2021 , 145.23 , 136.38 , 138.73 , 141.86 
5 , 27 , 2021 , 155.50 , 140.17 , 142.30 , 152.82 
5 , 28 , 2021 , 154.22 , 149.56 , 152.00 , 150.28 
6 , 1 , 2021 , 154.95 , 147.34 , 152.20 , 149.27 
6 , 2 , 2021 , 153.20 , 146.53 , 148.13 , 149.83 
6 , 3 , 2021 , 150.46 , 138.31 , 149.89 , 139.11 
6 , 4 , 2021 , 147.13 , 139.83 , 140.64 , 143.80 
6 , 7 , 2021 , 154.15 , 134.12 , 146.47 , 142.50 
6 , 8 , 2021 , 142.91 , 135.69 , 139.82 , 136.76 
6 , 9 , 2021 , 141.26 , 135.66 , 137.59 , 136.98 
6 , 10 , 2021 , 145.26 , 136.12 , 136.51 , 144.85 
6 , 11 , 2021 , 154.35 , 145.04 , 145.65 , 154.16 
6 , 14 , 2021 , 160.10 , 154.38 , 155.46 , 158.83 
6 , 15 , 2021 , 160.10 , 155.30 , 158.00 , 158.65 
6 , 16 , 2021 , 164.00 , 157.16 , 158.00 , 161.46 
6 , 17 , 2021 , 165.01 , 158.58 , 159.21 , 164.52 
6 , 18 , 2021 , 174.59 , 164.00 , 165.99 , 167.33 
6 , 21 , 2021 , 177.50 , 163.53 , 167.50 , 173.21 
6 , 22 , 2021 , 178.99 , 172.45 , 174.33 , 178.98 
6 , 23 , 2021 , 177.52 , 169.41 , 176.64 , 174.03 
6 , 24 , 2021 , 180.95 , 175.07 , 176.11 , 175.30 
6 , 25 , 2021 , 180.94 , 174.09 , 176.03 , 176.72 
6 , 28 , 2021 , 181.25 , 175.11 , 181.08 , 175.60 
6 , 29 , 2021 , 184.28 , 175.07 , 177.25 , 183.91 
6 , 30 , 2021 , 183.79 , 174.56 , 180.50 , 178.33 
7 , 1 , 2021 , 182.66 , 177.15 , 179.36 , 180.59 
7 , 2 , 2021 , 184.70 , 180.35 , 181.05 , 182.91 
7 , 6 , 2021 , 183.99 , 178.22 , 183.16 , 182.77 
7 , 7 , 2021 , 185.85 , 180.17 , 184.63 , 185.15 
7 , 8 , 2021 , 181.00 , 174.37 , 174.98 , 178.56 
7 , 9 , 2021 , 181.65 , 176.54 , 180.66 , 180.23 
7 , 12 , 2021 , 183.42 , 176.00 , 182.21 , 177.18 
7 , 13 , 2021 , 179.06 , 175.16 , 177.00 , 176.49 
7 , 14 , 2021 , 178.31 , 169.10 , 177.39 , 169.33 
7 , 15 , 2021 , 174.63 , 164.16 , 167.83 , 167.33 
7 , 16 , 2021 , 169.83 , 164.65 , 168.51 , 167.36 
7 , 19 , 2021 , 176.99 , 163.15 , 163.32 , 175.50 
7 , 20 , 2021 , 180.00 , 173.65 , 176.24 , 177.56 
7 , 21 , 2021 , 179.49 , 175.68 , 177.69 , 179.02 
7 , 22 , 2021 , 184.29 , 177.88 , 179.18 , 182.78 
7 , 23 , 2021 , 188.62 , 180.39 , 181.95 , 188.60 
7 , 26 , 2021 , 188.32 , 182.64 , 186.21 , 184.09 
7 , 27 , 2021 , 184.00 , 174.12 , 182.80 , 179.99 
7 , 28 , 2021 , 187.50 , 181.29 , 182.12 , 186.85 
7 , 29 , 2021 , 185.33 , 177.78 , 184.00 , 178.06 
7 , 30 , 2021 , 176.74 , 173.13 , 175.81 , 174.29 
8 , 2 , 2021 , 179.53 , 169.80 , 175.35 , 177.63 
8 , 3 , 2021 , 180.56 , 175.54 , 177.01 , 177.13 
8 , 4 , 2021 , 180.42 , 175.05 , 175.44 , 178.52 
8 , 5 , 2021 , 186.08 , 177.84 , 178.37 , 181.33 
8 , 6 , 2021 , 183.39 , 178.62 , 182.42 , 181.56 
8 , 9 , 2021 , 186.11 , 180.11 , 182.80 , 183.15 
8 , 10 , 2021 , 194.25 , 186.20 , 186.90 , 190.16 
8 , 11 , 2021 , 191.63 , 187.02 , 190.51 , 190.56 
8 , 12 , 2021 , 192.49 , 187.00 , 192.19 , 188.21 
8 , 13 , 2021 , 195.45 , 177.15 , 181.00 , 194.79 
8 , 16 , 2021 , 192.78 , 186.19 , 189.54 , 187.67 
8 , 17 , 2021 , 194.21 , 183.61 , 184.55 , 185.88 
8 , 18 , 2021 , 194.25 , 184.74 , 185.00 , 191.63 
8 , 19 , 2021 , 185.43 , 178.24 , 182.62 , 182.06 
8 , 20 , 2021 , 187.23 , 176.15 , 182.80 , 184.08 
8 , 23 , 2021 , 185.00 , 173.57 , 176.65 , 183.08 
8 , 24 , 2021 , 189.53 , 183.34 , 184.89 , 187.45 
8 , 25 , 2021 , 190.12 , 184.55 , 185.45 , 188.25 
8 , 26 , 2021 , 194.65 , 187.17 , 188.46 , 191.00 
8 , 27 , 2021 , 190.25 , 186.05 , 186.89 , 187.94 
8 , 30 , 2021 , 193.83 , 187.61 , 187.91 , 192.70 
8 , 31 , 2021 , 196.65 , 189.87 , 192.49 , 191.40 
9 , 1 , 2021 , 194.80 , 190.60 , 192.00 , 191.80 
9 , 2 , 2021 , 193.50 , 189.26 , 192.00 , 191.72 
9 , 3 , 2021 , 194.12 , 190.00 , 191.00 , 193.46 
9 , 7 , 2021 , 199.50 , 192.16 , 195.00 , 197.12 
9 , 8 , 2021 , 203.64 , 194.75 , 195.26 , 200.92 
9 , 9 , 2021 , 210.14 , 200.80 , 201.77 , 207.74 
9 , 10 , 2021 , 214.25 , 206.81 , 209.00 , 210.37 
9 , 13 , 2021 , 212.14 , 203.66 , 208.62 , 208.64 
9 , 14 , 2021 , 211.70 , 203.10 , 205.90 , 203.33 
9 , 15 , 2021 , 211.48 , 203.59 , 204.89 , 209.85 
9 , 16 , 2021 , 225.45 , 216.60 , 217.04 , 221.50 
9 , 17 , 2021 , 227.40 , 220.00 , 223.03 , 222.91 
9 , 20 , 2021 , 226.57 , 217.32 , 219.24 , 220.32 
9 , 21 , 2021 , 224.48 , 217.50 , 222.33 , 221.36 
9 , 22 , 2021 , 223.57 , 215.83 , 221.35 , 217.66 
9 , 23 , 2021 , 220.50 , 211.71 , 220.04 , 217.00 
9 , 24 , 2021 , 225.42 , 217.83 , 219.98 , 220.52 
9 , 27 , 2021 , 219.45 , 212.78 , 218.22 , 216.73 
9 , 28 , 2021 , 214.49 , 204.55 , 213.51 , 206.32 
9 , 29 , 2021 , 210.00 , 205.38 , 207.49 , 205.83 
9 , 30 , 2021 , 208.49 , 203.24 , 205.99 , 205.98 
10 , 1 , 2021 , 209.77 , 200.68 , 208.46 , 203.99 
10 , 4 , 2021 , 203.62 , 196.86 , 201.14 , 197.68 
10 , 5 , 2021 , 202.93 , 198.92 , 199.83 , 199.50 
10 , 6 , 2021 , 205.40 , 198.19 , 198.73 , 205.26 
10 , 7 , 2021 , 210.25 , 204.58 , 209.31 , 204.92 
10 , 8 , 2021 , 207.99 , 204.15 , 204.90 , 204.42 
10 , 11 , 2021 , 204.41 , 194.54 , 203.43 , 195.30 
10 , 12 , 2021 , 204.35 , 198.66 , 202.93 , 199.00 
10 , 13 , 2021 , 206.38 , 198.73 , 200.00 , 205.42 
10 , 14 , 2021 , 213.94 , 205.88 , 207.00 , 212.43 
10 , 15 , 2021 , 217.55 , 212.48 , 213.51 , 214.07 
10 , 18 , 2021 , 215.99 , 213.27 , 214.62 , 215.37 
10 , 19 , 2021 , 218.28 , 211.08 , 218.28 , 213.33 
10 , 20 , 2021 , 217.85 , 213.56 , 214.75 , 215.68 
10 , 21 , 2021 , 220.27 , 212.81 , 214.83 , 218.82 
10 , 22 , 2021 , 218.44 , 212.39 , 218.00 , 213.83 
10 , 25 , 2021 , 220.61 , 214.07 , 215.00 , 216.33 
10 , 26 , 2021 , 219.08 , 211.92 , 217.63 , 212.93 
10 , 27 , 2021 , 203.00 , 195.93 , 199.72 , 198.95 
10 , 28 , 2021 , 199.65 , 194.54 , 197.93 , 196.00 
10 , 29 , 2021 , 198.80 , 194.13 , 196.01 , 194.80 
11 , 1 , 2021 , 198.85 , 192.65 , 195.01 , 197.94 
11 , 2 , 2021 , 201.38 , 196.26 , 198.26 , 199.19 
11 , 3 , 2021 , 206.69 , 197.90 , 200.05 , 206.02 
11 , 4 , 2021 , 209.58 , 204.27 , 207.25 , 207.44 
11 , 5 , 2021 , 208.27 , 198.36 , 204.35 , 198.68 
11 , 8 , 2021 , 202.87 , 191.86 , 199.40 , 193.15 
11 , 9 , 2021 , 198.75 , 187.36 , 196.40 , 192.01 
11 , 10 , 2021 , 232.00 , 209.00 , 223.58 , 214.24 
11 , 11 , 2021 , 233.08 , 218.24 , 219.26 , 227.42 
11 , 12 , 2021 , 249.50 , 227.51 , 227.87 , 245.97 
11 , 15 , 2021 , 257.25 , 241.21 , 247.89 , 242.72 
11 , 16 , 2021 , 242.51 , 234.26 , 237.06 , 234.65 
11 , 17 , 2021 , 235.75 , 225.57 , 235.00 , 229.46 
11 , 18 , 2021 , 229.62 , 223.84 , 226.44 , 228.81 
11 , 19 , 2021 , 235.00 , 214.79 , 234.79 , 215.25 
11 , 22 , 2021 , 217.95 , 189.21 , 217.95 , 201.46 
11 , 23 , 2021 , 199.36 , 182.81 , 193.81 , 184.31 
11 , 24 , 2021 , 189.97 , 177.65 , 181.10 , 184.93 
11 , 26 , 2021 , 189.00 , 181.36 , 187.90 , 187.92 
11 , 29 , 2021 , 188.97 , 178.13 , 186.55 , 183.01 
11 , 30 , 2021 , 186.00 , 174.42 , 182.48 , 178.77 
12 , 1 , 2021 , 185.28 , 160.88 , 183.00 , 161.62 
12 , 2 , 2021 , 168.36 , 160.29 , 163.51 , 166.12 
12 , 3 , 2021 , 163.00 , 149.57 , 162.21 , 157.71 
12 , 6 , 2021 , 163.15 , 155.39 , 157.30 , 161.54 
12 , 7 , 2021 , 167.30 , 158.80 , 165.77 , 163.46 
12 , 8 , 2021 , 170.89 , 159.43 , 163.00 , 168.93 
12 , 9 , 2021 , 168.54 , 162.83 , 167.61 , 164.86 
12 , 10 , 2021 , 171.08 , 157.60 , 165.00 , 158.00 
12 , 13 , 2021 , 158.42 , 149.00 , 156.70 , 155.25 
12 , 14 , 2021 , 159.64 , 150.02 , 151.98 , 156.43 
12 , 15 , 2021 , 157.89 , 147.29 , 154.19 , 156.24 
12 , 16 , 2021 , 157.00 , 143.31 , 157.00 , 144.44 
12 , 17 , 2021 , 150.11 , 139.00 , 143.04 , 148.81 
12 , 20 , 2021 , 150.81 , 145.50 , 146.14 , 148.07 
12 , 21 , 2021 , 152.94 , 147.00 , 150.00 , 151.61 
12 , 22 , 2021 , 150.60 , 144.40 , 149.99 , 149.24 
12 , 23 , 2021 , 154.74 , 146.95 , 148.47 , 153.68 
12 , 27 , 2021 , 156.27 , 152.95 , 153.26 , 156.04 
12 , 28 , 2021 , 157.46 , 152.60 , 156.00 , 153.56 
12 , 29 , 2021 , 153.68 , 144.62 , 152.60 , 150.11 
12 , 30 , 2021 , 155.50 , 149.50 , 150.31 , 152.38 
12 , 31 , 2021 , 152.87 , 147.95 , 151.63 , 148.90 
1 , 3 , 2022 , 150.16 , 144.69 , 149.61 , 145.34 
1 , 4 , 2022 , 143.86 , 131.76 , 143.14 , 135.91 
1 , 5 , 2022 , 139.39 , 127.69 , 134.49 , 127.97 
1 , 6 , 2022 , 140.75 , 126.06 , 127.43 , 137.28 
1 , 7 , 2022 , 138.87 , 130.00 , 136.57 , 132.27 
1 , 10 , 2022 , 133.57 , 121.49 , 129.97 , 133.45 
1 , 11 , 2022 , 144.95 , 132.25 , 133.56 , 143.64 
1 , 12 , 2022 , 152.50 , 140.56 , 148.34 , 140.66 
1 , 13 , 2022 , 140.93 , 131.56 , 139.68 , 131.78 
1 , 14 , 2022 , 134.54 , 127.83 , 130.87 , 131.53 
1 , 18 , 2022 , 131.11 , 125.05 , 129.85 , 128.58 
1 , 19 , 2022 , 133.02 , 125.60 , 128.40 , 131.76 
1 , 20 , 2022 , 136.85 , 126.38 , 134.13 , 126.78 
1 , 21 , 2022 , 126.41 , 116.25 , 126.03 , 116.95 
1 , 24 , 2022 , 119.05 , 106.28 , 112.04 , 117.35 
1 , 25 , 2022 , 114.40 , 106.27 , 113.00 , 109.39 
1 , 26 , 2022 , 113.71 , 99.33 , 113.00 , 101.47 
1 , 27 , 2022 , 106.18 , 95.88 , 103.15 , 96.09 
1 , 28 , 2022 , 105.06 , 92.78 , 99.30 , 103.67 
1 , 31 , 2022 , 114.97 , 104.89 , 104.89 , 113.49 
2 , 1 , 2022 , 117.24 , 110.26 , 112.40 , 114.62 
2 , 2 , 2022 , 116.27 , 102.81 , 116.18 , 104.17 
2 , 3 , 2022 , 101.61 , 91.96 , 100.23 , 92.29 
2 , 4 , 2022 , 101.34 , 93.09 , 93.53 , 98.49 
2 , 7 , 2022 , 101.95 , 95.32 , 97.59 , 97.91 
2 , 8 , 2022 , 101.18 , 94.80 , 95.29 , 100.51 
2 , 9 , 2022 , 109.72 , 102.15 , 102.33 , 108.13 
2 , 10 , 2022 , 105.87 , 96.51 , 99.09 , 97.81 
2 , 11 , 2022 , 101.39 , 93.61 , 98.71 , 95.01 
2 , 14 , 2022 , 99.60 , 94.75 , 95.44 , 97.11 
2 , 15 , 2022 , 101.99 , 95.75 , 99.52 , 101.81 
2 , 16 , 2022 , 100.21 , 93.55 , 99.79 , 94.89 
2 , 17 , 2022 , 116.00 , 100.53 , 115.60 , 105.03 
2 , 18 , 2022 , 105.39 , 95.93 , 101.05 , 96.21 
2 , 22 , 2022 , 102.89 , 89.52 , 95.00 , 93.17 
2 , 23 , 2022 , 96.10 , 89.30 , 94.17 , 90.55 
2 , 24 , 2022 , 100.92 , 85.18 , 86.88 , 100.42 
2 , 25 , 2022 , 100.90 , 94.28 , 97.70 , 100.34 
2 , 28 , 2022 , 105.88 , 97.56 , 101.03 , 104.95 
3 , 1 , 2022 , 105.05 , 100.40 , 103.99 , 102.43 
3 , 2 , 2022 , 104.32 , 100.00 , 103.60 , 103.62 
3 , 3 , 2022 , 105.15 , 99.81 , 102.40 , 101.68 
3 , 4 , 2022 , 102.00 , 88.08 , 101.63 , 89.86 
3 , 7 , 2022 , 93.21 , 79.11 , 92.73 , 79.86 
3 , 8 , 2022 , 87.22 , 77.32 , 80.36 , 85.01 
3 , 9 , 2022 , 93.61 , 86.96 , 86.96 , 91.84 
3 , 10 , 2022 , 92.23 , 87.24 , 90.00 , 89.65 
3 , 11 , 2022 , 94.79 , 86.48 , 92.63 , 86.97 
3 , 14 , 2022 , 86.09 , 74.32 , 84.90 , 76.06 
3 , 15 , 2022 , 80.77 , 76.00 , 76.02 , 79.77 
3 , 16 , 2022 , 90.78 , 83.00 , 83.20 , 90.50 
3 , 17 , 2022 , 96.83 , 87.88 , 88.20 , 96.09 
3 , 18 , 2022 , 107.56 , 96.88 , 97.15 , 107.29 
3 , 21 , 2022 , 108.40 , 102.37 , 103.24 , 107.10 
3 , 22 , 2022 , 112.82 , 105.19 , 105.92 , 111.25 
3 , 23 , 2022 , 116.81 , 107.16 , 108.00 , 114.34 
3 , 24 , 2022 , 115.66 , 108.59 , 114.49 , 114.88 
3 , 25 , 2022 , 114.05 , 104.17 , 113.94 , 105.29 
3 , 28 , 2022 , 115.11 , 104.86 , 106.66 , 114.43 
3 , 29 , 2022 , 125.11 , 115.46 , 116.85 , 123.55 
3 , 30 , 2022 , 129.24 , 113.40 , 122.30 , 118.23 
3 , 31 , 2022 , 120.32 , 115.26 , 117.73 , 117.19 
4 , 1 , 2022 , 121.97 , 117.25 , 118.80 , 120.90 
4 , 4 , 2022 , 130.20 , 121.96 , 122.56 , 127.21 
4 , 5 , 2022 , 127.96 , 115.70 , 127.65 , 118.20 
4 , 6 , 2022 , 115.19 , 106.59 , 115.19 , 113.60 
4 , 7 , 2022 , 116.18 , 107.28 , 112.65 , 110.91 
4 , 8 , 2022 , 111.88 , 105.31 , 109.00 , 106.42 
4 , 11 , 2022 , 105.86 , 101.54 , 104.22 , 104.72 
4 , 12 , 2022 , 112.75 , 103.78 , 107.74 , 104.42 
4 , 13 , 2022 , 112.14 , 102.84 , 103.86 , 110.76 
4 , 14 , 2022 , 112.48 , 107.82 , 109.91 , 109.31 
4 , 18 , 2022 , 108.00 , 99.22 , 106.46 , 103.10 
4 , 19 , 2022 , 108.49 , 101.00 , 103.10 , 106.51 
4 , 20 , 2022 , 107.65 , 99.05 , 107.65 , 100.14 
4 , 21 , 2022 , 103.50 , 91.16 , 101.86 , 91.95 
4 , 22 , 2022 , 95.50 , 88.69 , 91.49 , 89.00 
4 , 25 , 2022 , 93.17 , 87.02 , 88.00 , 91.25 
4 , 26 , 2022 , 91.43 , 83.58 , 90.79 , 84.26 
4 , 27 , 2022 , 87.85 , 81.34 , 84.47 , 82.22 
4 , 28 , 2022 , 88.45 , 82.70 , 84.95 , 87.39 
4 , 29 , 2022 , 89.73 , 81.27 , 84.63 , 81.43 
5 , 2 , 2022 , 85.37 , 78.79 , 81.62 , 82.26 
5 , 3 , 2022 , 83.46 , 78.84 , 81.76 , 79.18 
5 , 4 , 2022 , 82.27 , 70.50 , 76.40 , 81.64 
5 , 5 , 2022 , 78.43 , 70.04 , 78.12 , 73.15 
5 , 6 , 2022 , 77.00 , 63.11 , 72.56 , 72.11 
5 , 9 , 2022 , 71.70 , 63.32 , 69.02 , 64.18 
5 , 10 , 2022 , 69.94 , 62.03 , 67.46 , 68.53 
5 , 11 , 2022 , 69.08 , 58.39 , 66.23 , 59.51 
5 , 12 , 2022 , 70.84 , 57.60 , 58.88 , 65.59 
5 , 13 , 2022 , 76.50 , 68.46 , 70.28 , 73.71 
5 , 16 , 2022 , 73.55 , 65.58 , 71.50 , 65.79 
5 , 17 , 2022 , 71.17 , 67.43 , 69.02 , 69.38 
5 , 18 , 2022 , 68.45 , 63.00 , 67.10 , 63.63 
5 , 19 , 2022 , 69.00 , 61.22 , 64.00 , 66.95 
5 , 20 , 2022 , 69.98 , 60.63 , 69.21 , 66.23 
5 , 23 , 2022 , 67.96 , 63.15 , 65.00 , 67.81 
5 , 24 , 2022 , 67.50 , 60.91 , 67.30 , 62.66 
5 , 25 , 2022 , 69.49 , 61.36 , 61.36 , 68.48 
5 , 26 , 2022 , 75.00 , 68.21 , 68.51 , 73.69 
5 , 27 , 2022 , 79.11 , 75.33 , 75.60 , 78.09 
5 , 31 , 2022 , 81.44 , 75.51 , 78.80 , 76.91 
6 , 1 , 2022 , 77.44 , 69.70 , 77.20 , 71.95 
6 , 2 , 2022 , 73.08 , 67.74 , 70.20 , 72.97 
6 , 3 , 2022 , 71.11 , 66.65 , 68.90 , 68.04 
6 , 6 , 2022 , 71.63 , 67.80 , 70.60 , 69.95 
6 , 7 , 2022 , 70.23 , 67.72 , 68.50 , 69.93 
6 , 8 , 2022 , 74.74 , 69.25 , 70.00 , 73.79 
6 , 9 , 2022 , 72.47 , 68.24 , 72.05 , 68.65 
6 , 10 , 2022 , 66.75 , 61.23 , 66.28 , 62.18 
6 , 13 , 2022 , 60.22 , 57.96 , 58.57 , 58.38 
6 , 14 , 2022 , 60.29 , 57.31 , 58.70 , 58.46 
6 , 15 , 2022 , 64.71 , 59.24 , 59.24 , 63.62 
6 , 16 , 2022 , 60.50 , 56.67 , 59.82 , 58.38 
6 , 17 , 2022 , 62.80 , 58.10 , 58.10 , 61.69 
6 , 21 , 2022 , 66.03 , 62.81 , 62.82 , 63.07 
6 , 22 , 2022 , 66.80 , 61.64 , 62.00 , 65.15 
6 , 23 , 2022 , 70.64 , 65.04 , 66.12 , 70.27 
6 , 24 , 2022 , 74.88 , 70.76 , 72.00 , 74.11 
6 , 27 , 2022 , 74.64 , 70.07 , 74.25 , 71.20 
6 , 28 , 2022 , 73.05 , 67.18 , 71.24 , 67.45 
6 , 29 , 2022 , 68.07 , 64.58 , 66.07 , 67.42 
6 , 30 , 2022 , 66.71 , 60.52 , 66.32 , 64.17 
7 , 1 , 2022 , 69.33 , 65.05 , 65.05 , 67.95 
7 , 5 , 2022 , 75.06 , 65.69 , 66.59 , 74.90 
7 , 6 , 2022 , 70.00 , 66.84 , 67.79 , 69.36 
7 , 7 , 2022 , 76.00 , 68.18 , 69.33 , 76.00 
7 , 8 , 2022 , 77.42 , 72.56 , 74.20 , 74.96 
7 , 11 , 2022 , 74.59 , 70.74 , 74.19 , 71.32 
7 , 12 , 2022 , 73.92 , 70.40 , 72.08 , 71.13 
7 , 13 , 2022 , 74.20 , 68.01 , 68.35 , 71.74 
7 , 14 , 2022 , 71.68 , 68.34 , 71.24 , 69.33 
7 , 15 , 2022 , 71.50 , 67.68 , 71.40 , 70.10 
7 , 18 , 2022 , 75.80 , 71.74 , 71.78 , 72.44 
7 , 19 , 2022 , 75.12 , 72.35 , 74.00 , 73.74 
7 , 20 , 2022 , 78.20 , 72.21 , 75.05 , 77.17 
7 , 21 , 2022 , 77.81 , 73.88 , 76.40 , 77.61 
7 , 22 , 2022 , 79.37 , 72.05 , 79.01 , 73.45 
7 , 25 , 2022 , 73.23 , 70.35 , 73.12 , 71.76 
7 , 26 , 2022 , 70.27 , 67.13 , 70.01 , 68.70 
7 , 27 , 2022 , 71.99 , 68.45 , 70.76 , 71.42 
7 , 28 , 2022 , 71.72 , 66.63 , 71.00 , 70.07 
7 , 29 , 2022 , 70.53 , 68.02 , 68.62 , 69.75 
8 , 1 , 2022 , 72.31 , 66.71 , 68.40 , 72.03 
8 , 2 , 2022 , 77.64 , 74.09 , 74.32 , 75.74 
8 , 3 , 2022 , 80.00 , 76.68 , 77.00 , 79.50 
8 , 4 , 2022 , 82.39 , 78.91 , 80.95 , 81.36 
8 , 5 , 2022 , 87.00 , 79.50 , 84.16 , 80.29 
8 , 8 , 2022 , 83.86 , 74.87 , 81.04 , 75.54 
8 , 9 , 2022 , 74.51 , 70.46 , 74.40 , 73.03 
8 , 10 , 2022 , 81.30 , 75.76 , 76.00 , 80.60 
8 , 11 , 2022 , 84.19 , 77.53 , 81.64 , 77.89 
8 , 12 , 2022 , 78.90 , 76.09 , 77.81 , 77.37 
8 , 15 , 2022 , 78.69 , 76.32 , 76.44 , 77.76 
8 , 16 , 2022 , 77.44 , 73.30 , 77.40 , 73.57 
8 , 17 , 2022 , 72.03 , 67.36 , 72.03 , 68.18 
8 , 18 , 2022 , 68.13 , 66.09 , 67.57 , 66.70 
8 , 19 , 2022 , 65.58 , 62.70 , 64.27 , 64.99 
8 , 22 , 2022 , 65.62 , 62.10 , 64.05 , 63.33 
8 , 23 , 2022 , 65.60 , 63.18 , 64.14 , 63.62 
8 , 24 , 2022 , 65.90 , 63.00 , 63.38 , 64.12 
8 , 25 , 2022 , 65.39 , 63.38 , 65.22 , 64.95 
8 , 26 , 2022 , 65.59 , 60.90 , 64.81 , 61.66 
8 , 29 , 2022 , 64.00 , 60.00 , 60.59 , 60.56 
8 , 30 , 2022 , 62.66 , 59.61 , 61.99 , 61.42 
8 , 31 , 2022 , 62.36 , 59.48 , 62.00 , 59.90 
9 , 1 , 2022 , 59.66 , 56.60 , 58.80 , 58.88 
9 , 2 , 2022 , 60.43 , 57.72 , 60.00 , 58.23 
9 , 6 , 2022 , 58.86 , 56.95 , 58.26 , 58.23 
9 , 7 , 2022 , 59.30 , 57.25 , 57.79 , 59.12 
9 , 8 , 2022 , 60.78 , 57.50 , 57.50 , 59.33 
9 , 9 , 2022 , 65.14 , 59.83 , 60.00 , 64.31 
9 , 12 , 2022 , 65.96 , 63.85 , 64.78 , 65.87 
9 , 13 , 2022 , 63.05 , 60.52 , 62.06 , 62.07 
9 , 14 , 2022 , 64.65 , 61.33 , 61.51 , 64.53 
9 , 15 , 2022 , 68.16 , 63.95 , 64.33 , 64.41 
9 , 16 , 2022 , 62.56 , 59.11 , 61.69 , 59.13 
9 , 19 , 2022 , 59.34 , 56.91 , 58.45 , 58.88 
9 , 20 , 2022 , 59.54 , 57.57 , 58.25 , 57.66 
9 , 21 , 2022 , 60.39 , 57.10 , 57.80 , 57.17 
9 , 22 , 2022 , 57.51 , 53.73 , 56.79 , 54.00 
9 , 23 , 2022 , 53.53 , 50.54 , 52.82 , 52.01 
9 , 26 , 2022 , 53.43 , 50.44 , 51.52 , 50.73 
9 , 27 , 2022 , 53.18 , 50.20 , 52.34 , 51.15 
9 , 28 , 2022 , 53.04 , 51.01 , 51.22 , 52.70 
9 , 29 , 2022 , 51.56 , 48.94 , 51.07 , 49.84 
9 , 30 , 2022 , 51.44 , 49.39 , 49.44 , 49.45 
10 , 3 , 2022 , 51.37 , 47.52 , 49.73 , 50.52 
10 , 4 , 2022 , 54.73 , 52.18 , 52.44 , 54.16 
10 , 5 , 2022 , 53.70 , 50.81 , 52.50 , 52.99 
10 , 6 , 2022 , 54.06 , 51.79 , 53.27 , 52.99 
10 , 7 , 2022 , 51.35 , 48.86 , 51.09 , 49.39 
10 , 10 , 2022 , 49.80 , 46.56 , 49.60 , 47.71 
10 , 11 , 2022 , 46.72 , 41.77 , 44.75 , 44.85 
10 , 12 , 2022 , 47.17 , 44.35 , 44.85 , 46.72 
10 , 13 , 2022 , 47.32 , 43.11 , 44.00 , 45.91 
10 , 14 , 2022 , 47.40 , 43.05 , 47.00 , 43.06 
10 , 17 , 2022 , 46.71 , 44.43 , 44.89 , 45.71 
10 , 18 , 2022 , 48.76 , 45.86 , 47.40 , 46.90 
10 , 19 , 2022 , 46.34 , 44.56 , 45.50 , 45.78 
10 , 20 , 2022 , 47.93 , 45.39 , 46.13 , 45.53 
10 , 21 , 2022 , 45.33 , 43.42 , 44.86 , 45.23 
10 , 24 , 2022 , 44.96 , 41.37 , 44.60 , 44.43 
10 , 25 , 2022 , 47.60 , 44.44 , 44.87 , 47.46 
10 , 26 , 2022 , 49.52 , 46.35 , 46.84 , 47.23 
10 , 27 , 2022 , 48.32 , 45.86 , 47.41 , 46.34 
10 , 28 , 2022 , 47.71 , 44.54 , 45.31 , 47.06 
10 , 31 , 2022 , 45.64 , 42.18 , 45.42 , 43.53 
11 , 1 , 2022 , 47.60 , 44.54 , 46.84 , 45.10 
11 , 2 , 2022 , 47.36 , 44.54 , 44.57 , 45.12 
11 , 3 , 2022 , 48.02 , 44.50 , 44.75 , 47.61 
11 , 4 , 2022 , 56.98 , 48.31 , 54.22 , 51.57 
11 , 7 , 2022 , 54.56 , 50.95 , 53.45 , 52.10 
11 , 8 , 2022 , 56.47 , 51.30 , 52.22 , 54.53 
11 , 9 , 2022 , 54.40 , 51.87 , 53.48 , 53.25 
11 , 10 , 2022 , 60.50 , 57.00 , 58.04 , 59.46 
11 , 11 , 2022 , 64.26 , 58.50 , 60.51 , 62.99 
11 , 14 , 2022 , 63.79 , 60.12 , 61.88 , 62.02 
11 , 15 , 2022 , 65.49 , 61.89 , 64.80 , 63.38 
11 , 16 , 2022 , 62.23 , 60.45 , 61.41 , 60.78 
11 , 17 , 2022 , 60.25 , 58.07 , 58.83 , 58.70 
11 , 18 , 2022 , 60.06 , 56.77 , 60.05 , 58.29 
11 , 21 , 2022 , 57.11 , 54.50 , 56.81 , 55.27 
11 , 22 , 2022 , 55.75 , 53.03 , 55.31 , 53.95 
11 , 23 , 2022 , 57.09 , 53.69 , 54.61 , 56.58 
11 , 25 , 2022 , 56.44 , 55.14 , 55.69 , 55.47 
11 , 28 , 2022 , 57.08 , 54.44 , 55.00 , 54.65 
11 , 29 , 2022 , 55.54 , 53.24 , 55.31 , 53.34 
11 , 30 , 2022 , 58.64 , 54.76 , 55.30 , 58.25 
12 , 1 , 2022 , 59.94 , 56.57 , 57.92 , 57.12 
12 , 2 , 2022 , 56.22 , 52.62 , 53.01 , 55.19 
12 , 5 , 2022 , 54.99 , 52.95 , 54.85 , 53.23 
12 , 6 , 2022 , 53.97 , 51.83 , 52.91 , 52.71 
12 , 7 , 2022 , 53.96 , 51.53 , 52.00 , 53.62 
12 , 8 , 2022 , 55.25 , 53.44 , 54.16 , 54.01 
12 , 9 , 2022 , 55.54 , 52.82 , 53.26 , 55.27 
12 , 12 , 2022 , 58.06 , 55.30 , 55.59 , 58.02 
12 , 13 , 2022 , 62.32 , 56.97 , 61.21 , 58.24 
12 , 14 , 2022 , 59.05 , 56.89 , 58.00 , 58.50 
12 , 15 , 2022 , 58.00 , 54.38 , 57.50 , 55.25 
12 , 16 , 2022 , 55.15 , 51.72 , 55.05 , 52.52 
12 , 19 , 2022 , 53.74 , 51.13 , 53.20 , 51.44 
12 , 20 , 2022 , 52.57 , 50.17 , 51.03 , 51.33 
12 , 21 , 2022 , 53.93 , 51.73 , 52.00 , 52.92 
12 , 22 , 2022 , 52.04 , 49.70 , 52.00 , 51.36 
12 , 23 , 2022 , 51.23 , 49.76 , 50.97 , 50.69 
12 , 27 , 2022 , 50.02 , 47.84 , 50.00 , 48.43 
12 , 28 , 2022 , 48.56 , 46.82 , 48.01 , 46.85 
12 , 29 , 2022 , 49.75 , 46.32 , 47.25 , 49.58 
12 , 30 , 2022 , 49.27 , 47.97 , 48.19 , 48.82 
1 , 3 , 2023 , 51.08 , 47.83 , 49.98 , 48.36 
1 , 4 , 2023 , 50.19 , 47.72 , 49.35 , 48.93 
1 , 5 , 2023 , 48.25 , 46.80 , 48.17 , 47.13 
1 , 6 , 2023 , 48.35 , 45.93 , 47.32 , 48.00 
1 , 9 , 2023 , 49.74 , 46.25 , 46.50 , 48.05 
1 , 10 , 2023 , 48.88 , 46.49 , 47.73 , 48.04 
1 , 11 , 2023 , 51.93 , 48.27 , 49.00 , 51.80 
1 , 12 , 2023 , 53.28 , 49.45 , 53.00 , 52.03 
1 , 13 , 2023 , 52.91 , 50.58 , 50.75 , 52.34 
1 , 17 , 2023 , 55.53 , 52.15 , 53.09 , 54.47 
1 , 18 , 2023 , 57.53 , 55.04 , 55.53 , 55.31 
1 , 19 , 2023 , 55.16 , 53.01 , 54.07 , 54.65 
1 , 20 , 2023 , 58.05 , 55.49 , 55.57 , 58.02 
1 , 23 , 2023 , 60.90 , 57.95 , 58.47 , 60.59 
1 , 24 , 2023 , 61.18 , 59.23 , 60.00 , 59.53 
1 , 25 , 2023 , 59.73 , 56.47 , 57.43 , 59.53 
1 , 26 , 2023 , 62.05 , 56.83 , 61.49 , 56.95 
1 , 27 , 2023 , 59.53 , 55.95 , 56.64 , 58.63 
1 , 30 , 2023 , 58.51 , 56.22 , 57.55 , 56.56 
1 , 31 , 2023 , 58.00 , 56.02 , 56.79 , 57.92 
2 , 1 , 2023 , 59.54 , 56.01 , 57.45 , 58.91 
2 , 2 , 2023 , 65.35 , 61.27 , 62.00 , 63.81 
2 , 3 , 2023 , 62.02 , 58.89 , 60.18 , 59.04 
2 , 6 , 2023 , 59.90 , 58.01 , 58.02 , 59.68 
2 , 7 , 2023 , 60.39 , 57.80 , 59.63 , 60.02 
2 , 8 , 2023 , 65.69 , 61.70 , 62.98 , 62.38 
2 , 9 , 2023 , 64.61 , 61.12 , 62.94 , 61.85 
2 , 10 , 2023 , 60.30 , 56.79 , 59.97 , 57.72 
2 , 13 , 2023 , 59.57 , 57.45 , 58.05 , 59.29 
2 , 14 , 2023 , 62.11 , 57.85 , 58.59 , 61.61 
2 , 15 , 2023 , 68.40 , 62.68 , 63.30 , 68.18 
2 , 16 , 2023 , 70.13 , 65.72 , 66.85 , 66.89 
2 , 17 , 2023 , 70.05 , 60.42 , 69.78 , 61.81 
2 , 21 , 2023 , 60.86 , 57.22 , 59.97 , 58.06 
2 , 22 , 2023 , 59.73 , 56.96 , 58.26 , 57.89 
2 , 23 , 2023 , 58.40 , 55.05 , 58.30 , 56.57 
2 , 24 , 2023 , 55.45 , 53.49 , 54.89 , 55.09 
2 , 27 , 2023 , 55.45 , 53.78 , 55.28 , 54.19 
2 , 28 , 2023 , 55.21 , 53.81 , 54.46 , 54.66 
3 , 1 , 2023 , 55.13 , 53.62 , 54.59 , 53.92 
3 , 2 , 2023 , 55.35 , 52.60 , 52.86 , 55.28 
3 , 3 , 2023 , 57.38 , 55.42 , 55.79 , 57.34 
3 , 6 , 2023 , 57.78 , 55.81 , 57.52 , 55.95 
3 , 7 , 2023 , 59.70 , 55.56 , 55.68 , 58.16 
3 , 8 , 2023 , 58.74 , 56.83 , 57.20 , 58.20 
3 , 9 , 2023 , 59.46 , 55.07 , 57.61 , 55.28 
3 , 10 , 2023 , 55.64 , 52.67 , 55.29 , 53.23 
3 , 13 , 2023 , 55.50 , 51.50 , 52.43 , 53.80 
3 , 14 , 2023 , 58.45 , 56.40 , 57.04 , 56.99 
3 , 15 , 2023 , 58.62 , 55.75 , 56.04 , 58.47 
3 , 16 , 2023 , 61.05 , 58.17 , 58.34 , 60.73 
3 , 17 , 2023 , 61.78 , 59.33 , 61.09 , 59.64 
3 , 20 , 2023 , 59.71 , 58.14 , 59.00 , 59.32 
3 , 21 , 2023 , 60.94 , 59.57 , 60.08 , 60.37 
3 , 22 , 2023 , 61.54 , 59.01 , 60.91 , 59.12 
3 , 23 , 2023 , 61.99 , 59.56 , 60.36 , 60.31 
3 , 24 , 2023 , 60.79 , 59.22 , 60.35 , 60.67 
3 , 27 , 2023 , 61.54 , 59.73 , 61.41 , 59.90 
3 , 28 , 2023 , 60.15 , 58.69 , 59.72 , 59.04 
3 , 29 , 2023 , 60.93 , 59.17 , 59.92 , 59.86 
3 , 30 , 2023 , 62.26 , 60.81 , 61.09 , 61.78 
3 , 31 , 2023 , 64.46 , 61.40 , 61.83 , 63.56 
4 , 3 , 2023 , 64.21 , 62.33 , 62.50 , 63.94 
4 , 4 , 2023 , 65.14 , 63.21 , 64.40 , 63.34 
4 , 5 , 2023 , 62.89 , 59.39 , 62.79 , 60.86 
4 , 6 , 2023 , 60.86 , 58.28 , 60.33 , 60.68 
4 , 10 , 2023 , 61.79 , 58.74 , 59.52 , 61.58 
4 , 11 , 2023 , 63.27 , 61.48 , 61.52 , 62.92 
4 , 12 , 2023 , 65.12 , 59.71 , 64.33 , 60.10 
4 , 13 , 2023 , 62.68 , 60.40 , 60.98 , 61.45 
4 , 14 , 2023 , 62.08 , 60.61 , 60.95 , 61.72 
4 , 17 , 2023 , 62.22 , 60.53 , 61.62 , 60.62 
4 , 18 , 2023 , 62.43 , 60.83 , 61.50 , 62.39 
4 , 19 , 2023 , 62.42 , 60.62 , 61.42 , 61.73 
4 , 20 , 2023 , 60.97 , 59.51 , 60.55 , 59.56 
4 , 21 , 2023 , 61.29 , 58.54 , 59.67 , 61.29 
4 , 24 , 2023 , 62.12 , 59.28 , 61.64 , 59.88 
4 , 25 , 2023 , 59.32 , 56.59 , 58.98 , 56.82 
4 , 26 , 2023 , 58.47 , 56.96 , 57.72 , 57.50 
4 , 27 , 2023 , 59.27 , 57.86 , 58.44 , 58.42 
4 , 28 , 2023 , 61.25 , 57.39 , 58.06 , 61.19 
5 , 1 , 2023 , 62.88 , 60.45 , 60.93 , 62.20 
5 , 2 , 2023 , 64.23 , 60.92 , 63.50 , 61.62 
5 , 3 , 2023 , 63.88 , 61.28 , 61.72 , 62.36 
5 , 4 , 2023 , 63.67 , 62.27 , 62.62 , 62.83 
5 , 5 , 2023 , 65.31 , 60.36 , 65.00 , 62.90 
5 , 8 , 2023 , 67.27 , 62.90 , 62.90 , 66.77 
5 , 9 , 2023 , 69.28 , 65.87 , 66.46 , 67.30 
5 , 10 , 2023 , 69.34 , 66.44 , 68.24 , 68.76 
5 , 11 , 2023 , 68.96 , 67.09 , 68.94 , 67.22 
5 , 12 , 2023 , 67.65 , 65.24 , 67.25 , 65.87 
5 , 15 , 2023 , 67.07 , 65.56 , 66.27 , 66.20 
5 , 16 , 2023 , 65.81 , 63.73 , 65.55 , 64.18 
5 , 17 , 2023 , 65.73 , 63.73 , 64.00 , 65.22 
5 , 18 , 2023 , 67.50 , 64.73 , 65.00 , 66.97 
5 , 19 , 2023 , 67.08 , 65.81 , 67.06 , 66.98 
5 , 22 , 2023 , 67.88 , 63.63 , 66.56 , 65.63 
5 , 23 , 2023 , 67.30 , 64.65 , 64.78 , 66.03 
5 , 24 , 2023 , 67.31 , 65.30 , 65.36 , 66.00 
5 , 25 , 2023 , 67.42 , 65.76 , 66.98 , 66.50 
5 , 26 , 2023 , 68.43 , 66.50 , 66.68 , 67.44 
5 , 30 , 2023 , 68.34 , 64.68 , 68.34 , 64.94 
5 , 31 , 2023 , 65.40 , 62.83 , 64.01 , 65.29 
6 , 1 , 2023 , 69.09 , 64.59 , 64.83 , 67.57 
6 , 2 , 2023 , 69.96 , 67.48 , 69.00 , 67.88 
6 , 5 , 2023 , 69.85 , 67.66 , 67.66 , 69.35 
6 , 6 , 2023 , 71.76 , 67.95 , 68.76 , 71.19 
6 , 7 , 2023 , 71.42 , 68.71 , 71.42 , 70.15 
6 , 8 , 2023 , 71.39 , 69.00 , 69.17 , 69.97 
6 , 9 , 2023 , 72.44 , 69.68 , 70.23 , 71.78 
6 , 12 , 2023 , 72.72 , 70.66 , 72.00 , 72.37 
6 , 13 , 2023 , 73.60 , 71.14 , 73.38 , 73.16 
6 , 14 , 2023 , 72.02 , 70.39 , 72.02 , 71.50 
6 , 15 , 2023 , 73.08 , 70.69 , 71.14 , 71.76 
6 , 16 , 2023 , 73.56 , 71.76 , 72.37 , 73.26 
6 , 20 , 2023 , 73.34 , 71.67 , 72.11 , 73.00 
6 , 21 , 2023 , 73.82 , 71.85 , 72.98 , 72.91 
6 , 22 , 2023 , 73.87 , 72.25 , 72.79 , 72.77 
6 , 23 , 2023 , 73.26 , 71.22 , 72.05 , 72.64 
6 , 26 , 2023 , 75.15 , 72.04 , 72.09 , 73.58 
6 , 27 , 2023 , 74.87 , 73.13 , 74.47 , 74.76 
6 , 28 , 2023 , 77.24 , 74.80 , 74.87 , 76.49 
6 , 29 , 2023 , 76.64 , 74.99 , 76.39 , 75.45 
6 , 30 , 2023 , 77.80 , 76.22 , 76.67 , 76.42 
7 , 3 , 2023 , 78.76 , 76.74 , 76.74 , 78.71 
7 , 5 , 2023 , 79.18 , 77.65 , 78.42 , 79.07 
7 , 6 , 2023 , 78.53 , 75.07 , 77.67 , 76.99 
7 , 7 , 2023 , 78.74 , 77.04 , 77.36 , 77.95 
7 , 10 , 2023 , 78.44 , 76.83 , 78.01 , 77.61 
7 , 11 , 2023 , 80.02 , 77.39 , 77.61 , 79.85 
7 , 12 , 2023 , 81.35 , 79.44 , 81.19 , 80.59 
7 , 13 , 2023 , 84.12 , 81.55 , 81.70 , 83.29 
7 , 14 , 2023 , 84.07 , 81.69 , 83.50 , 83.96 
7 , 17 , 2023 , 85.71 , 82.91 , 83.69 , 85.34 
7 , 18 , 2023 , 86.25 , 84.31 , 85.34 , 85.07 
7 , 19 , 2023 , 86.07 , 83.98 , 85.00 , 85.10 
7 , 20 , 2023 , 85.03 , 83.41 , 83.85 , 83.64 
7 , 21 , 2023 , 85.32 , 84.24 , 84.75 , 84.50 
7 , 24 , 2023 , 85.69 , 83.66 , 85.29 , 84.31 
7 , 25 , 2023 , 86.42 , 84.65 , 85.44 , 85.40 
7 , 26 , 2023 , 87.10 , 84.72 , 85.24 , 86.11 
7 , 27 , 2023 , 87.96 , 85.45 , 87.09 , 86.04 
7 , 28 , 2023 , 90.86 , 87.57 , 87.65 , 89.65 
7 , 31 , 2023 , 92.61 , 89.84 , 90.11 , 90.79 
8 , 1 , 2023 , 90.00 , 85.94 , 89.50 , 86.59 
8 , 2 , 2023 , 86.81 , 83.81 , 84.38 , 85.98 
8 , 3 , 2023 , 89.73 , 84.33 , 86.29 , 85.46 
8 , 4 , 2023 , 87.24 , 83.07 , 85.95 , 83.60 
8 , 7 , 2023 , 84.68 , 80.86 , 83.06 , 84.36 
8 , 8 , 2023 , 84.73 , 82.54 , 83.62 , 84.63 
8 , 9 , 2023 , 84.29 , 81.38 , 84.21 , 82.38 
8 , 10 , 2023 , 83.08 , 81.25 , 83.02 , 82.39 
8 , 11 , 2023 , 81.41 , 78.57 , 81.41 , 79.19 
8 , 14 , 2023 , 80.06 , 78.03 , 78.50 , 79.89 
8 , 15 , 2023 , 79.86 , 78.16 , 79.43 , 78.83 
8 , 16 , 2023 , 80.24 , 78.52 , 78.74 , 79.79 
8 , 17 , 2023 , 80.78 , 77.64 , 80.64 , 77.88 
8 , 18 , 2023 , 78.27 , 76.25 , 77.20 , 77.82 
8 , 21 , 2023 , 78.96 , 75.06 , 78.15 , 76.60 
8 , 22 , 2023 , 78.86 , 77.13 , 77.49 , 77.84 
8 , 23 , 2023 , 78.40 , 76.94 , 78.01 , 77.34 
8 , 24 , 2023 , 77.32 , 75.62 , 77.22 , 76.13 
8 , 25 , 2023 , 78.38 , 76.37 , 76.46 , 78.02 
8 , 28 , 2023 , 79.07 , 77.23 , 78.00 , 78.50 
8 , 29 , 2023 , 82.47 , 78.05 , 78.24 , 81.96 
8 , 30 , 2023 , 83.48 , 80.18 , 81.00 , 82.73 
8 , 31 , 2023 , 84.74 , 82.92 , 82.99 , 84.13 
9 , 1 , 2023 , 85.38 , 83.60 , 85.00 , 84.04 
9 , 5 , 2023 , 84.29 , 83.25 , 83.99 , 83.68 
9 , 6 , 2023 , 83.10 , 81.45 , 83.10 , 82.59 
9 , 7 , 2023 , 82.29 , 80.04 , 81.39 , 82.02 
9 , 8 , 2023 , 82.37 , 80.13 , 81.81 , 82.17 
9 , 11 , 2023 , 84.19 , 82.79 , 83.84 , 83.29 
9 , 12 , 2023 , 84.17 , 82.20 , 82.43 , 82.87 
9 , 13 , 2023 , 83.00 , 81.67 , 82.49 , 82.23 
9 , 14 , 2023 , 83.92 , 82.07 , 83.01 , 82.98 
9 , 15 , 2023 , 81.31 , 79.16 , 80.50 , 80.93 
9 , 18 , 2023 , 83.88 , 80.81 , 81.50 , 80.92 
9 , 19 , 2023 , 80.53 , 76.54 , 79.95 , 79.19 
9 , 20 , 2023 , 80.20 , 78.69 , 79.41 , 78.95 
9 , 21 , 2023 , 78.23 , 75.56 , 78.19 , 75.61 
9 , 22 , 2023 , 77.37 , 75.62 , 76.88 , 76.18 
9 , 25 , 2023 , 76.30 , 75.07 , 75.42 , 75.47 
9 , 26 , 2023 , 76.10 , 74.13 , 75.07 , 74.58 
9 , 27 , 2023 , 78.32 , 74.73 , 74.94 , 78.15 
9 , 28 , 2023 , 79.74 , 76.60 , 77.11 , 77.80 
9 , 29 , 2023 , 80.92 , 78.65 , 78.65 , 79.47 
10 , 2 , 2023 , 79.59 , 78.20 , 78.58 , 79.44 
10 , 3 , 2023 , 79.86 , 76.60 , 79.16 , 77.25 
10 , 4 , 2023 , 78.98 , 77.26 , 77.73 , 77.93 
10 , 5 , 2023 , 77.42 , 72.67 , 77.18 , 73.81 
10 , 6 , 2023 , 74.75 , 71.91 , 73.00 , 74.51 
10 , 9 , 2023 , 76.90 , 72.70 , 73.64 , 76.08 
10 , 10 , 2023 , 81.62 , 76.09 , 76.33 , 81.43 
10 , 11 , 2023 , 83.84 , 80.51 , 81.80 , 80.80 
10 , 12 , 2023 , 82.30 , 79.68 , 80.90 , 80.10 
10 , 13 , 2023 , 80.71 , 74.89 , 80.44 , 75.37 
10 , 16 , 2023 , 76.71 , 73.74 , 75.04 , 76.42 
10 , 17 , 2023 , 76.65 , 74.58 , 75.49 , 75.88 
10 , 18 , 2023 , 76.90 , 74.08 , 74.99 , 74.50 
10 , 19 , 2023 , 75.26 , 72.86 , 75.00 , 73.37 
10 , 20 , 2023 , 74.30 , 72.01 , 73.31 , 73.07 
10 , 23 , 2023 , 75.76 , 72.01 , 72.01 , 74.81 
10 , 24 , 2023 , 77.49 , 75.35 , 75.42 , 76.36 
10 , 25 , 2023 , 75.60 , 71.81 , 75.23 , 72.28 
10 , 26 , 2023 , 72.82 , 69.90 , 72.48 , 71.03 
10 , 27 , 2023 , 73.14 , 70.50 , 72.00 , 70.65 
10 , 30 , 2023 , 73.77 , 71.38 , 71.61 , 73.21 
10 , 31 , 2023 , 75.55 , 72.65 , 73.80 , 74.95 
11 , 1 , 2023 , 76.40 , 74.22 , 75.42 , 75.90 
11 , 2 , 2023 , 90.34 , 84.39 , 85.09 , 87.79 
11 , 3 , 2023 , 93.19 , 87.96 , 88.05 , 92.49 
11 , 6 , 2023 , 92.49 , 86.95 , 92.49 , 89.04 
11 , 7 , 2023 , 90.24 , 87.71 , 89.50 , 88.91 
11 , 8 , 2023 , 88.92 , 86.30 , 88.18 , 87.31 
11 , 9 , 2023 , 88.08 , 83.58 , 87.90 , 84.53 
11 , 10 , 2023 , 88.25 , 85.06 , 85.32 , 87.47 
11 , 13 , 2023 , 90.42 , 86.33 , 86.70 , 89.77 
11 , 14 , 2023 , 94.17 , 90.87 , 91.54 , 93.69 
11 , 15 , 2023 , 95.89 , 93.56 , 94.55 , 95.16 
11 , 16 , 2023 , 95.30 , 93.84 , 94.99 , 95.09 
11 , 17 , 2023 , 95.70 , 94.26 , 95.54 , 95.23 
11 , 20 , 2023 , 96.01 , 93.65 , 95.00 , 95.75 
11 , 21 , 2023 , 95.58 , 93.61 , 94.25 , 94.60 
11 , 22 , 2023 , 95.61 , 93.80 , 95.02 , 95.35 
11 , 24 , 2023 , 94.88 , 93.07 , 93.84 , 93.81 
11 , 27 , 2023 , 95.07 , 92.56 , 93.39 , 93.95 
11 , 28 , 2023 , 95.66 , 93.26 , 93.97 , 94.44 
11 , 29 , 2023 , 96.99 , 93.75 , 95.00 , 94.96 
11 , 30 , 2023 , 95.54 , 92.58 , 94.81 , 93.98 
12 , 1 , 2023 , 96.71 , 93.05 , 93.05 , 96.58 
12 , 4 , 2023 , 99.25 , 95.57 , 96.12 , 98.36 
12 , 5 , 2023 , 97.98 , 95.08 , 97.98 , 96.24 
12 , 6 , 2023 , 99.33 , 96.54 , 98.00 , 96.85 
12 , 7 , 2023 , 99.56 , 95.98 , 96.66 , 98.97 
12 , 8 , 2023 , 100.73 , 97.46 , 98.78 , 100.00 
12 , 11 , 2023 , 103.98 , 100.98 , 102.31 , 101.50 
12 , 12 , 2023 , 101.65 , 100.45 , 100.81 , 101.00 
12 , 13 , 2023 , 101.48 , 99.13 , 101.19 , 100.43 
12 , 14 , 2023 , 102.24 , 99.67 , 101.51 , 101.76 
12 , 15 , 2023 , 103.31 , 100.22 , 102.74 , 101.57 
12 , 18 , 2023 , 103.66 , 100.74 , 102.58 , 102.71 
12 , 19 , 2023 , 103.79 , 101.32 , 102.88 , 101.46 
12 , 20 , 2023 , 102.23 , 98.65 , 101.02 , 98.72 
12 , 21 , 2023 , 100.88 , 98.50 , 99.99 , 100.56 
12 , 22 , 2023 , 101.51 , 99.31 , 100.35 , 100.53 
12 , 26 , 2023 , 100.98 , 99.13 , 100.98 , 99.86 
12 , 27 , 2023 , 100.91 , 99.62 , 100.24 , 100.69 
12 , 28 , 2023 , 100.81 , 99.24 , 100.80 , 100.21 
12 , 29 , 2023 , 100.57 , 98.40 , 99.66 , 98.89 
1 , 2 , 2024 , 98.54 , 95.37 , 97.80 , 96.46 
1 , 3 , 2024 , 95.83 , 93.38 , 95.31 , 93.77 
1 , 4 , 2024 , 94.98 , 93.33 , 93.58 , 93.90 
1 , 5 , 2024 , 95.76 , 93.53 , 93.54 , 94.81 
1 , 8 , 2024 , 99.27 , 96.74 , 99.00 , 98.52 
1 , 9 , 2024 , 103.33 , 97.02 , 97.50 , 103.05 
1 , 10 , 2024 , 106.19 , 103.67 , 103.77 , 105.59 
1 , 11 , 2024 , 105.99 , 102.40 , 105.87 , 103.98 
1 , 12 , 2024 , 105.96 , 103.78 , 104.06 , 104.13 
1 , 16 , 2024 , 104.40 , 102.82 , 102.99 , 104.02 
1 , 17 , 2024 , 103.90 , 100.28 , 103.02 , 102.89 
1 , 18 , 2024 , 105.36 , 103.05 , 104.03 , 104.96 
1 , 19 , 2024 , 106.56 , 103.60 , 105.32 , 106.33 
1 , 22 , 2024 , 107.88 , 104.52 , 106.65 , 104.66 
1 , 23 , 2024 , 106.04 , 103.57 , 105.93 , 105.69 
1 , 24 , 2024 , 107.63 , 105.84 , 106.93 , 107.12 
1 , 25 , 2024 , 109.06 , 106.55 , 109.06 , 107.52 
1 , 26 , 2024 , 108.74 , 106.88 , 107.37 , 108.24 
1 , 29 , 2024 , 110.49 , 107.44 , 108.22 , 110.45 
1 , 30 , 2024 , 110.38 , 105.39 , 109.73 , 105.47 
1 , 31 , 2024 , 106.72 , 103.91 , 104.79 , 104.20 
2 , 1 , 2024 , 107.81 , 104.76 , 104.89 , 107.30 
2 , 2 , 2024 , 109.99 , 105.20 , 107.08 , 109.50 
2 , 5 , 2024 , 109.03 , 107.12 , 108.38 , 108.12 
2 , 6 , 2024 , 113.37 , 108.23 , 109.71 , 112.34 
2 , 7 , 2024 , 117.06 , 112.02 , 112.34 , 114.33 
2 , 8 , 2024 , 119.30 , 115.32 , 116.32 , 118.30 
2 , 9 , 2024 , 119.79 , 118.00 , 119.18 , 119.31 
2 , 12 , 2024 , 120.57 , 118.03 , 118.47 , 118.44 
2 , 13 , 2024 , 117.66 , 113.29 , 114.73 , 116.39 
2 , 14 , 2024 , 120.34 , 117.76 , 119.27 , 120.01 
2 , 15 , 2024 , 126.65 , 118.50 , 118.59 , 126.27 
2 , 16 , 2024 , 116.86 , 109.00 , 111.88 , 116.01 
2 , 20 , 2024 , 115.64 , 110.51 , 115.01 , 115.48 
2 , 21 , 2024 , 117.20 , 112.89 , 115.22 , 114.69 
2 , 22 , 2024 , 124.04 , 120.02 , 122.39 , 121.41 
2 , 23 , 2024 , 123.87 , 120.04 , 121.20 , 121.76 
2 , 26 , 2024 , 121.26 , 118.61 , 121.25 , 119.89 
2 , 27 , 2024 , 124.19 , 120.26 , 120.96 , 123.70 
2 , 28 , 2024 , 124.31 , 121.64 , 122.54 , 122.44 
2 , 29 , 2024 , 124.83 , 122.71 , 123.35 , 124.57 
3 , 1 , 2024 , 129.60 , 124.50 , 124.50 , 127.43 
3 , 4 , 2024 , 134.43 , 131.28 , 132.01 , 132.40 
3 , 5 , 2024 , 132.58 , 129.21 , 131.21 , 130.90 
3 , 6 , 2024 , 133.38 , 129.93 , 133.09 , 132.13 
3 , 7 , 2024 , 134.14 , 131.92 , 133.53 , 133.20 
3 , 8 , 2024 , 134.74 , 129.31 , 133.35 , 131.80 
3 , 11 , 2024 , 131.42 , 127.85 , 131.25 , 128.77 
3 , 12 , 2024 , 131.42 , 128.25 , 128.77 , 130.45 
3 , 13 , 2024 , 133.27 , 129.95 , 130.09 , 132.42 
3 , 14 , 2024 , 133.96 , 130.29 , 132.30 , 132.55 
3 , 15 , 2024 , 134.80 , 130.37 , 133.65 , 130.55 
3 , 18 , 2024 , 132.90 , 128.31 , 132.90 , 129.58 
3 , 19 , 2024 , 130.88 , 127.24 , 128.57 , 130.83 
3 , 20 , 2024 , 138.00 , 131.05 , 131.25 , 137.91 
3 , 21 , 2024 , 140.00 , 136.68 , 139.90 , 136.76 
3 , 22 , 2024 , 137.75 , 135.71 , 136.81 , 137.24 
3 , 25 , 2024 , 138.90 , 136.74 , 137.05 , 137.82 
3 , 26 , 2024 , 140.93 , 138.09 , 138.44 , 140.26 
3 , 27 , 2024 , 143.34 , 138.05 , 142.69 , 138.88 
3 , 28 , 2024 , 140.00 , 137.60 , 139.15 , 137.72 
4 , 1 , 2024 , 139.61 , 137.11 , 137.91 , 138.25 
4 , 2 , 2024 , 138.61 , 135.01 , 136.44 , 137.50 
4 , 3 , 2024 , 140.20 , 136.33 , 136.97 , 138.78 
4 , 4 , 2024 , 142.76 , 134.45 , 141.60 , 134.61 
4 , 5 , 2024 , 139.75 , 134.69 , 135.69 , 139.56 
4 , 8 , 2024 , 139.62 , 135.85 , 139.36 , 137.43 
4 , 9 , 2024 , 138.00 , 133.65 , 136.99 , 136.77 
4 , 10 , 2024 , 137.45 , 132.30 , 133.00 , 137.18 
4 , 11 , 2024 , 141.19 , 138.36 , 138.90 , 140.95 
4 , 12 , 2024 , 139.86 , 137.20 , 139.74 , 138.38 
4 , 15 , 2024 , 140.37 , 131.91 , 139.02 , 132.90 
4 , 16 , 2024 , 134.65 , 132.22 , 133.05 , 133.84 
4 , 17 , 2024 , 136.07 , 129.78 , 136.07 , 130.90 
4 , 18 , 2024 , 133.01 , 129.68 , 131.24 , 130.10 
4 , 19 , 2024 , 130.49 , 125.05 , 130.09 , 127.18 
4 , 22 , 2024 , 131.11 , 124.77 , 128.46 , 127.27 
4 , 23 , 2024 , 131.10 , 127.28 , 128.98 , 129.36 
4 , 24 , 2024 , 130.80 , 126.71 , 130.00 , 126.76 
4 , 25 , 2024 , 128.19 , 124.32 , 124.75 , 128.11 
4 , 26 , 2024 , 133.43 , 127.51 , 127.90 , 132.11 
4 , 29 , 2024 , 133.74 , 130.53 , 131.69 , 132.12 
4 , 30 , 2024 , 133.01 , 128.88 , 130.90 , 129.26 
5 , 1 , 2024 , 132.53 , 126.95 , 128.15 , 127.46 
5 , 2 , 2024 , 117.78 , 109.06 , 117.25 , 114.31 
5 , 3 , 2024 , 116.75 , 112.89 , 116.48 , 113.81 
5 , 6 , 2024 , 117.73 , 113.75 , 114.44 , 117.59 
5 , 7 , 2024 , 116.47 , 112.87 , 114.48 , 115.56 
5 , 8 , 2024 , 113.97 , 110.10 , 113.53 , 113.02 
5 , 9 , 2024 , 116.36 , 112.71 , 112.72 , 116.17 
5 , 10 , 2024 , 117.21 , 114.10 , 116.72 , 114.84 
5 , 13 , 2024 , 116.86 , 114.10 , 115.37 , 116.51 
5 , 14 , 2024 , 117.96 , 114.50 , 116.35 , 114.68 
5 , 15 , 2024 , 116.45 , 113.16 , 116.22 , 116.28 
5 , 16 , 2024 , 116.77 , 114.75 , 115.19 , 116.16 
5 , 17 , 2024 , 117.88 , 115.83 , 116.28 , 117.43 
5 , 20 , 2024 , 117.81 , 112.19 , 117.81 , 113.96 
5 , 21 , 2024 , 114.71 , 112.02 , 114.71 , 112.82 
5 , 22 , 2024 , 114.30 , 110.63 , 113.02 , 111.63 
5 , 23 , 2024 , 112.50 , 109.43 , 112.19 , 110.39 
5 , 24 , 2024 , 113.36 , 110.81 , 111.15 , 112.83 
5 , 28 , 2024 , 113.70 , 110.73 , 113.35 , 112.44 
5 , 29 , 2024 , 113.41 , 111.12 , 111.87 , 111.74 
5 , 30 , 2024 , 112.15 , 109.36 , 110.47 , 110.54 
5 , 31 , 2024 , 111.36 , 106.22 , 111.00 , 110.11 
6 , 3 , 2024 , 110.82 , 108.17 , 110.25 , 110.82 
6 , 4 , 2024 , 112.02 , 110.39 , 110.55 , 111.30 
6 , 5 , 2024 , 113.81 , 110.40 , 112.00 , 110.58 
6 , 6 , 2024 , 114.42 , 110.91 , 110.93 , 114.07 
6 , 7 , 2024 , 114.99 , 111.80 , 113.67 , 113.27 
6 , 10 , 2024 , 113.27 , 108.86 , 112.87 , 112.25 
6 , 11 , 2024 , 113.32 , 111.34 , 112.30 , 113.00 
6 , 12 , 2024 , 115.69 , 112.47 , 114.50 , 115.05 
6 , 13 , 2024 , 115.54 , 113.01 , 115.45 , 113.77 
6 , 14 , 2024 , 113.01 , 110.71 , 112.80 , 112.05 
6 , 17 , 2024 , 112.97 , 110.15 , 111.35 , 112.69 
6 , 18 , 2024 , 114.18 , 111.87 , 111.97 , 112.91 
6 , 20 , 2024 , 114.44 , 109.65 , 113.34 , 110.21 
6 , 21 , 2024 , 114.31 , 109.72 , 110.43 , 113.88 
6 , 24 , 2024 , 114.03 , 110.06 , 113.13 , 110.70 
6 , 25 , 2024 , 114.38 , 110.68 , 110.97 , 112.08 
6 , 26 , 2024 , 113.03 , 110.17 , 111.16 , 111.08 
6 , 27 , 2024 , 111.43 , 109.44 , 111.25 , 110.58 
6 , 28 , 2024 , 110.82 , 108.29 , 110.36 , 108.78 
7 , 1 , 2024 , 108.64 , 105.94 , 107.60 , 108.51 
7 , 2 , 2024 , 108.29 , 105.90 , 108.29 , 107.45 
7 , 3 , 2024 , 109.52 , 107.24 , 107.30 , 107.62 
7 , 5 , 2024 , 111.31 , 106.26 , 107.37 , 110.96 
7 , 8 , 2024 , 110.96 , 108.62 , 110.96 , 109.04 
7 , 9 , 2024 , 112.17 , 107.95 , 109.79 , 108.95 
7 , 10 , 2024 , 109.64 , 102.15 , 109.64 , 106.00 
7 , 11 , 2024 , 106.85 , 104.25 , 106.11 , 105.42 
7 , 12 , 2024 , 106.71 , 104.77 , 106.12 , 105.00 
7 , 15 , 2024 , 105.65 , 103.59 , 105.12 , 105.65 
7 , 16 , 2024 , 109.62 , 106.98 , 107.48 , 108.74 
7 , 17 , 2024 , 107.86 , 102.79 , 107.34 , 103.16 
7 , 18 , 2024 , 104.33 , 99.89 , 103.06 , 100.28 
7 , 19 , 2024 , 106.21 , 102.52 , 103.50 , 106.10 
7 , 22 , 2024 , 107.71 , 104.36 , 106.58 , 104.50 
7 , 23 , 2024 , 106.77 , 104.47 , 104.91 , 105.76 
7 , 24 , 2024 , 105.13 , 101.91 , 104.52 , 102.46 
7 , 25 , 2024 , 107.25 , 99.32 , 102.89 , 100.78 
7 , 26 , 2024 , 106.65 , 102.81 , 104.09 , 104.74 
7 , 29 , 2024 , 106.67 , 104.62 , 105.17 , 105.99 
7 , 30 , 2024 , 108.48 , 105.34 , 106.59 , 107.21 
7 , 31 , 2024 , 111.72 , 108.72 , 109.83 , 110.72 
8 , 1 , 2024 , 112.77 , 105.91 , 108.62 , 108.20 
8 , 2 , 2024 , 119.59 , 113.61 , 116.66 , 117.23 
8 , 5 , 2024 , 121.38 , 106.21 , 106.31 , 121.30 
8 , 6 , 2024 , 124.78 , 120.91 , 122.49 , 122.64 
8 , 7 , 2024 , 126.37 , 121.41 , 123.81 , 121.49 
8 , 8 , 2024 , 125.90 , 121.18 , 122.11 , 124.76 
8 , 9 , 2024 , 125.58 , 123.40 , 124.71 , 123.81 
8 , 12 , 2024 , 124.57 , 121.44 , 123.53 , 124.04 
8 , 13 , 2024 , 128.69 , 123.88 , 124.19 , 127.94 
8 , 14 , 2024 , 128.75 , 124.90 , 128.08 , 126.93 
8 , 15 , 2024 , 130.55 , 126.50 , 127.54 , 130.29 
8 , 16 , 2024 , 130.58 , 127.17 , 129.65 , 129.03 
8 , 19 , 2024 , 130.01 , 127.41 , 129.60 , 129.56 
8 , 20 , 2024 , 129.31 , 125.29 , 128.41 , 127.54 
8 , 21 , 2024 , 129.71 , 126.64 , 127.83 , 129.45 
8 , 22 , 2024 , 131.21 , 128.64 , 129.77 , 128.80 
8 , 23 , 2024 , 130.46 , 128.17 , 129.39 , 128.81 
8 , 26 , 2024 , 131.18 , 127.86 , 128.72 , 128.62 
8 , 27 , 2024 , 129.51 , 127.13 , 127.31 , 128.48 
8 , 28 , 2024 , 128.36 , 126.04 , 128.24 , 127.16 
8 , 29 , 2024 , 128.46 , 125.91 , 127.88 , 126.53 
8 , 30 , 2024 , 129.75 , 126.74 , 127.74 , 128.71 
9 , 3 , 2024 , 129.51 , 124.28 , 128.04 , 125.05 
9 , 4 , 2024 , 126.70 , 123.44 , 124.85 , 125.42 
9 , 5 , 2024 , 128.15 , 124.68 , 125.04 , 126.35 
9 , 6 , 2024 , 126.41 , 122.32 , 126.07 , 123.56 
9 , 9 , 2024 , 126.72 , 123.94 , 124.62 , 124.61 
9 , 10 , 2024 , 126.88 , 122.73 , 124.21 , 125.81 
9 , 11 , 2024 , 130.34 , 124.47 , 125.91 , 130.02 
9 , 12 , 2024 , 130.99 , 129.37 , 130.61 , 130.19 
9 , 13 , 2024 , 133.19 , 130.67 , 131.09 , 131.35 
9 , 16 , 2024 , 133.15 , 130.30 , 131.22 , 130.87 
9 , 17 , 2024 , 131.37 , 126.90 , 131.35 , 129.88 
9 , 18 , 2024 , 134.05 , 130.32 , 131.22 , 132.48 
9 , 19 , 2024 , 138.65 , 136.05 , 137.56 , 137.29 
9 , 20 , 2024 , 139.89 , 136.53 , 137.36 , 139.72 
9 , 23 , 2024 , 140.68 , 138.71 , 140.00 , 139.51 
9 , 24 , 2024 , 141.93 , 138.59 , 140.73 , 141.68 
9 , 25 , 2024 , 146.36 , 143.30 , 144.31 , 143.93 
9 , 26 , 2024 , 145.33 , 142.62 , 145.18 , 143.02 
9 , 27 , 2024 , 144.80 , 142.12 , 143.37 , 142.23 
9 , 30 , 2024 , 143.05 , 141.16 , 142.67 , 142.73 
10 , 1 , 2024 , 144.50 , 140.53 , 143.36 , 141.93 
10 , 2 , 2024 , 144.35 , 141.58 , 141.90 , 143.58 
10 , 3 , 2024 , 143.33 , 140.62 , 142.17 , 142.12 
10 , 4 , 2024 , 145.41 , 143.58 , 144.16 , 144.86 
10 , 7 , 2024 , 144.83 , 141.84 , 144.46 , 142.08 
10 , 8 , 2024 , 144.29 , 141.26 , 142.20 , 143.30 
10 , 9 , 2024 , 143.96 , 142.45 , 143.00 , 142.65 
10 , 10 , 2024 , 146.38 , 141.76 , 142.64 , 144.49 
10 , 11 , 2024 , 150.00 , 145.00 , 145.50 , 149.44 
10 , 14 , 2024 , 150.29 , 148.10 , 149.79 , 150.02 
10 , 15 , 2024 , 150.00 , 143.37 , 149.75 , 148.87 
10 , 16 , 2024 , 150.06 , 147.31 , 148.51 , 149.86 
10 , 17 , 2024 , 152.11 , 149.80 , 151.71 , 151.40 
10 , 18 , 2024 , 152.53 , 150.34 , 151.63 , 151.98 
10 , 21 , 2024 , 152.89 , 150.70 , 151.38 , 152.89 
10 , 22 , 2024 , 154.16 , 151.73 , 152.16 , 152.54 
10 , 23 , 2024 , 153.04 , 150.26 , 152.00 , 150.92 
10 , 24 , 2024 , 153.86 , 151.26 , 151.69 , 153.19 
10 , 25 , 2024 , 155.29 , 152.86 , 153.72 , 153.88 
10 , 28 , 2024 , 155.31 , 153.29 , 154.96 , 153.37 
10 , 29 , 2024 , 155.93 , 153.59 , 154.48 , 155.20 
10 , 30 , 2024 , 156.58 , 153.10 , 154.19 , 155.25 
10 , 31 , 2024 , 165.07 , 154.20 , 164.31 , 156.70 
11 , 1 , 2024 , 158.16 , 152.26 , 155.91 , 155.66 
11 , 4 , 2024 , 157.35 , 152.57 , 155.00 , 157.24 
11 , 5 , 2024 , 160.25 , 156.70 , 157.74 , 159.46 
11 , 6 , 2024 , 169.74 , 161.66 , 162.30 , 169.64 
11 , 7 , 2024 , 171.20 , 167.64 , 169.13 , 170.59 
11 , 8 , 2024 , 172.18 , 169.57 , 170.40 , 171.40 
11 , 11 , 2024 , 175.23 , 170.51 , 171.40 , 174.95 
11 , 12 , 2024 , 177.30 , 173.58 , 174.90 , 176.49 
11 , 13 , 2024 , 178.16 , 174.82 , 176.51 , 175.76 
11 , 14 , 2024 , 176.78 , 173.25 , 174.68 , 173.80 
11 , 15 , 2024 , 173.51 , 169.10 , 173.51 , 169.43 
11 , 18 , 2024 , 174.56 , 168.75 , 169.78 , 172.73 
11 , 19 , 2024 , 176.65 , 171.20 , 171.82 , 176.18 
11 , 20 , 2024 , 176.00 , 167.88 , 175.77 , 172.20 
11 , 21 , 2024 , 173.97 , 170.09 , 172.50 , 173.17 
11 , 22 , 2024 , 177.56 , 173.00 , 173.11 , 177.24 
11 , 25 , 2024 , 179.13 , 173.91 , 178.82 , 179.10 
11 , 26 , 2024 , 181.30 , 178.10 , 180.00 , 179.01 
11 , 27 , 2024 , 180.18 , 177.70 , 179.99 , 178.44 
11 , 29 , 2024 , 180.70 , 177.18 , 179.42 , 180.48 
12 , 2 , 2024 , 180.31 , 175.84 , 179.99 , 176.37 
12 , 3 , 2024 , 177.57 , 175.18 , 177.00 , 176.09 
12 , 4 , 2024 , 178.45 , 175.48 , 177.00 , 176.88 
12 , 5 , 2024 , 179.00 , 175.70 , 176.28 , 175.89 
12 , 6 , 2024 , 179.22 , 176.13 , 177.23 , 178.48 
12 , 9 , 2024 , 177.79 , 174.15 , 176.96 , 175.64 
12 , 10 , 2024 , 179.56 , 171.27 , 175.49 , 173.90 
12 , 11 , 2024 , 177.51 , 173.41 , 176.30 , 176.41 
12 , 12 , 2024 , 178.50 , 175.50 , 175.97 , 176.02 
12 , 13 , 2024 , 175.86 , 173.69 , 175.30 , 175.09 
12 , 16 , 2024 , 179.75 , 175.04 , 176.90 , 179.50 
12 , 17 , 2024 , 181.78 , 176.79 , 178.95 , 177.00 
12 , 18 , 2024 , 177.44 , 164.20 , 177.17 , 165.39 
12 , 19 , 2024 , 169.00 , 166.15 , 167.30 , 167.65 
12 , 20 , 2024 , 172.03 , 164.87 , 165.71 , 171.00 
12 , 23 , 2024 , 171.68 , 168.53 , 171.54 , 169.94 
12 , 24 , 2024 , 171.94 , 169.47 , 169.47 , 171.81 
12 , 26 , 2024 , 172.59 , 170.50 , 171.30 , 170.57 
12 , 27 , 2024 , 169.98 , 166.43 , 169.98 , 169.34 
12 , 30 , 2024 , 170.34 , 165.46 , 166.67 , 169.60 
12 , 31 , 2024 , 170.08 , 167.27 , 169.62 , 167.75 
1 , 2 , 2025 , 172.22 , 168.03 , 168.79 , 170.65 
1 , 3 , 2025 , 175.00 , 171.91 , 172.60 , 174.96 
1 , 6 , 2025 , 175.36 , 172.46 , 175.00 , 175.02 
1 , 7 , 2025 , 175.99 , 168.90 , 175.95 , 170.00 
1 , 8 , 2025 , 174.53 , 169.86 , 171.20 , 173.72 
1 , 10 , 2025 , 172.15 , 167.82 , 171.90 , 170.12 
1 , 13 , 2025 , 169.93 , 166.41 , 169.65 , 168.37 
1 , 14 , 2025 , 171.90 , 167.55 , 170.68 , 169.33 
1 , 15 , 2025 , 173.94 , 170.45 , 173.00 , 171.19 
1 , 16 , 2025 , 172.75 , 169.33 , 171.43 , 170.85 
1 , 17 , 2025 , 174.71 , 172.52 , 174.37 , 174.48 
1 , 21 , 2025 , 178.55 , 174.44 , 176.09 , 178.10 
1 , 22 , 2025 , 180.00 , 177.36 , 179.67 , 177.68 
1 , 23 , 2025 , 183.48 , 175.55 , 178.05 , 183.13 
1 , 24 , 2025 , 184.26 , 181.82 , 183.46 , 183.32 
1 , 27 , 2025 , 183.18 , 176.11 , 178.43 , 182.48 
1 , 28 , 2025 , 185.38 , 178.26 , 182.48 , 184.49 
1 , 29 , 2025 , 186.79 , 184.01 , 184.75 , 185.78 
1 , 30 , 2025 , 189.23 , 186.26 , 187.43 , 188.57 
1 , 31 , 2025 , 189.99 , 187.30 , 188.58 , 188.83 
2 , 3 , 2025 , 192.78 , 185.00 , 186.64 , 190.80 
2 , 4 , 2025 , 194.70 , 190.58 , 190.84 , 194.57 
2 , 5 , 2025 , 196.03 , 190.84 , 193.10 , 195.99 
2 , 6 , 2025 , 196.98 , 194.40 , 195.83 , 196.45 
2 , 7 , 2025 , 199.17 , 195.20 , 197.14 , 195.54 
2 , 10 , 2025 , 198.69 , 192.39 , 198.69 , 192.63 
2 , 11 , 2025 , 194.00 , 189.50 , 190.92 , 193.09 
2 , 12 , 2025 , 201.17 , 195.20 , 198.00 , 200.89 
2 , 13 , 2025 , 206.00 , 195.62 , 200.89 , 205.64 
2 , 14 , 2025 , 214.64 , 204.87 , 205.74 , 213.38 
2 , 18 , 2025 , 215.25 , 209.57 , 213.09 , 211.97 
2 , 19 , 2025 , 214.11 , 207.81 , 212.09 , 213.24 
2 , 20 , 2025 , 211.30 , 199.49 , 210.53 , 202.25 
2 , 21 , 2025 , 206.53 , 198.70 , 202.50 , 199.94 
2 , 24 , 2025 , 201.18 , 193.39 , 200.74 , 195.87 
2 , 25 , 2025 , 196.24 , 186.88 , 194.94 , 191.27 
2 , 26 , 2025 , 202.67 , 192.00 , 194.15 , 198.60 
2 , 27 , 2025 , 203.04 , 195.04 , 200.23 , 195.84 
2 , 28 , 2025 , 199.63 , 193.17 , 196.00 , 198.44 
3 , 3 , 2025 , 205.00 , 196.25 , 199.89 , 198.10 
3 , 4 , 2025 , 197.47 , 187.02 , 196.62 , 193.41 
3 , 5 , 2025 , 195.94 , 191.02 , 193.52 , 195.08 
3 , 6 , 2025 , 192.52 , 178.65 , 190.62 , 180.11 
3 , 7 , 2025 , 182.96 , 169.43 , 179.17 , 178.08 
3 , 10 , 2025 , 182.91 , 169.87 , 182.49 , 177.86 
3 , 11 , 2025 , 185.81 , 175.95 , 176.31 , 183.73 
3 , 12 , 2025 , 189.97 , 180.28 , 187.77 , 187.70 
3 , 13 , 2025 , 189.27 , 178.07 , 188.43 , 178.29 
3 , 14 , 2025 , 186.21 , 180.55 , 180.55 , 183.50 
3 , 17 , 2025 , 191.72 , 182.98 , 183.00 , 189.86 
3 , 18 , 2025 , 188.56 , 180.57 , 188.03 , 185.21 
3 , 19 , 2025 , 192.67 , 185.20 , 186.00 , 190.66 
3 , 20 , 2025 , 195.21 , 187.87 , 188.07 , 192.93 
3 , 21 , 2025 , 194.40 , 187.20 , 190.72 , 190.62 
3 , 24 , 2025 , 199.56 , 188.58 , 192.81 , 198.98 
3 , 25 , 2025 , 201.03 , 196.85 , 199.00 , 199.72 
3 , 26 , 2025 , 199.67 , 191.46 , 199.24 , 192.87 
3 , 27 , 2025 , 195.35 , 189.65 , 192.12 , 194.02 
3 , 28 , 2025 , 193.80 , 182.07 , 193.80 , 182.61 
3 , 31 , 2025 , 183.26 , 173.87 , 178.01 , 182.77 
4 , 1 , 2025 , 183.02 , 178.26 , 182.05 , 182.42 
4 , 2 , 2025 , 192.69 , 179.49 , 180.11 , 189.25 
4 , 3 , 2025 , 182.12 , 173.35 , 179.50 , 173.99 
4 , 4 , 2025 , 170.23 , 162.56 , 165.65 , 163.16 
4 , 7 , 2025 , 175.99 , 155.40 , 156.13 , 166.30 
4 , 8 , 2025 , 176.28 , 163.30 , 173.39 , 165.75 
4 , 9 , 2025 , 190.44 , 164.38 , 164.39 , 188.58 
4 , 10 , 2025 , 184.84 , 172.63 , 184.07 , 178.52 
4 , 11 , 2025 , 180.76 , 173.81 , 178.52 , 180.49 
4 , 14 , 2025 , 186.18 , 179.42 , 185.00 , 181.85 
4 , 15 , 2025 , 185.69 , 180.51 , 181.33 , 181.55 
4 , 16 , 2025 , 182.64 , 176.60 , 177.41 , 179.39 
4 , 17 , 2025 , 182.89 , 177.98 , 181.25 , 181.24 
4 , 21 , 2025 , 180.11 , 168.95 , 178.23 , 171.82 
4 , 22 , 2025 , 179.00 , 173.51 , 175.14 , 176.61 
4 , 23 , 2025 , 187.00 , 180.44 , 183.36 , 181.19 
4 , 24 , 2025 , 187.60 , 180.06 , 181.12 , 187.22 
4 , 25 , 2025 , 191.10 , 183.20 , 187.22 , 187.76 
4 , 28 , 2025 , 190.69 , 186.55 , 188.81 , 187.88 
4 , 29 , 2025 , 191.85 , 185.85 , 186.15 , 191.23 
4 , 30 , 2025 , 193.30 , 183.76 , 186.19 , 192.89 
