Month , Day , Year , High , Low , Open , Close
3 , 31 , 2022 , 59.08 , 55.78 , 58.34 , 56.25 
4 , 1 , 2022 , 58.30 , 55.70 , 56.36 , 58.02 
4 , 4 , 2022 , 58.70 , 57.53 , 58.36 , 58.38 
4 , 5 , 2022 , 60.32 , 58.45 , 58.65 , 59.00 
4 , 6 , 2022 , 60.08 , 58.37 , 58.90 , 59.60 
4 , 7 , 2022 , 61.07 , 59.35 , 59.76 , 60.91 
4 , 8 , 2022 , 64.90 , 60.90 , 61.22 , 64.02 
4 , 11 , 2022 , 64.66 , 60.41 , 64.18 , 60.68 
4 , 12 , 2022 , 63.21 , 60.88 , 61.21 , 61.87 
4 , 13 , 2022 , 64.55 , 61.75 , 62.04 , 64.20 
4 , 14 , 2022 , 64.72 , 62.18 , 64.12 , 62.55 
4 , 18 , 2022 , 64.17 , 62.29 , 62.29 , 63.31 
4 , 19 , 2022 , 66.89 , 62.88 , 63.63 , 66.71 
4 , 20 , 2022 , 68.68 , 65.07 , 67.82 , 65.41 
4 , 21 , 2022 , 66.30 , 62.15 , 65.00 , 62.67 
4 , 22 , 2022 , 64.46 , 62.29 , 62.50 , 62.43 
4 , 25 , 2022 , 62.84 , 59.44 , 62.36 , 62.27 
4 , 26 , 2022 , 62.22 , 59.91 , 61.80 , 59.95 
4 , 27 , 2022 , 61.19 , 59.73 , 60.01 , 60.09 
4 , 28 , 2022 , 61.35 , 58.80 , 60.22 , 61.31 
4 , 29 , 2022 , 61.86 , 59.15 , 61.50 , 59.21 
5 , 2 , 2022 , 59.99 , 56.90 , 59.30 , 58.20 
5 , 3 , 2022 , 60.45 , 58.45 , 58.45 , 59.70 
5 , 4 , 2022 , 62.30 , 59.84 , 60.12 , 61.81 
5 , 5 , 2022 , 61.99 , 59.17 , 61.22 , 60.16 
5 , 6 , 2022 , 61.23 , 58.70 , 60.26 , 60.27 
5 , 9 , 2022 , 60.57 , 56.57 , 60.57 , 57.62 
5 , 10 , 2022 , 59.87 , 56.74 , 58.25 , 57.04 
5 , 11 , 2022 , 59.03 , 56.53 , 57.11 , 57.37 
5 , 12 , 2022 , 57.85 , 53.08 , 57.31 , 53.47 
5 , 13 , 2022 , 55.90 , 53.63 , 54.53 , 54.61 
5 , 16 , 2022 , 57.13 , 54.34 , 54.42 , 56.59 
5 , 17 , 2022 , 59.48 , 55.98 , 56.85 , 59.32 
5 , 18 , 2022 , 60.26 , 56.93 , 59.42 , 57.28 
5 , 19 , 2022 , 57.51 , 54.92 , 57.13 , 57.23 
5 , 20 , 2022 , 58.94 , 55.49 , 57.51 , 56.65 
5 , 23 , 2022 , 57.59 , 55.86 , 57.50 , 56.60 
5 , 24 , 2022 , 57.36 , 55.07 , 56.55 , 56.78 
5 , 25 , 2022 , 59.34 , 56.88 , 56.88 , 59.17 
5 , 26 , 2022 , 63.04 , 59.17 , 59.18 , 62.47 
5 , 27 , 2022 , 66.64 , 62.00 , 62.40 , 66.60 
5 , 31 , 2022 , 66.39 , 61.37 , 65.54 , 62.08 
6 , 1 , 2022 , 63.92 , 62.15 , 62.38 , 63.65 
6 , 2 , 2022 , 64.12 , 61.98 , 64.00 , 63.75 
6 , 3 , 2022 , 65.82 , 63.12 , 63.26 , 65.17 
6 , 6 , 2022 , 66.94 , 65.39 , 65.57 , 66.39 
6 , 7 , 2022 , 66.70 , 65.16 , 65.52 , 66.55 
6 , 8 , 2022 , 66.47 , 63.13 , 66.44 , 64.77 
6 , 9 , 2022 , 64.46 , 61.16 , 64.26 , 61.21 
6 , 10 , 2022 , 61.06 , 59.21 , 59.85 , 59.79 
6 , 13 , 2022 , 58.99 , 55.20 , 58.27 , 55.48 
6 , 14 , 2022 , 56.48 , 53.32 , 56.03 , 54.44 
6 , 15 , 2022 , 59.56 , 55.68 , 55.70 , 58.20 
6 , 16 , 2022 , 58.35 , 56.08 , 56.33 , 58.26 
6 , 17 , 2022 , 59.50 , 55.49 , 58.55 , 58.10 
6 , 21 , 2022 , 60.94 , 58.10 , 58.10 , 60.38 
6 , 22 , 2022 , 60.43 , 58.87 , 59.28 , 59.21 
6 , 23 , 2022 , 61.23 , 57.79 , 59.88 , 58.65 
6 , 24 , 2022 , 60.34 , 57.98 , 58.84 , 59.28 
6 , 27 , 2022 , 59.87 , 58.42 , 59.12 , 59.42 
6 , 28 , 2022 , 60.91 , 57.83 , 59.84 , 58.08 
6 , 29 , 2022 , 58.16 , 56.32 , 57.96 , 57.31 
6 , 30 , 2022 , 58.83 , 56.55 , 56.90 , 57.26 
7 , 1 , 2022 , 58.09 , 56.62 , 56.72 , 57.60 
7 , 5 , 2022 , 57.37 , 52.89 , 57.15 , 54.94 
7 , 6 , 2022 , 57.22 , 54.56 , 55.13 , 56.76 
7 , 7 , 2022 , 59.90 , 57.57 , 57.57 , 59.11 
7 , 8 , 2022 , 59.81 , 57.42 , 58.94 , 59.65 
7 , 11 , 2022 , 60.14 , 58.41 , 59.65 , 59.84 
7 , 12 , 2022 , 61.11 , 58.92 , 59.41 , 59.23 
7 , 13 , 2022 , 60.28 , 58.15 , 58.15 , 59.82 
7 , 14 , 2022 , 58.97 , 57.09 , 58.29 , 57.92 
7 , 15 , 2022 , 56.65 , 52.64 , 54.96 , 55.66 
7 , 18 , 2022 , 56.67 , 54.59 , 56.33 , 54.81 
7 , 19 , 2022 , 55.50 , 54.17 , 55.44 , 55.00 
7 , 20 , 2022 , 55.35 , 53.37 , 55.16 , 54.07 
7 , 21 , 2022 , 54.86 , 53.31 , 53.86 , 54.16 
7 , 22 , 2022 , 55.60 , 53.42 , 54.79 , 54.00 
7 , 25 , 2022 , 55.06 , 53.37 , 53.98 , 54.96 
7 , 26 , 2022 , 56.67 , 54.89 , 55.40 , 55.50 
7 , 27 , 2022 , 55.76 , 54.18 , 55.03 , 55.53 
7 , 28 , 2022 , 65.94 , 62.19 , 62.58 , 64.59 
7 , 29 , 2022 , 66.60 , 63.64 , 63.85 , 66.10 
8 , 1 , 2022 , 66.60 , 64.13 , 66.05 , 65.30 
8 , 2 , 2022 , 66.79 , 64.99 , 65.30 , 65.84 
8 , 3 , 2022 , 67.38 , 65.54 , 66.63 , 67.17 
8 , 4 , 2022 , 68.37 , 65.51 , 65.51 , 67.46 
8 , 5 , 2022 , 75.98 , 69.75 , 69.76 , 74.30 
8 , 8 , 2022 , 77.63 , 74.97 , 77.01 , 75.89 
8 , 9 , 2022 , 76.77 , 75.02 , 75.75 , 75.72 
8 , 10 , 2022 , 77.20 , 75.50 , 76.05 , 77.12 
8 , 11 , 2022 , 80.06 , 76.68 , 77.12 , 78.83 
8 , 12 , 2022 , 81.68 , 79.04 , 79.65 , 81.50 
8 , 15 , 2022 , 82.43 , 80.25 , 80.25 , 81.20 
8 , 16 , 2022 , 82.11 , 80.90 , 81.10 , 81.40 
8 , 17 , 2022 , 81.45 , 79.10 , 80.42 , 79.70 
8 , 18 , 2022 , 82.15 , 79.42 , 79.42 , 81.60 
8 , 19 , 2022 , 81.28 , 79.85 , 80.31 , 80.84 
8 , 22 , 2022 , 80.75 , 79.52 , 80.75 , 79.65 
8 , 23 , 2022 , 80.89 , 79.60 , 80.27 , 79.75 
8 , 24 , 2022 , 80.82 , 79.31 , 79.66 , 80.37 
8 , 25 , 2022 , 82.83 , 79.77 , 80.49 , 82.74 
8 , 26 , 2022 , 83.23 , 80.60 , 82.74 , 80.83 
8 , 29 , 2022 , 81.99 , 79.15 , 79.65 , 81.00 
8 , 30 , 2022 , 81.58 , 78.98 , 81.58 , 79.69 
8 , 31 , 2022 , 82.39 , 79.57 , 80.26 , 81.59 
9 , 1 , 2022 , 82.94 , 81.16 , 81.59 , 82.52 
9 , 2 , 2022 , 83.69 , 80.96 , 82.58 , 81.07 
9 , 6 , 2022 , 82.70 , 81.08 , 81.70 , 82.26 
9 , 7 , 2022 , 84.46 , 81.68 , 82.60 , 82.90 
9 , 8 , 2022 , 85.95 , 82.87 , 82.87 , 85.79 
9 , 9 , 2022 , 87.81 , 85.44 , 86.50 , 87.51 
9 , 12 , 2022 , 88.66 , 87.46 , 88.56 , 88.13 
9 , 13 , 2022 , 88.03 , 85.77 , 86.90 , 86.38 
9 , 14 , 2022 , 88.53 , 86.26 , 86.38 , 88.05 
9 , 15 , 2022 , 88.26 , 86.31 , 87.88 , 86.80 
9 , 16 , 2022 , 86.86 , 84.89 , 86.61 , 85.57 
9 , 19 , 2022 , 89.70 , 85.25 , 85.40 , 89.36 
9 , 20 , 2022 , 90.18 , 87.56 , 88.41 , 87.75 
9 , 21 , 2022 , 90.09 , 87.23 , 88.79 , 87.28 
9 , 22 , 2022 , 88.00 , 84.63 , 88.00 , 85.38 
9 , 23 , 2022 , 84.34 , 82.16 , 83.79 , 83.85 
9 , 26 , 2022 , 84.95 , 81.65 , 83.67 , 82.92 
9 , 27 , 2022 , 85.42 , 83.08 , 83.69 , 83.97 
9 , 28 , 2022 , 85.53 , 83.18 , 84.11 , 85.02 
9 , 29 , 2022 , 86.21 , 82.07 , 85.05 , 83.04 
9 , 30 , 2022 , 84.45 , 82.22 , 83.28 , 83.19 
10 , 3 , 2022 , 86.91 , 83.87 , 85.03 , 86.59 
10 , 4 , 2022 , 89.47 , 87.16 , 88.30 , 89.34 
10 , 5 , 2022 , 89.47 , 85.59 , 87.68 , 88.17 
10 , 6 , 2022 , 89.91 , 85.95 , 88.23 , 86.28 
10 , 7 , 2022 , 85.75 , 83.37 , 85.71 , 84.39 
10 , 10 , 2022 , 85.63 , 83.93 , 84.95 , 84.72 
10 , 11 , 2022 , 85.32 , 82.55 , 84.41 , 82.88 
10 , 12 , 2022 , 83.59 , 81.68 , 83.11 , 82.16 
10 , 13 , 2022 , 84.32 , 79.30 , 80.56 , 83.82 
10 , 14 , 2022 , 84.76 , 80.71 , 84.21 , 81.26 
10 , 17 , 2022 , 86.29 , 83.14 , 83.22 , 85.19 
10 , 18 , 2022 , 87.40 , 84.51 , 86.50 , 86.51 
10 , 19 , 2022 , 86.23 , 84.56 , 85.09 , 85.69 
10 , 20 , 2022 , 86.73 , 84.18 , 86.37 , 84.56 
10 , 21 , 2022 , 87.46 , 83.66 , 84.70 , 87.28 
10 , 24 , 2022 , 87.71 , 85.57 , 87.57 , 87.58 
10 , 25 , 2022 , 88.56 , 86.75 , 87.50 , 88.15 
10 , 26 , 2022 , 89.68 , 87.33 , 89.68 , 88.78 
10 , 27 , 2022 , 93.14 , 89.81 , 89.81 , 93.04 
10 , 28 , 2022 , 95.25 , 91.82 , 92.89 , 93.75 
10 , 31 , 2022 , 95.42 , 93.38 , 94.14 , 94.54 
11 , 1 , 2022 , 96.24 , 94.01 , 95.24 , 95.52 
11 , 2 , 2022 , 96.29 , 92.98 , 94.68 , 93.09 
11 , 3 , 2022 , 95.45 , 92.16 , 92.16 , 94.41 
11 , 4 , 2022 , 96.21 , 92.75 , 95.09 , 94.32 
11 , 7 , 2022 , 95.06 , 92.96 , 95.06 , 93.50 
11 , 8 , 2022 , 93.11 , 86.08 , 89.56 , 87.54 
11 , 9 , 2022 , 89.92 , 86.33 , 87.00 , 87.35 
11 , 10 , 2022 , 95.84 , 88.20 , 90.19 , 95.14 
11 , 11 , 2022 , 95.87 , 91.61 , 95.29 , 92.31 
11 , 14 , 2022 , 94.72 , 92.00 , 92.00 , 93.92 
11 , 15 , 2022 , 94.75 , 92.65 , 94.51 , 93.50 
11 , 16 , 2022 , 94.52 , 91.28 , 94.31 , 91.68 
11 , 17 , 2022 , 91.46 , 88.87 , 90.43 , 90.05 
11 , 18 , 2022 , 93.44 , 90.03 , 90.12 , 93.30 
11 , 21 , 2022 , 94.22 , 92.76 , 94.07 , 93.39 
11 , 22 , 2022 , 96.36 , 94.09 , 94.56 , 96.27 
11 , 23 , 2022 , 97.89 , 94.42 , 96.03 , 96.62 
11 , 25 , 2022 , 97.45 , 96.00 , 96.60 , 97.16 
11 , 28 , 2022 , 96.59 , 94.38 , 96.07 , 94.81 
11 , 29 , 2022 , 95.11 , 93.32 , 94.69 , 94.43 
11 , 30 , 2022 , 96.94 , 93.76 , 94.14 , 96.12 
12 , 1 , 2022 , 97.78 , 93.88 , 97.00 , 94.47 
12 , 2 , 2022 , 93.49 , 91.04 , 92.99 , 92.04 
12 , 5 , 2022 , 91.61 , 89.80 , 91.01 , 90.06 
12 , 6 , 2022 , 90.88 , 89.80 , 89.86 , 90.78 
12 , 7 , 2022 , 93.20 , 90.59 , 90.88 , 91.97 
12 , 8 , 2022 , 92.99 , 90.93 , 92.33 , 91.41 
12 , 9 , 2022 , 91.86 , 89.69 , 91.36 , 89.72 
12 , 12 , 2022 , 90.92 , 89.07 , 89.98 , 90.88 
12 , 13 , 2022 , 92.71 , 90.39 , 91.98 , 90.84 
12 , 14 , 2022 , 92.29 , 89.88 , 91.54 , 90.85 
12 , 15 , 2022 , 90.85 , 89.43 , 90.81 , 89.70 
12 , 16 , 2022 , 88.60 , 85.93 , 88.15 , 88.20 
12 , 19 , 2022 , 88.67 , 87.00 , 88.38 , 87.73 
12 , 20 , 2022 , 88.12 , 87.13 , 88.00 , 87.56 
12 , 21 , 2022 , 90.17 , 86.71 , 87.99 , 89.65 
12 , 22 , 2022 , 89.38 , 86.53 , 89.13 , 87.33 
12 , 23 , 2022 , 88.23 , 87.13 , 87.52 , 88.04 
12 , 27 , 2022 , 88.91 , 87.27 , 88.44 , 87.64 
12 , 28 , 2022 , 88.34 , 86.42 , 87.95 , 86.61 
12 , 29 , 2022 , 87.69 , 86.28 , 87.16 , 86.77 
12 , 30 , 2022 , 86.60 , 85.12 , 86.60 , 86.21 
1 , 3 , 2023 , 86.12 , 80.79 , 86.00 , 81.91 
1 , 4 , 2023 , 83.74 , 81.29 , 81.95 , 83.41 
1 , 5 , 2023 , 83.92 , 81.89 , 82.92 , 82.41 
1 , 6 , 2023 , 85.16 , 83.08 , 83.62 , 83.50 
1 , 9 , 2023 , 85.21 , 83.58 , 83.85 , 84.00 
1 , 10 , 2023 , 83.49 , 81.58 , 83.40 , 83.08 
1 , 11 , 2023 , 84.38 , 82.44 , 83.00 , 84.11 
1 , 12 , 2023 , 84.80 , 82.77 , 83.88 , 84.34 
1 , 13 , 2023 , 85.71 , 83.45 , 83.81 , 85.16 
1 , 17 , 2023 , 85.02 , 83.00 , 83.93 , 83.37 
1 , 18 , 2023 , 84.51 , 81.77 , 83.32 , 81.85 
1 , 19 , 2023 , 81.79 , 80.76 , 81.60 , 80.84 
1 , 20 , 2023 , 83.10 , 80.45 , 81.12 , 83.00 
1 , 23 , 2023 , 84.29 , 82.56 , 82.93 , 84.14 
1 , 24 , 2023 , 84.23 , 82.98 , 84.00 , 83.91 
1 , 25 , 2023 , 83.56 , 82.49 , 83.42 , 83.40 
1 , 26 , 2023 , 86.07 , 83.28 , 83.63 , 85.88 
1 , 27 , 2023 , 86.66 , 84.84 , 85.88 , 86.58 
1 , 30 , 2023 , 86.85 , 82.25 , 85.92 , 82.40 
1 , 31 , 2023 , 85.50 , 82.38 , 82.88 , 85.36 
2 , 1 , 2023 , 85.87 , 82.88 , 85.46 , 85.41 
2 , 2 , 2023 , 86.68 , 83.76 , 85.48 , 85.33 
2 , 3 , 2023 , 85.16 , 83.05 , 84.38 , 83.20 
2 , 6 , 2023 , 83.85 , 82.51 , 83.01 , 83.26 
2 , 7 , 2023 , 86.27 , 82.33 , 83.33 , 85.93 
2 , 8 , 2023 , 85.00 , 84.14 , 84.75 , 84.34 
2 , 9 , 2023 , 85.46 , 83.93 , 84.93 , 84.42 
2 , 10 , 2023 , 87.00 , 84.17 , 84.21 , 86.81 
2 , 13 , 2023 , 87.30 , 85.94 , 86.89 , 86.39 
2 , 14 , 2023 , 87.60 , 85.15 , 85.92 , 86.06 
2 , 15 , 2023 , 86.49 , 84.36 , 84.50 , 86.01 
2 , 16 , 2023 , 87.92 , 84.93 , 85.00 , 85.63 
2 , 17 , 2023 , 86.04 , 81.90 , 85.20 , 84.55 
2 , 21 , 2023 , 83.01 , 79.90 , 81.61 , 80.37 
2 , 22 , 2023 , 79.31 , 76.40 , 79.31 , 77.80 
2 , 23 , 2023 , 79.45 , 78.00 , 78.00 , 79.22 
2 , 24 , 2023 , 79.41 , 77.48 , 77.73 , 79.27 
2 , 27 , 2023 , 80.10 , 78.00 , 79.42 , 78.37 
2 , 28 , 2023 , 77.99 , 74.40 , 77.81 , 74.89 
3 , 1 , 2023 , 75.39 , 72.83 , 74.13 , 74.35 
3 , 2 , 2023 , 76.73 , 74.00 , 74.13 , 76.18 
3 , 3 , 2023 , 79.20 , 76.00 , 76.23 , 78.98 
3 , 6 , 2023 , 78.88 , 77.35 , 78.36 , 78.80 
3 , 7 , 2023 , 79.07 , 77.32 , 79.07 , 77.90 
3 , 8 , 2023 , 78.45 , 77.10 , 77.75 , 78.07 
3 , 9 , 2023 , 80.19 , 77.40 , 78.04 , 78.64 
3 , 10 , 2023 , 79.78 , 77.24 , 79.19 , 77.55 
3 , 13 , 2023 , 78.61 , 76.49 , 76.93 , 77.10 
3 , 14 , 2023 , 79.10 , 77.17 , 77.50 , 77.93 
3 , 15 , 2023 , 77.88 , 76.35 , 77.29 , 77.33 
3 , 16 , 2023 , 79.04 , 76.03 , 76.62 , 78.43 
3 , 17 , 2023 , 78.46 , 75.99 , 77.72 , 76.77 
3 , 20 , 2023 , 78.43 , 76.91 , 77.06 , 77.00 
3 , 21 , 2023 , 78.11 , 75.97 , 77.58 , 76.52 
3 , 22 , 2023 , 76.33 , 74.40 , 76.27 , 74.42 
3 , 23 , 2023 , 75.13 , 72.77 , 74.67 , 73.40 
3 , 24 , 2023 , 73.52 , 71.16 , 72.56 , 73.44 
3 , 27 , 2023 , 75.43 , 73.44 , 73.44 , 75.27 
3 , 28 , 2023 , 76.81 , 74.85 , 75.07 , 75.51 
3 , 29 , 2023 , 76.56 , 75.43 , 76.29 , 75.88 
3 , 30 , 2023 , 77.44 , 76.00 , 76.69 , 76.82 
3 , 31 , 2023 , 78.60 , 76.73 , 76.82 , 78.50 
4 , 3 , 2023 , 78.55 , 76.48 , 78.00 , 76.62 
4 , 4 , 2023 , 76.97 , 75.12 , 76.67 , 76.02 
4 , 5 , 2023 , 77.12 , 75.68 , 75.88 , 76.50 
4 , 6 , 2023 , 76.98 , 76.16 , 76.61 , 76.96 
4 , 10 , 2023 , 77.37 , 75.86 , 76.53 , 77.33 
4 , 11 , 2023 , 77.81 , 77.18 , 77.76 , 77.42 
4 , 12 , 2023 , 77.95 , 76.66 , 77.93 , 76.81 
4 , 13 , 2023 , 77.59 , 76.17 , 76.69 , 77.14 
4 , 14 , 2023 , 76.64 , 75.50 , 76.32 , 76.43 
4 , 17 , 2023 , 76.83 , 74.66 , 76.58 , 75.04 
4 , 18 , 2023 , 75.95 , 74.17 , 75.34 , 74.48 
4 , 19 , 2023 , 75.40 , 74.50 , 74.97 , 74.75 
4 , 20 , 2023 , 76.57 , 74.69 , 74.74 , 76.47 
4 , 21 , 2023 , 76.97 , 75.96 , 76.82 , 76.55 
4 , 24 , 2023 , 77.34 , 75.60 , 76.43 , 77.29 
4 , 25 , 2023 , 77.14 , 75.84 , 76.64 , 76.93 
4 , 26 , 2023 , 76.97 , 75.46 , 76.51 , 75.86 
4 , 27 , 2023 , 77.24 , 75.98 , 76.27 , 76.75 
4 , 28 , 2023 , 77.47 , 76.30 , 76.90 , 77.40 
5 , 1 , 2023 , 77.65 , 76.76 , 77.01 , 77.05 
5 , 2 , 2023 , 77.40 , 75.95 , 76.73 , 76.79 
5 , 3 , 2023 , 77.60 , 76.15 , 77.20 , 76.51 
5 , 4 , 2023 , 80.37 , 74.91 , 76.98 , 78.59 
5 , 5 , 2023 , 80.45 , 78.28 , 79.12 , 79.49 
5 , 8 , 2023 , 79.85 , 78.08 , 79.74 , 78.71 
5 , 9 , 2023 , 79.10 , 77.81 , 77.98 , 78.95 
5 , 10 , 2023 , 80.12 , 78.75 , 79.85 , 79.46 
5 , 11 , 2023 , 79.55 , 78.24 , 79.00 , 79.12 
5 , 12 , 2023 , 80.39 , 78.86 , 79.45 , 79.85 
5 , 15 , 2023 , 81.09 , 79.18 , 80.63 , 80.27 
5 , 16 , 2023 , 80.19 , 78.33 , 80.19 , 79.00 
5 , 17 , 2023 , 80.63 , 78.71 , 79.09 , 80.39 
5 , 18 , 2023 , 81.47 , 79.56 , 80.27 , 81.40 
5 , 19 , 2023 , 83.24 , 81.53 , 81.73 , 82.30 
5 , 22 , 2023 , 83.96 , 82.31 , 82.73 , 83.53 
5 , 23 , 2023 , 84.56 , 83.17 , 83.36 , 84.04 
5 , 24 , 2023 , 84.37 , 82.55 , 84.04 , 83.31 
5 , 25 , 2023 , 83.20 , 81.90 , 83.20 , 82.75 
5 , 26 , 2023 , 83.95 , 82.31 , 82.95 , 83.85 
5 , 30 , 2023 , 85.05 , 83.14 , 83.86 , 83.70 
5 , 31 , 2023 , 84.55 , 82.45 , 83.53 , 84.02 
6 , 1 , 2023 , 89.16 , 84.79 , 84.88 , 88.88 
6 , 2 , 2023 , 89.05 , 87.27 , 88.66 , 87.54 
6 , 5 , 2023 , 88.81 , 87.18 , 87.82 , 87.51 
6 , 6 , 2023 , 89.89 , 87.14 , 87.14 , 89.55 
6 , 7 , 2023 , 90.88 , 89.13 , 89.55 , 90.81 
6 , 8 , 2023 , 92.47 , 91.06 , 91.49 , 92.30 
6 , 9 , 2023 , 93.77 , 92.09 , 92.30 , 93.29 
6 , 12 , 2023 , 94.02 , 92.88 , 93.00 , 93.75 
6 , 13 , 2023 , 95.33 , 93.59 , 93.96 , 94.25 
6 , 14 , 2023 , 95.00 , 92.77 , 94.53 , 93.20 
6 , 15 , 2023 , 93.75 , 92.96 , 93.72 , 93.46 
6 , 16 , 2023 , 94.52 , 92.74 , 93.59 , 92.89 
6 , 20 , 2023 , 93.36 , 91.89 , 93.13 , 91.99 
6 , 21 , 2023 , 91.04 , 89.19 , 90.88 , 90.50 
6 , 22 , 2023 , 90.69 , 87.87 , 90.50 , 89.25 
6 , 23 , 2023 , 90.70 , 89.12 , 89.64 , 90.36 
6 , 26 , 2023 , 91.20 , 89.69 , 90.25 , 90.63 
6 , 27 , 2023 , 91.02 , 89.98 , 90.97 , 90.85 
6 , 28 , 2023 , 90.90 , 89.71 , 90.90 , 90.55 
6 , 29 , 2023 , 91.35 , 90.14 , 90.51 , 90.87 
6 , 30 , 2023 , 92.29 , 91.04 , 92.05 , 91.55 
7 , 3 , 2023 , 91.74 , 90.33 , 91.01 , 91.60 
7 , 5 , 2023 , 93.21 , 91.35 , 91.42 , 92.14 
7 , 6 , 2023 , 91.47 , 89.85 , 91.47 , 91.00 
7 , 7 , 2023 , 91.71 , 90.66 , 91.00 , 91.33 
7 , 10 , 2023 , 93.63 , 91.38 , 91.38 , 93.60 
7 , 11 , 2023 , 94.43 , 92.86 , 93.84 , 94.36 
7 , 12 , 2023 , 96.16 , 94.08 , 94.94 , 96.06 
7 , 13 , 2023 , 96.07 , 94.88 , 95.85 , 95.27 
7 , 14 , 2023 , 95.54 , 94.70 , 94.89 , 95.00 
7 , 17 , 2023 , 96.92 , 94.47 , 94.47 , 96.18 
7 , 18 , 2023 , 96.65 , 93.89 , 96.00 , 95.37 
7 , 19 , 2023 , 95.54 , 93.93 , 94.83 , 94.73 
7 , 20 , 2023 , 97.32 , 95.24 , 95.50 , 96.89 
7 , 21 , 2023 , 98.15 , 96.31 , 97.58 , 96.60 
7 , 24 , 2023 , 96.81 , 95.76 , 96.60 , 96.55 
7 , 25 , 2023 , 98.16 , 95.90 , 95.95 , 97.52 
7 , 26 , 2023 , 98.24 , 96.67 , 96.67 , 97.34 
7 , 27 , 2023 , 97.75 , 95.20 , 97.73 , 95.42 
7 , 28 , 2023 , 96.66 , 95.26 , 96.26 , 95.74 
7 , 31 , 2023 , 96.69 , 95.40 , 95.84 , 96.65 
8 , 1 , 2023 , 97.09 , 96.07 , 96.24 , 96.30 
8 , 2 , 2023 , 96.03 , 94.43 , 95.99 , 95.55 
8 , 3 , 2023 , 103.57 , 95.76 , 95.97 , 101.14 
8 , 4 , 2023 , 104.71 , 101.79 , 101.92 , 103.94 
8 , 7 , 2023 , 104.65 , 102.78 , 104.58 , 103.75 
8 , 8 , 2023 , 104.93 , 102.96 , 102.96 , 104.81 
8 , 9 , 2023 , 105.90 , 104.31 , 104.62 , 105.11 
8 , 10 , 2023 , 106.85 , 105.11 , 105.97 , 105.72 
8 , 11 , 2023 , 106.72 , 104.99 , 105.44 , 106.56 
8 , 14 , 2023 , 107.60 , 105.71 , 106.46 , 107.00 
8 , 15 , 2023 , 106.59 , 105.62 , 106.39 , 106.24 
8 , 16 , 2023 , 106.45 , 105.00 , 106.40 , 105.10 
8 , 17 , 2023 , 106.15 , 104.57 , 105.48 , 104.82 
8 , 18 , 2023 , 105.54 , 104.51 , 104.53 , 104.77 
8 , 21 , 2023 , 106.46 , 104.28 , 104.60 , 106.11 
8 , 22 , 2023 , 106.55 , 105.51 , 105.66 , 106.26 
8 , 23 , 2023 , 109.26 , 106.95 , 106.95 , 108.44 
8 , 24 , 2023 , 110.25 , 106.84 , 108.90 , 106.92 
8 , 25 , 2023 , 107.44 , 105.57 , 106.82 , 105.87 
8 , 28 , 2023 , 107.35 , 105.23 , 106.31 , 105.37 
8 , 29 , 2023 , 106.17 , 104.80 , 105.23 , 105.54 
8 , 30 , 2023 , 106.27 , 105.09 , 105.34 , 105.74 
8 , 31 , 2023 , 106.09 , 103.77 , 105.95 , 104.16 
9 , 1 , 2023 , 107.41 , 105.20 , 105.63 , 107.29 
9 , 5 , 2023 , 106.73 , 105.15 , 106.55 , 106.05 
9 , 6 , 2023 , 107.79 , 105.99 , 106.33 , 106.64 
9 , 7 , 2023 , 110.96 , 107.18 , 107.86 , 108.54 
9 , 8 , 2023 , 109.66 , 108.23 , 108.23 , 108.64 
9 , 11 , 2023 , 110.40 , 108.65 , 108.80 , 109.98 
9 , 12 , 2023 , 110.10 , 108.15 , 109.54 , 108.50 
9 , 13 , 2023 , 110.09 , 108.51 , 108.78 , 109.27 
9 , 14 , 2023 , 112.62 , 109.53 , 109.76 , 112.46 
9 , 15 , 2023 , 112.68 , 109.80 , 112.46 , 109.93 
9 , 18 , 2023 , 112.25 , 110.41 , 110.43 , 110.74 
9 , 19 , 2023 , 111.38 , 110.30 , 111.09 , 110.54 
9 , 20 , 2023 , 111.18 , 109.91 , 110.93 , 110.13 
9 , 21 , 2023 , 110.64 , 109.51 , 109.63 , 109.94 
9 , 22 , 2023 , 110.74 , 108.61 , 109.46 , 110.36 
9 , 25 , 2023 , 112.92 , 109.50 , 109.72 , 112.21 
9 , 26 , 2023 , 111.72 , 107.93 , 111.66 , 108.49 
9 , 27 , 2023 , 111.29 , 108.98 , 108.98 , 110.75 
9 , 28 , 2023 , 110.98 , 108.84 , 110.77 , 109.32 
9 , 29 , 2023 , 110.71 , 108.64 , 110.04 , 109.08 
10 , 2 , 2023 , 108.30 , 102.76 , 108.30 , 104.73 
10 , 3 , 2023 , 104.92 , 102.41 , 103.21 , 104.89 
10 , 4 , 2023 , 106.60 , 104.23 , 104.64 , 106.16 
10 , 5 , 2023 , 108.50 , 106.61 , 106.98 , 107.88 
10 , 6 , 2023 , 110.58 , 105.13 , 106.55 , 110.17 
10 , 9 , 2023 , 111.49 , 109.97 , 110.17 , 111.38 
10 , 10 , 2023 , 113.49 , 110.96 , 110.96 , 113.00 
10 , 11 , 2023 , 115.18 , 113.31 , 113.91 , 115.07 
10 , 12 , 2023 , 116.16 , 114.46 , 114.91 , 115.72 
10 , 13 , 2023 , 117.39 , 112.99 , 116.77 , 113.69 
10 , 16 , 2023 , 117.12 , 114.61 , 114.77 , 116.83 
10 , 17 , 2023 , 117.99 , 115.71 , 116.05 , 117.15 
10 , 18 , 2023 , 118.65 , 115.81 , 117.33 , 116.07 
10 , 19 , 2023 , 116.61 , 114.11 , 116.00 , 114.29 
10 , 20 , 2023 , 114.79 , 111.92 , 114.11 , 112.10 
10 , 23 , 2023 , 113.03 , 110.40 , 111.83 , 112.11 
10 , 24 , 2023 , 115.30 , 113.26 , 113.26 , 114.27 
10 , 25 , 2023 , 114.27 , 111.67 , 114.23 , 112.03 
10 , 26 , 2023 , 113.03 , 111.14 , 112.00 , 112.72 
10 , 27 , 2023 , 113.36 , 109.89 , 113.00 , 110.78 
10 , 30 , 2023 , 113.23 , 111.51 , 111.86 , 113.03 
10 , 31 , 2023 , 113.51 , 111.17 , 113.12 , 112.92 
11 , 1 , 2023 , 115.38 , 112.83 , 113.59 , 114.85 
11 , 2 , 2023 , 117.90 , 114.38 , 114.91 , 117.19 
11 , 3 , 2023 , 118.67 , 116.85 , 118.65 , 117.07 
11 , 6 , 2023 , 125.62 , 118.06 , 118.99 , 124.73 
11 , 7 , 2023 , 124.97 , 118.66 , 124.44 , 119.87 
11 , 8 , 2023 , 121.48 , 118.97 , 120.42 , 121.18 
11 , 9 , 2023 , 124.36 , 120.52 , 121.59 , 120.63 
11 , 10 , 2023 , 122.73 , 121.38 , 121.45 , 121.77 
11 , 13 , 2023 , 122.24 , 120.91 , 121.38 , 121.72 
11 , 14 , 2023 , 126.71 , 123.38 , 124.05 , 126.52 
11 , 15 , 2023 , 127.24 , 121.69 , 126.58 , 121.99 
11 , 16 , 2023 , 123.83 , 121.51 , 123.00 , 121.67 
11 , 17 , 2023 , 123.52 , 121.60 , 122.20 , 121.69 
11 , 20 , 2023 , 122.85 , 121.48 , 122.53 , 122.28 
11 , 21 , 2023 , 123.18 , 121.85 , 122.90 , 122.51 
11 , 22 , 2023 , 123.84 , 121.98 , 122.90 , 123.25 
11 , 24 , 2023 , 124.30 , 123.05 , 123.07 , 123.86 
11 , 27 , 2023 , 125.38 , 123.37 , 123.93 , 125.10 
11 , 28 , 2023 , 126.50 , 123.76 , 124.98 , 124.45 
11 , 29 , 2023 , 123.94 , 119.76 , 123.55 , 120.58 
11 , 30 , 2023 , 121.86 , 120.52 , 120.59 , 121.04 
12 , 1 , 2023 , 120.94 , 119.65 , 120.62 , 119.88 
12 , 4 , 2023 , 119.55 , 118.05 , 119.00 , 118.92 
12 , 5 , 2023 , 118.94 , 115.89 , 118.71 , 118.31 
12 , 6 , 2023 , 119.67 , 112.22 , 119.34 , 112.63 
12 , 7 , 2023 , 113.44 , 109.45 , 113.26 , 110.53 
12 , 8 , 2023 , 111.61 , 109.65 , 109.99 , 111.21 
12 , 11 , 2023 , 116.30 , 110.67 , 111.55 , 116.15 
12 , 12 , 2023 , 116.40 , 113.85 , 116.16 , 114.49 
12 , 13 , 2023 , 116.75 , 113.53 , 114.59 , 116.43 
12 , 14 , 2023 , 117.81 , 115.37 , 116.64 , 115.60 
12 , 15 , 2023 , 120.87 , 115.61 , 115.67 , 118.75 
12 , 18 , 2023 , 121.54 , 118.91 , 119.57 , 119.36 
12 , 19 , 2023 , 121.05 , 119.26 , 119.77 , 120.81 
12 , 20 , 2023 , 120.13 , 117.00 , 119.83 , 117.01 
12 , 21 , 2023 , 118.43 , 116.81 , 117.49 , 118.31 
12 , 22 , 2023 , 117.98 , 114.02 , 115.00 , 115.33 
12 , 26 , 2023 , 117.84 , 115.59 , 115.59 , 117.57 
12 , 27 , 2023 , 117.76 , 116.88 , 117.28 , 117.42 
12 , 28 , 2023 , 118.78 , 116.95 , 118.71 , 117.11 
12 , 29 , 2023 , 117.27 , 115.93 , 116.73 , 116.89 
1 , 2 , 2024 , 117.23 , 114.97 , 116.40 , 115.25 
1 , 3 , 2024 , 117.17 , 115.50 , 115.50 , 115.85 
1 , 4 , 2024 , 117.11 , 115.00 , 116.21 , 115.36 
1 , 5 , 2024 , 117.66 , 115.11 , 115.11 , 116.24 
1 , 8 , 2024 , 117.16 , 115.03 , 116.19 , 117.03 
1 , 9 , 2024 , 116.93 , 115.17 , 116.44 , 116.49 
1 , 10 , 2024 , 116.43 , 114.97 , 116.02 , 115.85 
1 , 11 , 2024 , 115.29 , 111.48 , 115.00 , 112.91 
1 , 12 , 2024 , 114.42 , 112.74 , 113.94 , 112.91 
1 , 16 , 2024 , 112.84 , 111.30 , 112.37 , 111.81 
1 , 17 , 2024 , 112.00 , 109.44 , 111.23 , 111.92 
1 , 18 , 2024 , 111.90 , 110.25 , 111.37 , 111.41 
1 , 19 , 2024 , 114.61 , 111.45 , 111.45 , 114.45 
1 , 22 , 2024 , 117.38 , 114.33 , 114.46 , 117.21 
1 , 23 , 2024 , 120.56 , 117.16 , 117.73 , 118.69 
1 , 24 , 2024 , 119.52 , 115.34 , 119.14 , 115.67 
1 , 25 , 2024 , 120.59 , 117.04 , 117.90 , 120.55 
1 , 26 , 2024 , 122.41 , 120.07 , 120.07 , 121.27 
1 , 29 , 2024 , 121.74 , 120.01 , 121.09 , 121.01 
1 , 30 , 2024 , 122.31 , 120.70 , 121.33 , 121.88 
1 , 31 , 2024 , 124.18 , 121.37 , 122.78 , 122.00 
2 , 1 , 2024 , 127.70 , 122.00 , 122.00 , 127.63 
2 , 2 , 2024 , 133.07 , 126.43 , 127.01 , 129.71 
2 , 5 , 2024 , 128.42 , 125.85 , 127.90 , 127.03 
2 , 6 , 2024 , 131.50 , 127.19 , 127.76 , 131.01 
2 , 7 , 2024 , 133.80 , 130.81 , 131.96 , 132.50 
2 , 8 , 2024 , 133.97 , 130.17 , 132.55 , 130.72 
2 , 9 , 2024 , 132.51 , 130.00 , 130.02 , 132.17 
2 , 12 , 2024 , 132.19 , 127.96 , 131.82 , 128.51 
2 , 13 , 2024 , 128.81 , 126.73 , 127.91 , 127.91 
2 , 14 , 2024 , 129.44 , 127.69 , 128.30 , 128.67 
2 , 15 , 2024 , 131.62 , 128.83 , 129.92 , 131.50 
2 , 16 , 2024 , 132.66 , 130.49 , 131.26 , 131.16 
2 , 20 , 2024 , 132.06 , 129.39 , 130.66 , 131.80 
2 , 21 , 2024 , 132.58 , 130.14 , 132.29 , 131.40 
2 , 22 , 2024 , 134.06 , 131.65 , 132.40 , 133.39 
2 , 23 , 2024 , 134.15 , 131.35 , 133.49 , 133.99 
2 , 26 , 2024 , 135.20 , 132.93 , 134.68 , 133.22 
2 , 27 , 2024 , 156.67 , 135.00 , 135.00 , 155.76 
2 , 28 , 2024 , 170.98 , 156.50 , 158.48 , 170.83 
2 , 29 , 2024 , 171.31 , 163.37 , 171.18 , 168.45 
3 , 1 , 2024 , 170.31 , 165.05 , 167.04 , 169.99 
3 , 4 , 2024 , 177.04 , 169.62 , 172.96 , 175.99 
3 , 5 , 2024 , 185.58 , 175.42 , 177.39 , 176.77 
3 , 6 , 2024 , 180.81 , 175.01 , 176.77 , 179.98 
3 , 7 , 2024 , 182.05 , 176.21 , 181.75 , 179.58 
3 , 8 , 2024 , 179.83 , 168.46 , 179.58 , 170.57 
3 , 11 , 2024 , 170.96 , 166.40 , 170.31 , 167.91 
3 , 12 , 2024 , 169.06 , 164.20 , 166.57 , 168.37 
3 , 13 , 2024 , 171.31 , 166.44 , 171.24 , 167.86 
3 , 14 , 2024 , 168.39 , 163.27 , 167.85 , 164.64 
3 , 15 , 2024 , 168.39 , 162.67 , 164.35 , 165.52 
3 , 18 , 2024 , 171.08 , 166.19 , 167.69 , 168.84 
3 , 19 , 2024 , 174.01 , 168.26 , 169.00 , 172.41 
3 , 20 , 2024 , 176.77 , 172.65 , 172.92 , 175.71 
3 , 21 , 2024 , 177.81 , 172.37 , 177.46 , 174.13 
3 , 22 , 2024 , 178.37 , 174.22 , 175.00 , 178.24 
3 , 25 , 2024 , 189.05 , 179.54 , 180.00 , 187.26 
3 , 26 , 2024 , 198.83 , 184.48 , 189.90 , 185.41 
3 , 27 , 2024 , 190.12 , 182.34 , 188.08 , 184.89 
3 , 28 , 2024 , 186.83 , 183.34 , 185.03 , 184.85 
4 , 1 , 2024 , 188.81 , 183.40 , 186.03 , 185.98 
4 , 2 , 2024 , 188.37 , 184.12 , 184.69 , 188.13 
4 , 3 , 2024 , 193.21 , 186.87 , 188.48 , 190.26 
4 , 4 , 2024 , 195.50 , 182.96 , 193.44 , 183.11 
4 , 5 , 2024 , 194.85 , 181.42 , 182.32 , 193.08 
4 , 8 , 2024 , 197.64 , 188.11 , 194.87 , 191.98 
4 , 9 , 2024 , 194.84 , 185.05 , 192.60 , 188.10 
4 , 10 , 2024 , 193.83 , 182.50 , 183.50 , 191.08 
4 , 11 , 2024 , 194.28 , 190.00 , 191.57 , 192.88 
4 , 12 , 2024 , 193.25 , 190.35 , 191.96 , 191.67 
4 , 15 , 2024 , 196.00 , 184.78 , 194.09 , 185.40 
4 , 16 , 2024 , 188.28 , 183.11 , 185.03 , 186.65 
4 , 17 , 2024 , 189.04 , 182.63 , 187.92 , 185.40 
4 , 18 , 2024 , 188.27 , 183.09 , 186.13 , 183.86 
4 , 19 , 2024 , 185.96 , 177.65 , 183.30 , 180.90 
4 , 22 , 2024 , 183.85 , 178.21 , 181.60 , 183.22 
4 , 23 , 2024 , 189.75 , 183.97 , 183.97 , 188.25 
4 , 24 , 2024 , 194.37 , 183.65 , 186.73 , 186.16 
4 , 25 , 2024 , 190.53 , 185.41 , 185.60 , 188.01 
4 , 26 , 2024 , 189.38 , 185.63 , 187.31 , 188.37 
4 , 29 , 2024 , 190.42 , 186.14 , 188.43 , 188.61 
4 , 30 , 2024 , 189.40 , 185.71 , 188.61 , 185.94 
5 , 1 , 2024 , 188.21 , 183.92 , 186.25 , 184.56 
5 , 2 , 2024 , 187.18 , 183.60 , 184.74 , 186.18 
5 , 3 , 2024 , 197.27 , 188.00 , 189.33 , 194.86 
5 , 6 , 2024 , 198.91 , 194.12 , 197.75 , 197.70 
5 , 7 , 2024 , 205.08 , 197.35 , 198.70 , 200.56 
5 , 8 , 2024 , 208.27 , 198.11 , 198.54 , 208.00 
5 , 9 , 2024 , 215.95 , 203.00 , 205.43 , 215.91 
5 , 10 , 2024 , 220.52 , 211.86 , 220.52 , 214.93 
5 , 13 , 2024 , 218.68 , 212.59 , 217.06 , 213.59 
5 , 14 , 2024 , 217.91 , 210.77 , 214.60 , 217.74 
5 , 15 , 2024 , 224.72 , 219.76 , 220.14 , 223.31 
5 , 16 , 2024 , 224.80 , 216.24 , 223.73 , 216.34 
5 , 17 , 2024 , 217.71 , 209.91 , 216.36 , 213.11 
5 , 20 , 2024 , 215.24 , 211.15 , 213.95 , 215.07 
5 , 21 , 2024 , 222.67 , 215.50 , 215.93 , 222.59 
5 , 22 , 2024 , 224.41 , 217.86 , 222.10 , 220.11 
5 , 23 , 2024 , 228.05 , 220.74 , 223.78 , 221.16 
5 , 24 , 2024 , 236.30 , 221.64 , 223.31 , 230.63 
5 , 28 , 2024 , 234.78 , 221.82 , 232.74 , 231.27 
5 , 29 , 2024 , 228.88 , 218.89 , 226.78 , 220.74 
5 , 30 , 2024 , 225.29 , 220.00 , 222.33 , 224.96 
5 , 31 , 2024 , 224.48 , 208.00 , 224.06 , 217.25 
6 , 3 , 2024 , 217.20 , 204.05 , 215.50 , 208.26 
6 , 4 , 2024 , 208.50 , 196.84 , 206.99 , 203.14 
6 , 5 , 2024 , 212.85 , 204.45 , 204.49 , 209.33 
6 , 6 , 2024 , 209.81 , 196.21 , 209.50 , 202.60 
6 , 7 , 2024 , 204.00 , 197.52 , 202.08 , 198.00 
6 , 10 , 2024 , 214.77 , 198.13 , 199.53 , 214.63 
6 , 11 , 2024 , 219.56 , 210.45 , 211.16 , 218.31 
6 , 12 , 2024 , 221.77 , 212.15 , 221.27 , 218.13 
6 , 13 , 2024 , 220.36 , 214.12 , 220.31 , 219.93 
6 , 14 , 2024 , 218.87 , 210.96 , 218.80 , 214.90 
6 , 17 , 2024 , 214.72 , 208.71 , 213.87 , 212.02 
6 , 18 , 2024 , 221.20 , 209.12 , 212.79 , 220.41 
6 , 20 , 2024 , 227.77 , 219.29 , 223.82 , 222.31 
6 , 21 , 2024 , 224.58 , 215.74 , 223.00 , 218.13 
6 , 24 , 2024 , 220.85 , 215.35 , 218.00 , 216.10 
6 , 25 , 2024 , 222.46 , 214.18 , 216.50 , 222.37 
6 , 26 , 2024 , 222.20 , 207.45 , 220.57 , 210.31 
6 , 27 , 2024 , 207.92 , 201.26 , 207.59 , 204.78 
6 , 28 , 2024 , 207.30 , 199.44 , 205.25 , 200.27 
7 , 1 , 2024 , 213.59 , 203.14 , 208.19 , 205.05 
7 , 2 , 2024 , 211.80 , 203.10 , 203.46 , 206.15 
7 , 3 , 2024 , 212.43 , 202.01 , 205.31 , 210.07 
7 , 5 , 2024 , 212.76 , 208.07 , 210.00 , 211.29 
7 , 8 , 2024 , 216.43 , 211.25 , 211.83 , 215.73 
7 , 9 , 2024 , 222.37 , 215.06 , 217.04 , 215.96 
7 , 10 , 2024 , 219.96 , 213.74 , 218.18 , 219.55 
7 , 11 , 2024 , 220.54 , 215.19 , 219.56 , 216.84 
7 , 12 , 2024 , 221.14 , 212.31 , 216.26 , 217.14 
7 , 15 , 2024 , 219.65 , 211.64 , 217.00 , 212.88 
7 , 16 , 2024 , 215.01 , 204.06 , 214.14 , 204.88 
7 , 17 , 2024 , 203.06 , 185.77 , 202.13 , 186.67 
7 , 18 , 2024 , 192.84 , 178.07 , 190.37 , 187.28 
7 , 19 , 2024 , 189.94 , 186.40 , 188.02 , 189.30 
7 , 22 , 2024 , 196.82 , 188.61 , 192.24 , 190.42 
7 , 23 , 2024 , 192.16 , 188.30 , 189.67 , 189.87 
7 , 24 , 2024 , 188.29 , 174.70 , 188.29 , 175.08 
7 , 25 , 2024 , 176.84 , 165.87 , 176.55 , 170.43 
7 , 26 , 2024 , 177.07 , 171.44 , 176.54 , 175.04 
7 , 29 , 2024 , 177.15 , 171.13 , 176.05 , 172.68 
7 , 30 , 2024 , 175.03 , 165.75 , 173.47 , 168.69 
7 , 31 , 2024 , 196.50 , 183.00 , 193.28 , 189.80 
8 , 1 , 2024 , 194.27 , 176.62 , 188.29 , 177.57 
8 , 2 , 2024 , 175.33 , 161.44 , 174.47 , 167.08 
8 , 5 , 2024 , 172.76 , 155.60 , 156.24 , 169.97 
8 , 6 , 2024 , 183.83 , 168.39 , 173.64 , 181.04 
8 , 7 , 2024 , 190.09 , 176.90 , 190.09 , 179.66 
8 , 8 , 2024 , 187.63 , 176.42 , 183.25 , 187.03 
8 , 9 , 2024 , 190.10 , 183.07 , 187.08 , 189.87 
8 , 12 , 2024 , 190.83 , 183.70 , 190.74 , 187.33 
8 , 13 , 2024 , 190.85 , 187.07 , 189.34 , 189.41 
8 , 14 , 2024 , 189.89 , 182.21 , 188.96 , 186.15 
8 , 15 , 2024 , 192.58 , 185.49 , 187.02 , 190.39 
8 , 16 , 2024 , 191.36 , 185.83 , 191.22 , 189.98 
8 , 19 , 2024 , 192.88 , 185.56 , 189.70 , 192.78 
8 , 20 , 2024 , 193.50 , 189.64 , 193.30 , 190.72 
8 , 21 , 2024 , 197.33 , 190.98 , 191.48 , 196.74 
8 , 22 , 2024 , 198.81 , 194.71 , 195.57 , 194.95 
8 , 23 , 2024 , 197.33 , 192.52 , 195.97 , 194.99 
8 , 26 , 2024 , 197.99 , 193.08 , 195.50 , 194.89 
8 , 27 , 2024 , 198.30 , 193.57 , 194.89 , 196.14 
8 , 28 , 2024 , 197.45 , 192.41 , 197.19 , 193.77 
8 , 29 , 2024 , 199.11 , 192.31 , 195.91 , 194.44 
8 , 30 , 2024 , 197.81 , 195.15 , 195.26 , 196.70 
9 , 3 , 2024 , 195.80 , 177.18 , 195.50 , 177.78 
9 , 4 , 2024 , 182.75 , 176.00 , 177.68 , 177.52 
9 , 5 , 2024 , 179.75 , 175.11 , 177.97 , 176.07 
9 , 6 , 2024 , 176.64 , 171.94 , 175.81 , 173.11 
9 , 9 , 2024 , 176.35 , 171.04 , 176.35 , 174.92 
9 , 10 , 2024 , 181.21 , 173.86 , 176.85 , 180.25 
9 , 11 , 2024 , 188.15 , 179.15 , 181.53 , 187.25 
9 , 12 , 2024 , 191.68 , 184.19 , 187.00 , 189.93 
9 , 13 , 2024 , 197.81 , 189.18 , 191.45 , 195.98 
9 , 16 , 2024 , 199.53 , 192.69 , 195.00 , 199.25 
9 , 17 , 2024 , 204.70 , 198.25 , 200.00 , 201.23 
9 , 18 , 2024 , 204.95 , 198.42 , 201.96 , 200.33 
9 , 19 , 2024 , 208.64 , 202.47 , 205.11 , 208.50 
9 , 20 , 2024 , 255.24 , 233.00 , 235.16 , 254.98 
9 , 23 , 2024 , 271.85 , 252.11 , 259.56 , 257.12 
9 , 24 , 2024 , 259.44 , 251.09 , 254.08 , 253.49 
9 , 25 , 2024 , 267.09 , 253.24 , 254.44 , 262.86 
9 , 26 , 2024 , 270.12 , 254.50 , 263.83 , 256.77 
9 , 27 , 2024 , 262.40 , 255.34 , 257.18 , 257.00 
9 , 30 , 2024 , 261.12 , 251.28 , 257.75 , 260.02 
10 , 1 , 2024 , 266.00 , 253.96 , 259.10 , 265.61 
10 , 2 , 2024 , 269.72 , 261.65 , 264.91 , 265.38 
10 , 3 , 2024 , 279.51 , 268.00 , 272.15 , 277.37 
10 , 4 , 2024 , 286.00 , 275.60 , 277.91 , 285.52 
10 , 7 , 2024 , 288.75 , 274.00 , 285.00 , 278.56 
10 , 8 , 2024 , 281.40 , 273.10 , 278.89 , 279.39 
10 , 9 , 2024 , 276.05 , 257.50 , 276.05 , 262.28 
10 , 10 , 2024 , 267.76 , 259.03 , 261.06 , 262.31 
10 , 11 , 2024 , 266.90 , 249.05 , 256.39 , 266.22 
10 , 14 , 2024 , 272.82 , 265.21 , 267.57 , 271.74 
10 , 15 , 2024 , 269.80 , 262.34 , 269.80 , 266.15 
10 , 16 , 2024 , 280.24 , 264.12 , 268.22 , 279.80 
10 , 17 , 2024 , 285.00 , 270.54 , 285.00 , 271.20 
10 , 18 , 2024 , 272.58 , 265.00 , 267.78 , 270.16 
10 , 21 , 2024 , 274.12 , 268.01 , 273.08 , 273.72 
10 , 22 , 2024 , 271.43 , 265.85 , 270.37 , 266.00 
10 , 23 , 2024 , 267.93 , 262.61 , 265.00 , 266.05 
10 , 24 , 2024 , 267.80 , 262.57 , 267.79 , 264.50 
10 , 25 , 2024 , 269.74 , 263.09 , 269.00 , 264.41 
10 , 28 , 2024 , 271.19 , 265.01 , 266.89 , 266.98 
10 , 29 , 2024 , 267.23 , 261.70 , 266.28 , 265.00 
10 , 30 , 2024 , 268.00 , 261.43 , 266.88 , 261.78 
10 , 31 , 2024 , 264.19 , 259.35 , 261.74 , 262.96 
11 , 1 , 2024 , 264.77 , 256.82 , 262.73 , 258.10 
11 , 4 , 2024 , 235.50 , 224.68 , 232.50 , 225.95 
11 , 5 , 2024 , 236.86 , 227.00 , 230.35 , 233.75 
11 , 6 , 2024 , 242.00 , 233.76 , 238.82 , 234.99 
11 , 7 , 2024 , 248.35 , 238.40 , 242.52 , 241.59 
11 , 8 , 2024 , 248.00 , 236.83 , 243.25 , 239.37 
11 , 11 , 2024 , 243.91 , 234.29 , 241.99 , 237.27 
11 , 12 , 2024 , 235.98 , 225.69 , 235.44 , 228.70 
11 , 13 , 2024 , 232.77 , 225.61 , 231.00 , 225.96 
11 , 14 , 2024 , 231.54 , 225.12 , 228.20 , 225.38 
11 , 15 , 2024 , 227.75 , 221.66 , 224.85 , 224.28 
11 , 18 , 2024 , 232.04 , 221.18 , 225.99 , 230.28 
11 , 19 , 2024 , 234.89 , 226.10 , 226.31 , 234.58 
11 , 20 , 2024 , 241.48 , 232.14 , 238.14 , 235.42 
11 , 21 , 2024 , 252.19 , 234.11 , 237.31 , 251.84 
11 , 22 , 2024 , 253.23 , 245.03 , 251.21 , 249.89 
11 , 25 , 2024 , 255.61 , 243.00 , 253.50 , 248.93 
11 , 26 , 2024 , 267.13 , 249.20 , 249.55 , 266.73 
11 , 27 , 2024 , 266.00 , 250.85 , 265.00 , 253.39 
11 , 29 , 2024 , 260.79 , 255.20 , 257.98 , 256.56 
12 , 2 , 2024 , 258.44 , 249.51 , 257.00 , 249.58 
12 , 3 , 2024 , 254.18 , 246.58 , 251.47 , 247.51 
12 , 4 , 2024 , 257.66 , 251.00 , 252.68 , 254.20 
12 , 5 , 2024 , 259.76 , 253.10 , 253.72 , 256.09 
12 , 6 , 2024 , 258.57 , 250.42 , 256.45 , 253.63 
12 , 9 , 2024 , 254.00 , 236.33 , 253.79 , 239.85 
12 , 10 , 2024 , 239.50 , 230.71 , 237.88 , 232.34 
12 , 11 , 2024 , 239.45 , 232.12 , 234.77 , 236.60 
12 , 12 , 2024 , 248.13 , 238.92 , 242.96 , 239.02 
12 , 13 , 2024 , 243.42 , 236.50 , 241.99 , 239.07 
12 , 16 , 2024 , 243.70 , 237.25 , 240.05 , 239.30 
12 , 17 , 2024 , 238.08 , 228.86 , 237.66 , 234.24 
12 , 18 , 2024 , 236.99 , 224.77 , 234.32 , 225.76 
12 , 19 , 2024 , 233.79 , 224.98 , 228.86 , 225.17 
12 , 20 , 2024 , 231.70 , 219.64 , 221.82 , 227.02 
12 , 23 , 2024 , 229.36 , 221.70 , 227.00 , 228.28 
12 , 24 , 2024 , 230.11 , 227.16 , 229.25 , 229.79 
12 , 26 , 2024 , 230.23 , 227.32 , 228.57 , 228.64 
12 , 27 , 2024 , 228.18 , 222.74 , 228.18 , 226.54 
12 , 30 , 2024 , 229.00 , 222.25 , 223.52 , 226.32 
12 , 31 , 2024 , 227.03 , 222.88 , 226.35 , 223.71 
1 , 2 , 2025 , 243.72 , 225.14 , 226.38 , 242.60 
1 , 3 , 2025 , 254.18 , 244.35 , 250.50 , 252.40 
1 , 6 , 2025 , 267.82 , 251.51 , 257.88 , 264.28 
1 , 7 , 2025 , 265.48 , 249.56 , 263.50 , 255.63 
1 , 8 , 2025 , 255.99 , 228.05 , 255.51 , 243.84 
1 , 10 , 2025 , 310.00 , 280.13 , 282.49 , 305.19 
1 , 13 , 2025 , 300.46 , 278.86 , 297.50 , 279.24 
1 , 14 , 2025 , 294.40 , 281.40 , 283.90 , 288.87 
1 , 15 , 2025 , 305.11 , 293.02 , 297.09 , 300.77 
1 , 16 , 2025 , 320.51 , 302.47 , 302.47 , 315.24 
1 , 17 , 2025 , 320.16 , 311.04 , 320.16 , 316.36 
1 , 21 , 2025 , 330.34 , 318.33 , 326.00 , 323.64 
1 , 22 , 2025 , 336.45 , 319.00 , 329.00 , 332.47 
1 , 23 , 2025 , 352.00 , 333.00 , 333.13 , 346.22 
1 , 24 , 2025 , 350.00 , 341.95 , 347.75 , 347.44 
1 , 27 , 2025 , 302.67 , 270.44 , 292.46 , 275.00 
1 , 28 , 2025 , 284.37 , 259.09 , 281.55 , 278.80 
1 , 29 , 2025 , 294.19 , 276.06 , 279.03 , 291.89 
1 , 30 , 2025 , 310.69 , 298.79 , 301.00 , 308.55 
1 , 31 , 2025 , 312.00 , 297.95 , 312.00 , 299.98 
2 , 3 , 2025 , 308.65 , 284.02 , 285.40 , 306.31 
2 , 4 , 2025 , 307.09 , 293.50 , 298.23 , 306.33 
2 , 5 , 2025 , 318.37 , 302.85 , 310.53 , 313.83 
2 , 6 , 2025 , 316.58 , 305.87 , 315.33 , 311.80 
2 , 7 , 2025 , 319.61 , 309.31 , 313.86 , 309.79 
2 , 10 , 2025 , 322.00 , 312.58 , 312.63 , 321.83 
2 , 11 , 2025 , 319.16 , 309.44 , 317.31 , 313.58 
2 , 12 , 2025 , 317.43 , 303.79 , 305.43 , 313.80 
2 , 13 , 2025 , 317.74 , 305.09 , 316.36 , 311.49 
2 , 14 , 2025 , 318.19 , 306.22 , 311.19 , 317.30 
2 , 18 , 2025 , 329.57 , 315.82 , 323.84 , 325.60 
2 , 19 , 2025 , 329.89 , 318.13 , 323.81 , 321.67 
2 , 20 , 2025 , 322.00 , 304.18 , 317.49 , 309.42 
2 , 21 , 2025 , 310.46 , 277.77 , 310.00 , 284.44 
2 , 24 , 2025 , 290.01 , 262.65 , 290.01 , 267.72 
2 , 25 , 2025 , 268.05 , 248.56 , 264.78 , 264.31 
2 , 26 , 2025 , 279.95 , 268.05 , 272.75 , 270.14 
2 , 27 , 2025 , 280.60 , 248.79 , 276.39 , 249.74 
2 , 28 , 2025 , 251.54 , 241.61 , 246.42 , 250.55 
3 , 3 , 2025 , 249.72 , 229.24 , 249.38 , 232.29 
3 , 4 , 2025 , 239.63 , 221.25 , 227.50 , 231.65 
3 , 5 , 2025 , 233.54 , 223.42 , 230.65 , 229.32 
3 , 6 , 2025 , 222.78 , 204.71 , 220.19 , 207.69 
3 , 7 , 2025 , 216.14 , 203.10 , 208.10 , 212.54 
3 , 10 , 2025 , 208.24 , 195.56 , 203.61 , 202.21 
3 , 11 , 2025 , 211.64 , 199.93 , 203.99 , 208.58 
3 , 12 , 2025 , 224.33 , 210.00 , 219.42 , 215.35 
3 , 13 , 2025 , 216.77 , 203.72 , 216.77 , 209.87 
3 , 14 , 2025 , 217.50 , 209.03 , 213.83 , 216.46 
3 , 17 , 2025 , 222.07 , 214.36 , 216.91 , 218.54 
3 , 18 , 2025 , 218.14 , 209.25 , 217.92 , 210.85 
3 , 19 , 2025 , 220.37 , 211.12 , 211.12 , 218.05 
3 , 20 , 2025 , 222.43 , 214.00 , 217.06 , 219.44 
3 , 21 , 2025 , 222.82 , 212.55 , 215.78 , 222.48 
3 , 24 , 2025 , 231.15 , 226.60 , 228.24 , 228.62 
3 , 25 , 2025 , 230.87 , 222.00 , 229.31 , 226.87 
3 , 26 , 2025 , 226.10 , 214.00 , 224.00 , 216.97 
3 , 27 , 2025 , 217.55 , 207.52 , 211.96 , 209.20 
3 , 28 , 2025 , 215.42 , 203.89 , 209.90 , 205.39 
3 , 31 , 2025 , 203.56 , 195.55 , 198.98 , 201.63 
4 , 1 , 2025 , 207.76 , 198.09 , 200.95 , 206.94 
4 , 2 , 2025 , 215.34 , 202.27 , 202.83 , 214.46 
4 , 3 , 2025 , 204.05 , 189.78 , 200.47 , 190.24 
4 , 4 , 2025 , 182.99 , 165.08 , 180.07 , 170.96 
4 , 7 , 2025 , 189.79 , 161.35 , 161.53 , 179.79 
4 , 8 , 2025 , 193.30 , 181.99 , 188.94 , 184.94 
4 , 9 , 2025 , 217.90 , 182.61 , 186.13 , 215.45 
4 , 10 , 2025 , 211.48 , 199.55 , 209.00 , 204.49 
4 , 11 , 2025 , 208.53 , 198.00 , 204.49 , 208.25 
4 , 14 , 2025 , 217.21 , 203.87 , 214.97 , 206.70 
4 , 15 , 2025 , 212.00 , 206.35 , 206.60 , 208.42 
4 , 16 , 2025 , 207.40 , 201.44 , 205.05 , 204.19 
4 , 17 , 2025 , 208.82 , 203.60 , 208.35 , 206.68 
4 , 21 , 2025 , 204.87 , 188.01 , 203.49 , 192.61 
4 , 22 , 2025 , 202.42 , 195.85 , 197.55 , 200.88 
4 , 23 , 2025 , 217.34 , 208.27 , 212.95 , 209.80 
4 , 24 , 2025 , 220.19 , 209.57 , 209.57 , 218.07 
4 , 25 , 2025 , 223.95 , 216.50 , 218.11 , 222.99 
4 , 28 , 2025 , 225.49 , 219.69 , 222.34 , 224.82 
4 , 29 , 2025 , 227.36 , 220.50 , 224.31 , 226.45 
4 , 30 , 2025 , 223.88 , 216.75 , 219.55 , 223.44 
