Month , Day , Year , High , Low , Open , Close
12 , 10 , 2020 , 28.04 , 25.15 , 25.54 , 27.04 
12 , 11 , 2020 , 28.27 , 26.06 , 27.15 , 27.20 
12 , 14 , 2020 , 28.26 , 26.73 , 28.26 , 27.24 
12 , 15 , 2020 , 27.10 , 25.52 , 26.82 , 26.43 
12 , 16 , 2020 , 26.16 , 25.11 , 25.71 , 25.92 
12 , 17 , 2020 , 27.45 , 26.05 , 26.52 , 27.23 
12 , 18 , 2020 , 26.85 , 25.80 , 26.27 , 25.97 
12 , 21 , 2020 , 28.70 , 25.40 , 26.19 , 28.51 
12 , 22 , 2020 , 29.42 , 26.82 , 29.03 , 28.04 
12 , 23 , 2020 , 29.39 , 28.05 , 28.95 , 28.69 
12 , 24 , 2020 , 29.16 , 27.52 , 28.80 , 27.75 
12 , 28 , 2020 , 28.59 , 25.40 , 28.39 , 25.63 
12 , 29 , 2020 , 26.18 , 24.34 , 25.75 , 24.66 
12 , 30 , 2020 , 25.91 , 24.63 , 24.97 , 25.10 
12 , 31 , 2020 , 24.72 , 23.52 , 24.63 , 23.55 
1 , 4 , 2021 , 24.50 , 22.50 , 23.91 , 23.37 
1 , 5 , 2021 , 24.67 , 22.89 , 23.18 , 24.60 
1 , 6 , 2021 , 24.46 , 23.25 , 24.12 , 23.54 
1 , 7 , 2021 , 25.19 , 23.67 , 24.02 , 25.00 
1 , 8 , 2021 , 26.44 , 24.70 , 25.70 , 25.20 
1 , 11 , 2021 , 26.60 , 24.31 , 24.61 , 25.93 
1 , 12 , 2021 , 26.42 , 25.51 , 26.34 , 26.18 
1 , 13 , 2021 , 27.43 , 25.13 , 25.71 , 25.50 
1 , 14 , 2021 , 25.62 , 24.37 , 25.45 , 24.92 
1 , 15 , 2021 , 28.00 , 25.46 , 26.26 , 25.64 
1 , 19 , 2021 , 27.54 , 26.00 , 26.81 , 26.62 
1 , 20 , 2021 , 27.30 , 25.70 , 27.29 , 26.34 
1 , 21 , 2021 , 26.68 , 25.30 , 26.42 , 25.98 
1 , 22 , 2021 , 32.65 , 25.82 , 25.85 , 32.58 
1 , 25 , 2021 , 39.58 , 29.56 , 34.46 , 36.23 
1 , 26 , 2021 , 36.87 , 34.32 , 35.14 , 35.37 
1 , 27 , 2021 , 45.00 , 32.25 , 32.97 , 39.00 
1 , 28 , 2021 , 42.00 , 33.10 , 39.54 , 35.66 
1 , 29 , 2021 , 38.01 , 34.66 , 36.61 , 35.18 
2 , 1 , 2021 , 35.62 , 32.58 , 35.33 , 33.96 
2 , 2 , 2021 , 34.20 , 30.50 , 34.10 , 31.02 
2 , 3 , 2021 , 32.95 , 31.38 , 32.39 , 31.76 
2 , 4 , 2021 , 33.18 , 31.05 , 32.58 , 32.05 
2 , 5 , 2021 , 35.20 , 31.75 , 32.61 , 34.05 
2 , 8 , 2021 , 39.22 , 35.89 , 37.22 , 36.05 
2 , 9 , 2021 , 38.26 , 36.13 , 36.90 , 38.17 
2 , 10 , 2021 , 38.24 , 35.00 , 38.15 , 35.70 
2 , 11 , 2021 , 35.98 , 32.61 , 35.79 , 33.11 
2 , 12 , 2021 , 33.65 , 31.34 , 33.36 , 31.91 
2 , 16 , 2021 , 30.44 , 27.30 , 30.02 , 27.84 
2 , 17 , 2021 , 29.73 , 27.00 , 27.99 , 27.08 
2 , 18 , 2021 , 26.31 , 24.50 , 24.99 , 25.17 
2 , 19 , 2021 , 29.96 , 26.90 , 27.02 , 29.00 
2 , 22 , 2021 , 30.19 , 27.54 , 29.96 , 28.00 
2 , 23 , 2021 , 27.46 , 23.90 , 25.96 , 26.75 
2 , 24 , 2021 , 27.23 , 25.75 , 26.71 , 26.39 
2 , 25 , 2021 , 26.44 , 23.15 , 25.82 , 23.96 
2 , 26 , 2021 , 24.50 , 22.70 , 24.20 , 23.90 
3 , 1 , 2021 , 25.90 , 24.62 , 25.19 , 24.81 
3 , 2 , 2021 , 25.59 , 24.26 , 25.00 , 24.48 
3 , 3 , 2021 , 25.17 , 23.43 , 24.99 , 23.59 
3 , 4 , 2021 , 25.56 , 23.05 , 24.85 , 24.73 
3 , 5 , 2021 , 24.68 , 20.18 , 24.36 , 23.95 
3 , 8 , 2021 , 24.58 , 22.40 , 23.77 , 22.52 
3 , 9 , 2021 , 24.74 , 23.10 , 23.38 , 24.26 
3 , 10 , 2021 , 26.24 , 24.27 , 25.03 , 24.75 
3 , 11 , 2021 , 26.84 , 25.58 , 25.95 , 26.73 
3 , 12 , 2021 , 26.92 , 25.18 , 25.74 , 26.92 
3 , 15 , 2021 , 27.47 , 26.31 , 27.35 , 26.79 
3 , 16 , 2021 , 27.10 , 25.23 , 26.75 , 25.61 
3 , 17 , 2021 , 25.73 , 24.30 , 24.52 , 25.21 
3 , 18 , 2021 , 25.18 , 23.78 , 24.73 , 23.98 
3 , 19 , 2021 , 24.57 , 23.39 , 24.01 , 24.32 
3 , 22 , 2021 , 24.92 , 23.86 , 24.89 , 24.22 
3 , 23 , 2021 , 24.11 , 23.10 , 24.05 , 23.26 
3 , 24 , 2021 , 23.49 , 21.75 , 23.30 , 21.88 
3 , 25 , 2021 , 22.80 , 21.05 , 21.20 , 22.58 
3 , 26 , 2021 , 23.05 , 21.76 , 22.63 , 22.58 
3 , 29 , 2021 , 22.50 , 21.39 , 22.48 , 21.73 
3 , 30 , 2021 , 22.09 , 20.86 , 21.36 , 22.04 
3 , 31 , 2021 , 23.85 , 22.38 , 22.50 , 23.29 
4 , 1 , 2021 , 23.95 , 22.73 , 23.95 , 23.07 
4 , 5 , 2021 , 24.45 , 23.34 , 23.78 , 23.44 
4 , 6 , 2021 , 23.61 , 22.83 , 23.50 , 23.27 
4 , 7 , 2021 , 23.55 , 22.81 , 23.00 , 22.90 
4 , 8 , 2021 , 23.60 , 22.74 , 23.20 , 23.41 
4 , 9 , 2021 , 24.35 , 23.37 , 23.46 , 24.04 
4 , 12 , 2021 , 24.55 , 22.73 , 24.52 , 23.34 
4 , 13 , 2021 , 25.66 , 23.12 , 23.19 , 25.42 
4 , 14 , 2021 , 26.20 , 23.65 , 25.35 , 23.70 
4 , 15 , 2021 , 24.06 , 22.69 , 24.01 , 23.15 
4 , 16 , 2021 , 23.26 , 22.30 , 22.86 , 22.47 
4 , 19 , 2021 , 22.33 , 21.53 , 22.15 , 21.94 
4 , 20 , 2021 , 22.55 , 21.24 , 21.96 , 21.78 
4 , 21 , 2021 , 22.64 , 21.43 , 21.65 , 22.63 
4 , 22 , 2021 , 23.51 , 22.51 , 22.94 , 22.86 
4 , 23 , 2021 , 23.55 , 22.74 , 22.89 , 23.41 
4 , 26 , 2021 , 24.26 , 23.46 , 23.69 , 24.11 
4 , 27 , 2021 , 24.26 , 23.57 , 24.17 , 23.88 
4 , 28 , 2021 , 24.17 , 23.42 , 23.67 , 23.85 
4 , 29 , 2021 , 24.14 , 22.81 , 23.87 , 23.37 
4 , 30 , 2021 , 23.55 , 22.84 , 23.18 , 23.04 
5 , 3 , 2021 , 23.08 , 22.21 , 23.01 , 22.30 
5 , 4 , 2021 , 22.20 , 20.87 , 21.94 , 21.64 
5 , 5 , 2021 , 21.81 , 20.97 , 21.81 , 21.15 
5 , 6 , 2021 , 21.02 , 19.41 , 21.02 , 20.09 
5 , 7 , 2021 , 20.75 , 19.58 , 20.30 , 19.75 
5 , 10 , 2021 , 19.30 , 18.18 , 19.28 , 18.47 
5 , 11 , 2021 , 20.30 , 17.06 , 17.20 , 20.21 
5 , 12 , 2021 , 20.00 , 18.51 , 20.00 , 18.89 
5 , 13 , 2021 , 19.47 , 17.82 , 19.14 , 18.37 
5 , 14 , 2021 , 20.20 , 18.53 , 18.82 , 20.08 
5 , 17 , 2021 , 20.49 , 19.63 , 19.73 , 20.46 
5 , 18 , 2021 , 21.62 , 20.26 , 20.52 , 21.24 
5 , 19 , 2021 , 21.04 , 19.94 , 20.10 , 20.67 
5 , 20 , 2021 , 20.81 , 20.28 , 20.75 , 20.61 
5 , 21 , 2021 , 21.16 , 20.47 , 20.84 , 20.75 
5 , 24 , 2021 , 21.52 , 20.68 , 21.06 , 21.22 
5 , 25 , 2021 , 22.11 , 21.28 , 21.42 , 21.48 
5 , 26 , 2021 , 22.24 , 21.49 , 21.58 , 22.12 
5 , 27 , 2021 , 22.70 , 21.65 , 22.01 , 22.70 
5 , 28 , 2021 , 24.75 , 22.76 , 23.00 , 22.95 
6 , 1 , 2021 , 23.35 , 22.36 , 23.19 , 23.06 
6 , 2 , 2021 , 24.84 , 22.82 , 23.02 , 24.45 
6 , 3 , 2021 , 24.26 , 23.34 , 24.14 , 23.63 
6 , 4 , 2021 , 24.49 , 23.50 , 23.71 , 24.03 
6 , 7 , 2021 , 24.76 , 23.79 , 24.00 , 24.46 
6 , 8 , 2021 , 25.23 , 23.93 , 24.85 , 24.38 
6 , 9 , 2021 , 24.74 , 24.17 , 24.45 , 24.17 
6 , 10 , 2021 , 24.39 , 23.44 , 24.00 , 24.14 
6 , 11 , 2021 , 24.71 , 24.03 , 24.12 , 24.67 
6 , 14 , 2021 , 25.15 , 24.47 , 24.73 , 25.00 
6 , 15 , 2021 , 25.55 , 24.39 , 25.03 , 24.41 
6 , 16 , 2021 , 24.94 , 23.86 , 24.09 , 24.80 
6 , 17 , 2021 , 25.46 , 24.55 , 24.68 , 25.45 
6 , 18 , 2021 , 25.94 , 25.02 , 25.59 , 25.37 
6 , 21 , 2021 , 25.55 , 24.51 , 25.10 , 25.42 
6 , 22 , 2021 , 25.52 , 24.96 , 25.39 , 25.40 
6 , 23 , 2021 , 26.35 , 25.34 , 25.46 , 26.27 
6 , 24 , 2021 , 26.71 , 26.17 , 26.49 , 26.53 
6 , 25 , 2021 , 27.01 , 26.25 , 26.58 , 26.78 
6 , 28 , 2021 , 27.50 , 26.86 , 26.98 , 27.38 
6 , 29 , 2021 , 27.44 , 26.44 , 27.38 , 26.63 
6 , 30 , 2021 , 26.92 , 26.21 , 26.48 , 26.36 
7 , 1 , 2021 , 26.13 , 24.59 , 26.10 , 24.72 
7 , 2 , 2021 , 25.34 , 24.33 , 25.00 , 24.44 
7 , 6 , 2021 , 25.20 , 24.47 , 24.60 , 24.68 
7 , 7 , 2021 , 24.26 , 22.72 , 24.23 , 22.89 
7 , 8 , 2021 , 23.21 , 22.25 , 22.43 , 23.08 
7 , 9 , 2021 , 23.39 , 22.76 , 22.96 , 23.29 
7 , 12 , 2021 , 23.50 , 22.88 , 23.26 , 22.95 
7 , 13 , 2021 , 22.99 , 22.42 , 22.98 , 22.45 
7 , 14 , 2021 , 22.62 , 21.51 , 22.49 , 21.56 
7 , 15 , 2021 , 22.06 , 21.01 , 21.72 , 21.47 
7 , 16 , 2021 , 21.71 , 21.24 , 21.60 , 21.37 
7 , 19 , 2021 , 21.69 , 20.55 , 20.97 , 21.54 
7 , 20 , 2021 , 22.35 , 21.22 , 21.63 , 22.18 
7 , 21 , 2021 , 22.68 , 22.12 , 22.27 , 22.52 
7 , 22 , 2021 , 22.67 , 21.88 , 22.55 , 22.07 
7 , 23 , 2021 , 22.08 , 21.51 , 22.01 , 21.81 
7 , 26 , 2021 , 22.30 , 21.48 , 21.80 , 22.13 
7 , 27 , 2021 , 22.11 , 21.09 , 21.96 , 21.68 
7 , 28 , 2021 , 22.62 , 21.69 , 21.75 , 22.56 
7 , 29 , 2021 , 22.85 , 22.14 , 22.78 , 22.18 
7 , 30 , 2021 , 22.41 , 21.71 , 21.85 , 21.71 
8 , 2 , 2021 , 22.37 , 21.48 , 21.91 , 22.10 
8 , 3 , 2021 , 22.27 , 21.71 , 22.03 , 22.24 
8 , 4 , 2021 , 22.54 , 22.07 , 22.20 , 22.30 
8 , 5 , 2021 , 22.77 , 22.02 , 22.22 , 22.52 
8 , 6 , 2021 , 22.69 , 21.79 , 22.64 , 21.82 
8 , 9 , 2021 , 23.28 , 21.80 , 21.85 , 22.93 
8 , 10 , 2021 , 23.52 , 22.78 , 23.01 , 22.92 
8 , 11 , 2021 , 23.19 , 22.09 , 23.07 , 22.35 
8 , 12 , 2021 , 25.76 , 23.59 , 24.45 , 24.89 
8 , 13 , 2021 , 25.10 , 24.31 , 25.00 , 24.90 
8 , 16 , 2021 , 24.90 , 23.77 , 24.90 , 24.50 
8 , 17 , 2021 , 24.59 , 23.74 , 23.90 , 23.97 
8 , 18 , 2021 , 25.94 , 23.68 , 24.07 , 25.28 
8 , 19 , 2021 , 25.64 , 24.14 , 25.01 , 24.16 
8 , 20 , 2021 , 24.48 , 23.66 , 24.22 , 24.01 
8 , 23 , 2021 , 24.93 , 23.90 , 24.02 , 24.82 
8 , 24 , 2021 , 25.35 , 24.76 , 25.00 , 25.10 
8 , 25 , 2021 , 25.19 , 24.07 , 25.12 , 24.35 
8 , 26 , 2021 , 25.41 , 24.36 , 24.40 , 24.87 
8 , 27 , 2021 , 26.09 , 24.91 , 25.05 , 25.71 
8 , 30 , 2021 , 26.60 , 25.62 , 25.74 , 25.76 
8 , 31 , 2021 , 26.36 , 25.66 , 25.79 , 26.34 
9 , 1 , 2021 , 26.51 , 26.03 , 26.46 , 26.20 
9 , 2 , 2021 , 26.87 , 26.09 , 26.21 , 26.51 
9 , 3 , 2021 , 26.75 , 26.22 , 26.49 , 26.64 
9 , 7 , 2021 , 26.88 , 26.27 , 26.79 , 26.70 
9 , 8 , 2021 , 26.61 , 24.96 , 26.60 , 25.58 
9 , 9 , 2021 , 26.24 , 25.29 , 25.39 , 26.13 
9 , 10 , 2021 , 26.73 , 26.17 , 26.18 , 26.28 
9 , 13 , 2021 , 26.24 , 25.03 , 26.15 , 25.83 
9 , 14 , 2021 , 26.70 , 25.90 , 25.97 , 26.26 
9 , 15 , 2021 , 27.15 , 26.03 , 26.30 , 27.08 
9 , 16 , 2021 , 28.79 , 27.02 , 27.20 , 28.63 
9 , 17 , 2021 , 29.29 , 28.07 , 28.66 , 28.71 
9 , 20 , 2021 , 28.10 , 26.06 , 27.57 , 26.55 
9 , 21 , 2021 , 27.15 , 26.08 , 26.89 , 26.62 
9 , 22 , 2021 , 27.77 , 26.58 , 26.61 , 27.43 
9 , 23 , 2021 , 29.19 , 27.67 , 27.71 , 28.77 
9 , 24 , 2021 , 28.76 , 27.90 , 28.27 , 28.56 
9 , 27 , 2021 , 28.38 , 27.23 , 28.23 , 27.47 
9 , 28 , 2021 , 27.13 , 25.21 , 27.02 , 25.34 
9 , 29 , 2021 , 25.70 , 24.42 , 25.61 , 24.52 
9 , 30 , 2021 , 25.05 , 23.88 , 24.69 , 24.04 
10 , 1 , 2021 , 24.36 , 23.72 , 24.21 , 24.33 
10 , 4 , 2021 , 24.05 , 23.02 , 24.01 , 23.17 
10 , 5 , 2021 , 23.88 , 23.07 , 23.21 , 23.21 
10 , 6 , 2021 , 25.01 , 23.35 , 24.91 , 23.58 
10 , 7 , 2021 , 24.13 , 23.54 , 23.71 , 23.73 
10 , 8 , 2021 , 24.10 , 23.11 , 23.86 , 23.50 
10 , 11 , 2021 , 23.98 , 23.26 , 23.26 , 23.53 
10 , 12 , 2021 , 23.81 , 23.29 , 23.55 , 23.69 
10 , 13 , 2021 , 24.31 , 23.79 , 23.83 , 24.13 
10 , 14 , 2021 , 24.71 , 24.21 , 24.43 , 24.35 
10 , 15 , 2021 , 24.52 , 23.83 , 24.50 , 24.00 
10 , 18 , 2021 , 24.39 , 23.92 , 24.00 , 24.26 
10 , 19 , 2021 , 25.20 , 24.36 , 24.50 , 24.69 
10 , 20 , 2021 , 24.96 , 24.17 , 24.79 , 24.22 
10 , 21 , 2021 , 24.93 , 24.08 , 24.13 , 24.78 
10 , 22 , 2021 , 24.85 , 24.25 , 24.49 , 24.43 
10 , 25 , 2021 , 25.54 , 24.48 , 24.50 , 25.41 
10 , 26 , 2021 , 26.75 , 25.25 , 25.99 , 25.52 
10 , 27 , 2021 , 25.90 , 25.02 , 25.64 , 25.06 
10 , 28 , 2021 , 25.80 , 25.12 , 25.30 , 25.64 
10 , 29 , 2021 , 26.12 , 25.45 , 25.50 , 25.88 
11 , 1 , 2021 , 26.65 , 25.88 , 26.11 , 26.56 
11 , 2 , 2021 , 26.72 , 25.56 , 26.56 , 25.92 
11 , 3 , 2021 , 26.24 , 25.17 , 25.89 , 26.12 
11 , 4 , 2021 , 26.57 , 25.87 , 26.26 , 26.47 
11 , 5 , 2021 , 26.63 , 25.72 , 26.45 , 26.00 
11 , 8 , 2021 , 27.11 , 26.12 , 26.25 , 26.75 
11 , 9 , 2021 , 25.98 , 23.95 , 25.90 , 24.25 
11 , 10 , 2021 , 23.64 , 22.12 , 23.60 , 22.52 
11 , 11 , 2021 , 23.13 , 22.67 , 23.04 , 22.99 
11 , 12 , 2021 , 23.23 , 22.38 , 23.02 , 22.83 
11 , 15 , 2021 , 23.52 , 22.95 , 23.00 , 23.41 
11 , 16 , 2021 , 23.29 , 22.61 , 23.29 , 23.13 
11 , 17 , 2021 , 23.22 , 22.40 , 23.05 , 22.49 
11 , 18 , 2021 , 22.55 , 21.34 , 22.50 , 21.50 
11 , 19 , 2021 , 21.96 , 21.30 , 21.60 , 21.41 
11 , 22 , 2021 , 21.57 , 20.18 , 21.53 , 20.65 
11 , 23 , 2021 , 21.05 , 20.05 , 20.59 , 20.59 
11 , 24 , 2021 , 21.20 , 20.06 , 20.35 , 21.11 
11 , 26 , 2021 , 21.09 , 20.35 , 20.41 , 21.03 
11 , 29 , 2021 , 21.40 , 20.56 , 21.19 , 21.07 
11 , 30 , 2021 , 21.25 , 20.11 , 20.95 , 20.65 
12 , 1 , 2021 , 20.89 , 19.29 , 20.53 , 19.38 
12 , 2 , 2021 , 19.91 , 19.06 , 19.30 , 19.69 
12 , 3 , 2021 , 19.53 , 18.40 , 19.50 , 18.98 
12 , 6 , 2021 , 18.97 , 18.08 , 18.54 , 18.80 
12 , 7 , 2021 , 19.86 , 19.07 , 19.26 , 19.46 
12 , 8 , 2021 , 19.83 , 19.03 , 19.51 , 19.82 
12 , 9 , 2021 , 20.15 , 19.04 , 19.95 , 19.21 
12 , 10 , 2021 , 19.58 , 18.70 , 19.28 , 18.94 
12 , 13 , 2021 , 19.08 , 18.17 , 18.80 , 18.40 
12 , 14 , 2021 , 18.86 , 17.91 , 18.00 , 18.64 
12 , 15 , 2021 , 18.94 , 18.00 , 18.37 , 18.86 
12 , 16 , 2021 , 19.12 , 18.15 , 18.96 , 18.34 
12 , 17 , 2021 , 19.10 , 17.81 , 18.03 , 19.06 
12 , 20 , 2021 , 18.67 , 17.84 , 18.59 , 17.96 
12 , 21 , 2021 , 18.98 , 18.10 , 18.16 , 18.90 
12 , 22 , 2021 , 19.45 , 18.65 , 18.65 , 18.88 
12 , 23 , 2021 , 19.14 , 18.72 , 18.85 , 18.93 
12 , 27 , 2021 , 19.25 , 18.78 , 18.78 , 18.94 
12 , 28 , 2021 , 19.07 , 18.44 , 18.89 , 18.57 
12 , 29 , 2021 , 18.60 , 17.91 , 18.53 , 18.17 
12 , 30 , 2021 , 19.00 , 18.07 , 18.10 , 18.69 
12 , 31 , 2021 , 18.92 , 18.21 , 18.75 , 18.21 
1 , 3 , 2022 , 18.57 , 17.86 , 18.36 , 18.53 
1 , 4 , 2022 , 18.84 , 17.79 , 18.61 , 18.17 
1 , 5 , 2022 , 18.57 , 16.87 , 18.03 , 16.96 
1 , 6 , 2022 , 17.18 , 16.06 , 16.87 , 16.74 
1 , 7 , 2022 , 17.33 , 16.48 , 16.70 , 16.56 
1 , 10 , 2022 , 16.57 , 15.35 , 16.19 , 16.50 
1 , 11 , 2022 , 17.25 , 16.32 , 16.40 , 16.89 
1 , 12 , 2022 , 17.46 , 16.40 , 17.16 , 16.72 
1 , 13 , 2022 , 16.82 , 15.94 , 16.80 , 16.01 
1 , 14 , 2022 , 16.25 , 15.62 , 15.94 , 16.01 
1 , 18 , 2022 , 15.75 , 14.92 , 15.45 , 14.97 
1 , 19 , 2022 , 15.25 , 14.54 , 14.90 , 14.56 
1 , 20 , 2022 , 15.55 , 14.57 , 14.87 , 14.62 
1 , 21 , 2022 , 14.48 , 13.50 , 14.25 , 13.53 
1 , 24 , 2022 , 13.41 , 11.75 , 12.79 , 13.40 
1 , 25 , 2022 , 13.60 , 12.83 , 13.12 , 13.06 
1 , 26 , 2022 , 13.82 , 12.68 , 13.60 , 12.75 
1 , 27 , 2022 , 13.06 , 12.20 , 13.01 , 12.28 
1 , 28 , 2022 , 12.88 , 11.89 , 12.30 , 12.71 
1 , 31 , 2022 , 13.74 , 12.76 , 12.77 , 13.71 
2 , 1 , 2022 , 14.37 , 13.56 , 14.23 , 14.20 
2 , 2 , 2022 , 14.20 , 13.19 , 14.09 , 13.32 
2 , 3 , 2022 , 13.32 , 12.42 , 12.95 , 12.45 
2 , 4 , 2022 , 13.09 , 12.27 , 12.47 , 12.94 
2 , 7 , 2022 , 13.60 , 12.94 , 13.03 , 12.98 
2 , 8 , 2022 , 13.19 , 12.62 , 12.75 , 13.15 
2 , 9 , 2022 , 13.89 , 13.26 , 13.29 , 13.87 
2 , 10 , 2022 , 14.17 , 13.37 , 13.50 , 13.56 
2 , 11 , 2022 , 13.92 , 12.97 , 13.45 , 13.13 
2 , 14 , 2022 , 13.80 , 12.98 , 13.10 , 13.26 
2 , 15 , 2022 , 14.19 , 13.41 , 13.52 , 14.17 
2 , 16 , 2022 , 14.26 , 13.66 , 13.91 , 13.97 
2 , 17 , 2022 , 12.70 , 11.70 , 12.39 , 11.77 
2 , 18 , 2022 , 12.01 , 10.57 , 11.92 , 11.02 
2 , 22 , 2022 , 11.19 , 10.30 , 10.70 , 10.48 
2 , 23 , 2022 , 11.26 , 10.40 , 10.83 , 10.43 
2 , 24 , 2022 , 11.87 , 9.74 , 9.75 , 11.83 
2 , 25 , 2022 , 11.89 , 11.00 , 11.59 , 11.47 
2 , 28 , 2022 , 12.18 , 11.39 , 11.96 , 11.85 
3 , 1 , 2022 , 12.52 , 11.71 , 11.99 , 12.18 
3 , 2 , 2022 , 12.21 , 11.42 , 12.21 , 12.06 
3 , 3 , 2022 , 12.06 , 11.24 , 12.01 , 11.34 
3 , 4 , 2022 , 11.77 , 10.74 , 11.70 , 10.96 
3 , 7 , 2022 , 11.75 , 11.10 , 11.43 , 11.11 
3 , 8 , 2022 , 11.39 , 10.72 , 10.93 , 11.04 
3 , 9 , 2022 , 12.02 , 11.27 , 11.41 , 11.65 
3 , 10 , 2022 , 11.97 , 11.32 , 11.38 , 11.87 
3 , 11 , 2022 , 12.01 , 11.37 , 11.86 , 11.39 
3 , 14 , 2022 , 11.41 , 10.41 , 11.17 , 10.50 
3 , 15 , 2022 , 10.85 , 10.27 , 10.47 , 10.77 
3 , 16 , 2022 , 11.82 , 10.94 , 10.95 , 11.79 
3 , 17 , 2022 , 12.37 , 11.66 , 11.72 , 12.32 
3 , 18 , 2022 , 13.02 , 12.22 , 12.28 , 12.82 
3 , 21 , 2022 , 13.05 , 12.42 , 12.72 , 12.59 
3 , 22 , 2022 , 13.48 , 12.52 , 12.52 , 13.27 
3 , 23 , 2022 , 13.55 , 13.02 , 13.14 , 13.18 
3 , 24 , 2022 , 13.42 , 12.83 , 13.25 , 13.39 
3 , 25 , 2022 , 13.40 , 12.71 , 13.36 , 12.97 
3 , 28 , 2022 , 13.44 , 12.86 , 13.01 , 13.42 
3 , 29 , 2022 , 14.28 , 13.35 , 13.65 , 14.20 
3 , 30 , 2022 , 14.36 , 13.74 , 14.04 , 13.88 
3 , 31 , 2022 , 14.06 , 13.63 , 13.90 , 13.73 
4 , 1 , 2022 , 14.07 , 13.50 , 13.77 , 13.83 
4 , 4 , 2022 , 14.66 , 14.02 , 14.03 , 14.63 
4 , 5 , 2022 , 14.86 , 13.80 , 14.61 , 13.89 
4 , 6 , 2022 , 13.54 , 12.85 , 13.52 , 13.00 
4 , 7 , 2022 , 13.34 , 12.48 , 12.95 , 12.84 
4 , 8 , 2022 , 13.05 , 12.57 , 12.70 , 12.70 
4 , 11 , 2022 , 12.82 , 12.13 , 12.45 , 12.66 
4 , 12 , 2022 , 13.20 , 12.43 , 12.88 , 12.46 
4 , 13 , 2022 , 12.94 , 12.23 , 12.35 , 12.90 
4 , 14 , 2022 , 12.92 , 12.41 , 12.92 , 12.42 
4 , 18 , 2022 , 12.42 , 11.88 , 12.35 , 12.15 
4 , 19 , 2022 , 13.02 , 12.07 , 12.08 , 12.91 
4 , 20 , 2022 , 13.17 , 12.74 , 13.08 , 12.79 
4 , 21 , 2022 , 13.33 , 12.23 , 13.02 , 12.33 
4 , 22 , 2022 , 12.73 , 11.86 , 12.33 , 11.96 
4 , 25 , 2022 , 12.16 , 11.68 , 11.83 , 12.11 
4 , 26 , 2022 , 12.05 , 11.10 , 11.94 , 11.12 
4 , 27 , 2022 , 11.20 , 10.53 , 11.01 , 10.56 
4 , 28 , 2022 , 11.05 , 10.37 , 10.69 , 10.95 
4 , 29 , 2022 , 11.23 , 10.36 , 10.90 , 10.40 
5 , 2 , 2022 , 10.76 , 10.18 , 10.38 , 10.74 
5 , 3 , 2022 , 10.98 , 10.44 , 10.69 , 10.55 
5 , 4 , 2022 , 11.01 , 10.08 , 10.53 , 10.98 
5 , 5 , 2022 , 10.80 , 9.98 , 10.80 , 10.12 
5 , 6 , 2022 , 10.05 , 9.42 , 10.00 , 9.48 
5 , 9 , 2022 , 7.85 , 7.32 , 7.78 , 7.46 
5 , 10 , 2022 , 7.70 , 6.93 , 7.56 , 7.29 
5 , 11 , 2022 , 7.54 , 6.66 , 7.28 , 6.71 
5 , 12 , 2022 , 7.38 , 6.44 , 6.55 , 7.34 
5 , 13 , 2022 , 8.35 , 7.52 , 7.52 , 8.34 
5 , 16 , 2022 , 8.43 , 8.01 , 8.17 , 8.04 
5 , 17 , 2022 , 8.46 , 8.01 , 8.10 , 8.36 
5 , 18 , 2022 , 8.43 , 7.92 , 8.21 , 8.01 
5 , 19 , 2022 , 8.58 , 7.95 , 7.97 , 8.31 
5 , 20 , 2022 , 8.40 , 7.71 , 8.26 , 8.08 
5 , 23 , 2022 , 8.17 , 7.80 , 8.01 , 8.01 
5 , 24 , 2022 , 7.99 , 7.37 , 7.98 , 7.55 
5 , 25 , 2022 , 8.02 , 7.51 , 7.52 , 7.96 
5 , 26 , 2022 , 8.40 , 7.77 , 7.84 , 8.36 
5 , 27 , 2022 , 8.85 , 8.43 , 8.50 , 8.85 
5 , 31 , 2022 , 9.10 , 8.56 , 8.97 , 8.68 
6 , 1 , 2022 , 8.98 , 8.38 , 8.72 , 8.46 
6 , 2 , 2022 , 9.39 , 8.46 , 8.54 , 9.30 
6 , 3 , 2022 , 9.25 , 8.86 , 9.04 , 8.94 
6 , 6 , 2022 , 9.21 , 8.78 , 9.11 , 8.98 
6 , 7 , 2022 , 9.14 , 8.73 , 8.89 , 9.13 
6 , 8 , 2022 , 9.42 , 9.09 , 9.18 , 9.18 
6 , 9 , 2022 , 9.16 , 8.67 , 9.16 , 8.68 
6 , 10 , 2022 , 8.58 , 8.14 , 8.48 , 8.26 
6 , 13 , 2022 , 8.00 , 7.50 , 7.99 , 7.64 
6 , 14 , 2022 , 7.98 , 7.59 , 7.74 , 7.82 
6 , 15 , 2022 , 8.30 , 7.82 , 7.92 , 8.12 
6 , 16 , 2022 , 7.99 , 7.58 , 7.84 , 7.67 
6 , 17 , 2022 , 8.33 , 7.69 , 7.70 , 8.24 
6 , 21 , 2022 , 9.05 , 8.56 , 8.59 , 8.71 
6 , 22 , 2022 , 9.29 , 8.45 , 8.52 , 9.01 
6 , 23 , 2022 , 9.50 , 8.84 , 9.02 , 9.46 
6 , 24 , 2022 , 10.20 , 9.48 , 9.53 , 10.19 
6 , 27 , 2022 , 10.16 , 9.51 , 10.15 , 9.62 
6 , 28 , 2022 , 9.88 , 9.19 , 9.57 , 9.31 
6 , 29 , 2022 , 9.42 , 9.07 , 9.35 , 9.23 
6 , 30 , 2022 , 9.19 , 8.72 , 9.02 , 9.07 
7 , 1 , 2022 , 9.43 , 9.03 , 9.11 , 9.27 
7 , 5 , 2022 , 10.10 , 9.00 , 9.14 , 10.07 
7 , 6 , 2022 , 10.31 , 9.74 , 10.01 , 9.80 
7 , 7 , 2022 , 10.28 , 9.75 , 9.76 , 10.18 
7 , 8 , 2022 , 10.38 , 9.83 , 9.92 , 10.17 
7 , 11 , 2022 , 9.99 , 9.53 , 9.98 , 9.56 
7 , 12 , 2022 , 9.96 , 9.27 , 9.66 , 9.49 
7 , 13 , 2022 , 9.55 , 9.05 , 9.22 , 9.28 
7 , 14 , 2022 , 9.28 , 8.85 , 9.23 , 8.90 
7 , 15 , 2022 , 9.12 , 8.65 , 9.01 , 9.04 
7 , 18 , 2022 , 9.45 , 9.01 , 9.25 , 9.03 
7 , 19 , 2022 , 9.37 , 8.89 , 9.15 , 9.34 
7 , 20 , 2022 , 10.20 , 9.44 , 9.44 , 10.11 
7 , 21 , 2022 , 10.76 , 10.22 , 10.37 , 10.49 
7 , 22 , 2022 , 10.57 , 9.73 , 10.35 , 9.84 
7 , 25 , 2022 , 9.85 , 9.52 , 9.83 , 9.68 
7 , 26 , 2022 , 9.66 , 9.38 , 9.66 , 9.40 
7 , 27 , 2022 , 10.03 , 9.50 , 9.67 , 10.02 
7 , 28 , 2022 , 10.20 , 9.74 , 10.03 , 10.13 
7 , 29 , 2022 , 10.35 , 9.92 , 10.01 , 10.35 
8 , 1 , 2022 , 10.70 , 10.12 , 10.25 , 10.47 
8 , 2 , 2022 , 11.23 , 10.26 , 10.32 , 10.92 
8 , 3 , 2022 , 11.34 , 11.04 , 11.08 , 11.20 
8 , 4 , 2022 , 11.41 , 11.03 , 11.19 , 11.32 
8 , 5 , 2022 , 11.62 , 10.85 , 11.01 , 11.45 
8 , 8 , 2022 , 10.40 , 9.71 , 9.77 , 9.82 
8 , 9 , 2022 , 9.57 , 9.01 , 9.54 , 9.25 
8 , 10 , 2022 , 9.66 , 9.32 , 9.51 , 9.59 
8 , 11 , 2022 , 10.05 , 9.40 , 9.76 , 9.42 
8 , 12 , 2022 , 9.97 , 9.42 , 9.55 , 9.91 
8 , 15 , 2022 , 10.10 , 9.76 , 9.82 , 9.91 
8 , 16 , 2022 , 9.88 , 9.36 , 9.85 , 9.74 
8 , 17 , 2022 , 9.62 , 9.33 , 9.56 , 9.43 
8 , 18 , 2022 , 9.47 , 9.12 , 9.42 , 9.15 
8 , 19 , 2022 , 9.01 , 8.48 , 9.00 , 8.51 
8 , 22 , 2022 , 8.40 , 8.06 , 8.32 , 8.07 
8 , 23 , 2022 , 8.28 , 8.00 , 8.10 , 8.01 
8 , 24 , 2022 , 8.36 , 7.98 , 8.04 , 8.10 
8 , 25 , 2022 , 8.43 , 8.05 , 8.22 , 8.42 
8 , 26 , 2022 , 8.43 , 7.93 , 8.42 , 7.94 
8 , 29 , 2022 , 8.00 , 7.76 , 7.82 , 7.81 
8 , 30 , 2022 , 7.98 , 7.68 , 7.93 , 7.79 
8 , 31 , 2022 , 8.00 , 7.70 , 7.95 , 7.72 
9 , 1 , 2022 , 7.62 , 7.22 , 7.61 , 7.49 
9 , 2 , 2022 , 7.67 , 7.35 , 7.67 , 7.40 
9 , 6 , 2022 , 7.46 , 7.17 , 7.45 , 7.28 
9 , 7 , 2022 , 7.43 , 7.18 , 7.27 , 7.39 
9 , 8 , 2022 , 7.53 , 7.27 , 7.33 , 7.53 
9 , 9 , 2022 , 7.82 , 7.64 , 7.68 , 7.79 
9 , 12 , 2022 , 8.03 , 7.82 , 7.86 , 8.01 
9 , 13 , 2022 , 7.66 , 7.45 , 7.63 , 7.48 
9 , 14 , 2022 , 7.63 , 7.33 , 7.45 , 7.63 
9 , 15 , 2022 , 8.10 , 7.45 , 7.47 , 8.01 
9 , 16 , 2022 , 7.93 , 7.64 , 7.75 , 7.78 
9 , 19 , 2022 , 7.86 , 7.58 , 7.64 , 7.86 
9 , 20 , 2022 , 7.92 , 7.60 , 7.78 , 7.62 
9 , 21 , 2022 , 8.07 , 7.66 , 7.72 , 7.69 
9 , 22 , 2022 , 7.74 , 7.24 , 7.74 , 7.37 
9 , 23 , 2022 , 7.42 , 7.13 , 7.20 , 7.40 
9 , 26 , 2022 , 7.83 , 7.35 , 7.35 , 7.53 
9 , 27 , 2022 , 7.84 , 7.46 , 7.69 , 7.63 
9 , 28 , 2022 , 8.00 , 7.62 , 7.63 , 7.94 
9 , 29 , 2022 , 8.33 , 7.78 , 8.05 , 8.08 
9 , 30 , 2022 , 8.50 , 7.97 , 8.01 , 8.13 
10 , 3 , 2022 , 8.30 , 7.97 , 8.15 , 8.24 
10 , 4 , 2022 , 8.61 , 8.34 , 8.48 , 8.46 
10 , 5 , 2022 , 8.49 , 8.08 , 8.26 , 8.42 
10 , 6 , 2022 , 8.60 , 8.32 , 8.40 , 8.47 
10 , 7 , 2022 , 8.28 , 8.11 , 8.26 , 8.15 
10 , 10 , 2022 , 8.18 , 7.88 , 8.17 , 8.06 
10 , 11 , 2022 , 8.30 , 7.70 , 7.99 , 8.04 
10 , 12 , 2022 , 8.10 , 7.82 , 8.06 , 8.07 
10 , 13 , 2022 , 8.20 , 7.57 , 7.74 , 8.08 
10 , 14 , 2022 , 8.31 , 7.53 , 8.23 , 7.53 
10 , 17 , 2022 , 8.06 , 7.69 , 7.71 , 7.94 
10 , 18 , 2022 , 8.33 , 8.04 , 8.15 , 8.16 
10 , 19 , 2022 , 8.13 , 7.85 , 8.06 , 7.91 
10 , 20 , 2022 , 8.26 , 7.73 , 7.73 , 8.04 
10 , 21 , 2022 , 8.32 , 7.81 , 7.93 , 8.29 
10 , 24 , 2022 , 8.30 , 8.01 , 8.30 , 8.27 
10 , 25 , 2022 , 8.66 , 8.36 , 8.36 , 8.66 
10 , 26 , 2022 , 9.05 , 8.39 , 8.48 , 8.57 
10 , 27 , 2022 , 8.78 , 8.46 , 8.68 , 8.60 
10 , 28 , 2022 , 8.66 , 8.37 , 8.55 , 8.64 
10 , 31 , 2022 , 8.83 , 8.43 , 8.59 , 8.79 
11 , 1 , 2022 , 9.06 , 8.56 , 8.99 , 8.65 
11 , 2 , 2022 , 8.76 , 8.20 , 8.70 , 8.22 
11 , 3 , 2022 , 8.30 , 7.87 , 8.07 , 8.08 
11 , 4 , 2022 , 8.20 , 7.65 , 8.19 , 7.93 
11 , 7 , 2022 , 7.85 , 6.89 , 7.78 , 7.02 
11 , 8 , 2022 , 7.42 , 6.91 , 7.08 , 7.21 
11 , 9 , 2022 , 7.19 , 6.95 , 7.12 , 6.98 
11 , 10 , 2022 , 7.97 , 7.43 , 7.46 , 7.64 
11 , 11 , 2022 , 8.42 , 7.38 , 7.48 , 8.41 
11 , 14 , 2022 , 8.32 , 7.95 , 8.18 , 8.10 
11 , 15 , 2022 , 8.47 , 8.16 , 8.45 , 8.34 
11 , 16 , 2022 , 8.24 , 8.00 , 8.18 , 8.06 
11 , 17 , 2022 , 7.88 , 7.53 , 7.83 , 7.62 
11 , 18 , 2022 , 7.79 , 7.31 , 7.76 , 7.39 
11 , 21 , 2022 , 7.32 , 7.07 , 7.31 , 7.19 
11 , 22 , 2022 , 7.25 , 6.98 , 7.18 , 7.22 
11 , 23 , 2022 , 7.42 , 7.12 , 7.25 , 7.37 
11 , 25 , 2022 , 7.34 , 7.19 , 7.32 , 7.28 
11 , 28 , 2022 , 7.40 , 7.15 , 7.23 , 7.16 
11 , 29 , 2022 , 7.30 , 7.05 , 7.20 , 7.08 
11 , 30 , 2022 , 7.51 , 7.03 , 7.14 , 7.50 
12 , 1 , 2022 , 7.88 , 7.47 , 7.51 , 7.86 
12 , 2 , 2022 , 7.76 , 7.50 , 7.62 , 7.66 
12 , 5 , 2022 , 7.70 , 7.11 , 7.62 , 7.19 
12 , 6 , 2022 , 7.20 , 6.88 , 7.19 , 6.99 
12 , 7 , 2022 , 7.35 , 7.02 , 7.08 , 7.07 
12 , 8 , 2022 , 7.27 , 6.94 , 7.10 , 7.12 
12 , 9 , 2022 , 7.19 , 7.03 , 7.06 , 7.11 
12 , 12 , 2022 , 7.31 , 7.09 , 7.11 , 7.29 
12 , 13 , 2022 , 7.97 , 7.49 , 7.73 , 7.50 
12 , 14 , 2022 , 7.60 , 7.27 , 7.50 , 7.35 
12 , 15 , 2022 , 7.30 , 7.01 , 7.17 , 7.01 
12 , 16 , 2022 , 7.08 , 6.76 , 7.02 , 6.90 
12 , 19 , 2022 , 6.83 , 6.32 , 6.80 , 6.35 
12 , 20 , 2022 , 6.54 , 6.20 , 6.29 , 6.31 
12 , 21 , 2022 , 6.52 , 6.04 , 6.24 , 6.50 
12 , 22 , 2022 , 6.38 , 6.18 , 6.37 , 6.32 
12 , 23 , 2022 , 6.30 , 6.07 , 6.27 , 6.29 
12 , 27 , 2022 , 6.22 , 5.92 , 6.15 , 6.00 
12 , 28 , 2022 , 6.17 , 5.95 , 5.98 , 6.07 
12 , 29 , 2022 , 6.53 , 6.10 , 6.10 , 6.40 
12 , 30 , 2022 , 6.42 , 6.19 , 6.19 , 6.42 
1 , 3 , 2023 , 6.64 , 6.28 , 6.58 , 6.39 
1 , 4 , 2023 , 6.68 , 6.37 , 6.48 , 6.58 
1 , 5 , 2023 , 6.49 , 6.25 , 6.45 , 6.32 
1 , 6 , 2023 , 6.45 , 6.09 , 6.40 , 6.40 
1 , 9 , 2023 , 6.67 , 6.40 , 6.49 , 6.50 
1 , 10 , 2023 , 6.72 , 6.49 , 6.50 , 6.70 
1 , 11 , 2023 , 6.99 , 6.76 , 6.84 , 6.98 
1 , 12 , 2023 , 7.05 , 6.78 , 7.01 , 7.01 
1 , 13 , 2023 , 7.01 , 6.81 , 6.84 , 6.96 
1 , 17 , 2023 , 7.15 , 6.73 , 6.99 , 7.07 
1 , 18 , 2023 , 7.30 , 6.88 , 7.16 , 6.90 
1 , 19 , 2023 , 6.90 , 6.67 , 6.80 , 6.73 
1 , 20 , 2023 , 7.06 , 6.72 , 6.76 , 7.02 
1 , 23 , 2023 , 7.41 , 6.99 , 7.03 , 7.38 
1 , 24 , 2023 , 7.38 , 7.01 , 7.13 , 7.02 
1 , 25 , 2023 , 7.27 , 6.69 , 6.92 , 7.22 
1 , 26 , 2023 , 7.45 , 7.04 , 7.37 , 7.24 
1 , 27 , 2023 , 7.73 , 7.14 , 7.19 , 7.55 
1 , 30 , 2023 , 7.61 , 7.36 , 7.50 , 7.37 
1 , 31 , 2023 , 7.82 , 7.38 , 7.41 , 7.78 
2 , 1 , 2023 , 8.22 , 7.68 , 7.73 , 8.20 
2 , 2 , 2023 , 9.21 , 8.47 , 8.51 , 8.99 
2 , 3 , 2023 , 8.90 , 8.37 , 8.54 , 8.41 
2 , 6 , 2023 , 8.54 , 8.24 , 8.31 , 8.31 
2 , 7 , 2023 , 8.41 , 8.06 , 8.33 , 8.33 
2 , 8 , 2023 , 8.57 , 8.17 , 8.25 , 8.22 
2 , 9 , 2023 , 8.43 , 7.94 , 8.34 , 7.95 
2 , 10 , 2023 , 7.86 , 7.46 , 7.79 , 7.51 
2 , 13 , 2023 , 7.78 , 7.45 , 7.58 , 7.61 
2 , 14 , 2023 , 9.30 , 8.23 , 8.59 , 9.22 
2 , 15 , 2023 , 10.23 , 9.11 , 9.16 , 10.11 
2 , 16 , 2023 , 10.31 , 9.60 , 9.65 , 9.71 
2 , 17 , 2023 , 9.71 , 9.09 , 9.57 , 9.20 
2 , 21 , 2023 , 9.10 , 8.40 , 9.01 , 8.47 
2 , 22 , 2023 , 8.63 , 8.16 , 8.48 , 8.36 
2 , 23 , 2023 , 8.48 , 7.91 , 8.42 , 8.17 
2 , 24 , 2023 , 8.20 , 7.87 , 7.94 , 8.09 
2 , 27 , 2023 , 8.23 , 7.96 , 8.12 , 8.03 
2 , 28 , 2023 , 8.10 , 7.80 , 7.96 , 7.84 
3 , 1 , 2023 , 7.91 , 7.69 , 7.83 , 7.69 
3 , 2 , 2023 , 8.03 , 7.56 , 7.59 , 7.97 
3 , 3 , 2023 , 8.50 , 8.00 , 8.00 , 8.33 
3 , 6 , 2023 , 8.45 , 8.20 , 8.34 , 8.28 
3 , 7 , 2023 , 8.43 , 8.19 , 8.28 , 8.28 
3 , 8 , 2023 , 8.58 , 8.06 , 8.36 , 8.13 
3 , 9 , 2023 , 8.26 , 7.68 , 8.07 , 7.69 
3 , 10 , 2023 , 7.68 , 7.28 , 7.59 , 7.35 
3 , 13 , 2023 , 8.15 , 7.19 , 7.29 , 7.87 
3 , 14 , 2023 , 8.14 , 7.78 , 8.05 , 7.89 
3 , 15 , 2023 , 7.99 , 7.70 , 7.81 , 7.90 
3 , 16 , 2023 , 8.08 , 7.86 , 8.01 , 7.98 
3 , 17 , 2023 , 8.03 , 7.84 , 7.93 , 7.88 
3 , 20 , 2023 , 8.10 , 7.72 , 7.77 , 8.08 
3 , 21 , 2023 , 8.51 , 8.17 , 8.20 , 8.45 
3 , 22 , 2023 , 8.62 , 8.20 , 8.44 , 8.21 
3 , 23 , 2023 , 8.56 , 8.16 , 8.32 , 8.33 
3 , 24 , 2023 , 8.35 , 8.06 , 8.29 , 8.20 
3 , 27 , 2023 , 8.32 , 7.94 , 8.15 , 8.04 
3 , 28 , 2023 , 8.12 , 7.97 , 8.06 , 8.00 
3 , 29 , 2023 , 8.25 , 8.05 , 8.09 , 8.22 
3 , 30 , 2023 , 8.38 , 8.05 , 8.33 , 8.15 
3 , 31 , 2023 , 8.48 , 8.08 , 8.15 , 8.45 
4 , 3 , 2023 , 8.53 , 8.21 , 8.37 , 8.38 
4 , 4 , 2023 , 8.54 , 8.23 , 8.53 , 8.35 
4 , 5 , 2023 , 8.65 , 7.84 , 8.63 , 7.98 
4 , 6 , 2023 , 8.14 , 7.79 , 7.88 , 8.09 
4 , 10 , 2023 , 8.44 , 7.90 , 8.00 , 8.39 
4 , 11 , 2023 , 8.79 , 8.34 , 8.35 , 8.61 
4 , 12 , 2023 , 8.78 , 8.30 , 8.75 , 8.33 
4 , 13 , 2023 , 8.70 , 8.43 , 8.50 , 8.58 
4 , 14 , 2023 , 8.91 , 8.47 , 8.53 , 8.81 
4 , 17 , 2023 , 9.04 , 8.78 , 8.81 , 8.80 
4 , 18 , 2023 , 9.02 , 8.72 , 8.93 , 8.73 
4 , 19 , 2023 , 8.66 , 8.48 , 8.58 , 8.49 
4 , 20 , 2023 , 8.50 , 8.13 , 8.29 , 8.15 
4 , 21 , 2023 , 8.22 , 8.09 , 8.14 , 8.18 
4 , 24 , 2023 , 8.25 , 7.94 , 8.16 , 8.10 
4 , 25 , 2023 , 8.02 , 7.73 , 8.00 , 7.74 
4 , 26 , 2023 , 7.91 , 7.65 , 7.87 , 7.74 
4 , 27 , 2023 , 7.91 , 7.72 , 7.83 , 7.82 
4 , 28 , 2023 , 8.00 , 7.62 , 7.77 , 7.75 
5 , 1 , 2023 , 7.82 , 7.66 , 7.75 , 7.78 
5 , 2 , 2023 , 7.91 , 7.43 , 7.72 , 7.59 
5 , 3 , 2023 , 7.68 , 7.45 , 7.62 , 7.56 
5 , 4 , 2023 , 7.52 , 7.28 , 7.47 , 7.38 
5 , 5 , 2023 , 7.55 , 7.32 , 7.44 , 7.41 
5 , 8 , 2023 , 7.86 , 7.59 , 7.64 , 7.74 
5 , 9 , 2023 , 9.69 , 8.66 , 9.22 , 9.55 
5 , 10 , 2023 , 10.30 , 9.46 , 9.73 , 9.94 
5 , 11 , 2023 , 10.16 , 9.71 , 10.14 , 9.88 
5 , 12 , 2023 , 10.01 , 9.47 , 9.86 , 9.50 
5 , 15 , 2023 , 9.60 , 9.02 , 9.21 , 9.52 
5 , 16 , 2023 , 9.63 , 9.35 , 9.40 , 9.47 
5 , 17 , 2023 , 10.29 , 9.46 , 9.54 , 10.25 
5 , 18 , 2023 , 11.81 , 10.39 , 10.46 , 11.74 
5 , 19 , 2023 , 12.41 , 11.52 , 11.97 , 11.71 
5 , 22 , 2023 , 12.11 , 11.39 , 11.62 , 11.84 
5 , 23 , 2023 , 13.42 , 11.87 , 11.95 , 12.64 
5 , 24 , 2023 , 12.43 , 11.82 , 12.05 , 12.23 
5 , 25 , 2023 , 13.22 , 12.34 , 13.18 , 12.84 
5 , 26 , 2023 , 14.20 , 12.82 , 12.84 , 13.65 
5 , 30 , 2023 , 15.01 , 14.24 , 14.44 , 14.71 
5 , 31 , 2023 , 14.79 , 13.82 , 14.19 , 14.71 
6 , 1 , 2023 , 15.22 , 14.20 , 14.46 , 14.54 
6 , 2 , 2023 , 15.03 , 14.16 , 14.65 , 14.52 
6 , 5 , 2023 , 15.70 , 14.37 , 14.37 , 15.24 
6 , 6 , 2023 , 15.58 , 14.92 , 15.30 , 15.46 
6 , 7 , 2023 , 17.16 , 14.52 , 16.01 , 14.69 
6 , 8 , 2023 , 15.59 , 14.39 , 14.44 , 15.19 
6 , 9 , 2023 , 15.98 , 14.82 , 15.36 , 15.02 
6 , 12 , 2023 , 16.03 , 15.33 , 15.44 , 15.65 
6 , 13 , 2023 , 16.27 , 15.16 , 16.18 , 16.00 
6 , 14 , 2023 , 16.19 , 15.44 , 15.93 , 15.91 
6 , 15 , 2023 , 16.79 , 15.49 , 15.66 , 16.60 
6 , 16 , 2023 , 16.91 , 16.01 , 16.87 , 16.30 
6 , 20 , 2023 , 16.89 , 15.58 , 15.99 , 15.79 
6 , 21 , 2023 , 15.76 , 14.37 , 15.66 , 14.64 
6 , 22 , 2023 , 14.44 , 13.86 , 14.30 , 14.05 
6 , 23 , 2023 , 14.14 , 13.56 , 13.64 , 14.03 
6 , 26 , 2023 , 14.42 , 13.83 , 13.87 , 13.94 
6 , 27 , 2023 , 14.76 , 13.96 , 14.22 , 14.61 
6 , 28 , 2023 , 15.43 , 14.47 , 14.53 , 15.28 
6 , 29 , 2023 , 15.57 , 15.06 , 15.40 , 15.20 
6 , 30 , 2023 , 15.80 , 15.23 , 15.48 , 15.33 
7 , 3 , 2023 , 15.59 , 15.19 , 15.49 , 15.52 
7 , 5 , 2023 , 15.77 , 15.23 , 15.43 , 15.70 
7 , 6 , 2023 , 15.38 , 14.62 , 15.32 , 15.13 
7 , 7 , 2023 , 15.90 , 15.19 , 15.23 , 15.34 
7 , 10 , 2023 , 16.33 , 14.95 , 15.37 , 16.30 
7 , 11 , 2023 , 16.93 , 16.15 , 16.47 , 16.49 
7 , 12 , 2023 , 16.94 , 16.41 , 16.78 , 16.59 
7 , 13 , 2023 , 17.26 , 16.63 , 16.70 , 16.74 
7 , 14 , 2023 , 17.00 , 16.27 , 16.76 , 16.40 
7 , 17 , 2023 , 17.59 , 16.32 , 16.42 , 17.40 
7 , 18 , 2023 , 18.13 , 17.19 , 17.88 , 18.08 
7 , 19 , 2023 , 19.00 , 17.76 , 18.02 , 18.05 
7 , 20 , 2023 , 18.00 , 16.98 , 17.54 , 17.13 
7 , 21 , 2023 , 17.49 , 16.00 , 17.47 , 16.43 
7 , 24 , 2023 , 16.69 , 16.12 , 16.61 , 16.32 
7 , 25 , 2023 , 16.86 , 16.35 , 16.35 , 16.55 
7 , 26 , 2023 , 16.69 , 16.13 , 16.40 , 16.43 
7 , 27 , 2023 , 17.19 , 16.00 , 16.80 , 16.15 
7 , 28 , 2023 , 17.97 , 16.74 , 17.21 , 17.81 
7 , 31 , 2023 , 20.00 , 18.38 , 18.82 , 19.84 
8 , 1 , 2023 , 20.24 , 19.23 , 19.46 , 19.99 
8 , 2 , 2023 , 19.62 , 18.15 , 19.26 , 18.97 
8 , 3 , 2023 , 19.30 , 18.61 , 18.63 , 18.71 
8 , 4 , 2023 , 19.08 , 18.08 , 18.87 , 18.20 
8 , 7 , 2023 , 18.39 , 17.01 , 18.25 , 17.99 
8 , 8 , 2023 , 17.49 , 16.10 , 17.49 , 17.04 
8 , 9 , 2023 , 16.92 , 15.10 , 16.76 , 15.25 
8 , 10 , 2023 , 15.87 , 15.25 , 15.44 , 15.41 
8 , 11 , 2023 , 15.58 , 14.91 , 15.05 , 15.41 
8 , 14 , 2023 , 15.74 , 14.95 , 15.18 , 15.72 
8 , 15 , 2023 , 15.87 , 15.29 , 15.61 , 15.37 
8 , 16 , 2023 , 15.73 , 15.12 , 15.21 , 15.45 
8 , 17 , 2023 , 15.44 , 14.04 , 15.39 , 14.15 
8 , 18 , 2023 , 14.60 , 13.68 , 13.88 , 14.40 
8 , 21 , 2023 , 14.78 , 14.34 , 14.42 , 14.50 
8 , 22 , 2023 , 15.13 , 14.63 , 14.76 , 14.67 
8 , 23 , 2023 , 15.47 , 14.42 , 14.50 , 15.30 
8 , 24 , 2023 , 15.71 , 13.88 , 15.70 , 14.14 
8 , 25 , 2023 , 14.65 , 14.01 , 14.14 , 14.53 
8 , 28 , 2023 , 14.88 , 14.50 , 14.69 , 14.64 
8 , 29 , 2023 , 15.63 , 14.50 , 14.60 , 15.40 
8 , 30 , 2023 , 16.35 , 15.33 , 15.46 , 16.33 
8 , 31 , 2023 , 15.85 , 14.65 , 15.60 , 14.98 
9 , 1 , 2023 , 15.37 , 14.83 , 15.16 , 15.18 
9 , 5 , 2023 , 15.42 , 14.90 , 15.08 , 15.21 
9 , 6 , 2023 , 15.62 , 15.08 , 15.17 , 15.30 
9 , 7 , 2023 , 15.24 , 14.29 , 14.88 , 15.21 
9 , 8 , 2023 , 15.61 , 15.09 , 15.12 , 15.13 
9 , 11 , 2023 , 16.10 , 15.36 , 15.41 , 15.79 
9 , 12 , 2023 , 16.15 , 15.43 , 15.46 , 15.59 
9 , 13 , 2023 , 15.85 , 15.42 , 15.63 , 15.60 
9 , 14 , 2023 , 16.04 , 15.47 , 15.69 , 15.83 
9 , 15 , 2023 , 15.90 , 15.17 , 15.77 , 15.33 
9 , 18 , 2023 , 15.63 , 15.07 , 15.18 , 15.46 
9 , 19 , 2023 , 15.52 , 14.95 , 15.34 , 15.15 
9 , 20 , 2023 , 15.43 , 14.73 , 15.25 , 14.74 
9 , 21 , 2023 , 14.60 , 13.68 , 14.34 , 14.00 
9 , 22 , 2023 , 14.42 , 14.03 , 14.23 , 14.13 
9 , 25 , 2023 , 14.24 , 13.82 , 14.00 , 14.22 
9 , 26 , 2023 , 14.17 , 13.88 , 13.95 , 13.96 
9 , 27 , 2023 , 14.96 , 14.16 , 14.20 , 14.85 
9 , 28 , 2023 , 15.96 , 14.83 , 15.14 , 15.77 
9 , 29 , 2023 , 16.81 , 15.96 , 16.11 , 16.00 
10 , 2 , 2023 , 16.44 , 15.77 , 16.03 , 15.88 
10 , 3 , 2023 , 15.77 , 14.82 , 15.61 , 14.90 
10 , 4 , 2023 , 15.85 , 15.16 , 15.46 , 15.73 
10 , 5 , 2023 , 15.90 , 15.41 , 15.59 , 15.81 
10 , 6 , 2023 , 16.70 , 15.51 , 15.56 , 16.61 
10 , 9 , 2023 , 17.83 , 16.22 , 16.27 , 17.61 
10 , 10 , 2023 , 18.40 , 17.62 , 18.06 , 17.80 
10 , 11 , 2023 , 18.44 , 17.73 , 17.87 , 17.92 
10 , 12 , 2023 , 18.24 , 17.55 , 17.92 , 17.94 
10 , 13 , 2023 , 18.16 , 17.27 , 18.06 , 17.36 
10 , 16 , 2023 , 17.46 , 16.67 , 17.21 , 17.36 
10 , 17 , 2023 , 18.03 , 16.91 , 17.00 , 17.84 
10 , 18 , 2023 , 18.22 , 17.19 , 17.81 , 17.20 
10 , 19 , 2023 , 17.58 , 16.97 , 17.44 , 17.06 
10 , 20 , 2023 , 16.94 , 15.81 , 16.85 , 16.11 
10 , 23 , 2023 , 16.34 , 15.21 , 15.90 , 16.20 
10 , 24 , 2023 , 16.93 , 16.30 , 16.38 , 16.64 
10 , 25 , 2023 , 16.63 , 15.58 , 16.57 , 15.59 
10 , 26 , 2023 , 15.91 , 15.05 , 15.60 , 15.29 
10 , 27 , 2023 , 15.60 , 14.96 , 15.48 , 15.07 
10 , 30 , 2023 , 15.29 , 14.56 , 15.27 , 14.69 
10 , 31 , 2023 , 15.01 , 14.55 , 14.58 , 14.80 
11 , 1 , 2023 , 14.96 , 14.48 , 14.80 , 14.92 
11 , 2 , 2023 , 18.30 , 17.21 , 17.48 , 17.97 
11 , 3 , 2023 , 19.08 , 17.76 , 18.02 , 18.89 
11 , 6 , 2023 , 19.08 , 17.93 , 18.99 , 18.54 
11 , 7 , 2023 , 19.17 , 18.53 , 18.86 , 18.80 
11 , 8 , 2023 , 18.93 , 18.15 , 18.85 , 18.49 
11 , 9 , 2023 , 18.87 , 18.16 , 18.66 , 18.27 
11 , 10 , 2023 , 19.72 , 18.06 , 18.16 , 19.67 
11 , 13 , 2023 , 19.88 , 19.30 , 19.59 , 19.71 
11 , 14 , 2023 , 20.10 , 19.50 , 20.00 , 19.94 
11 , 15 , 2023 , 20.37 , 19.61 , 19.90 , 19.95 
11 , 16 , 2023 , 19.88 , 19.29 , 19.80 , 19.77 
11 , 17 , 2023 , 20.58 , 19.66 , 19.68 , 20.49 
11 , 20 , 2023 , 21.60 , 20.56 , 20.65 , 21.34 
11 , 21 , 2023 , 21.85 , 19.72 , 21.11 , 19.80 
11 , 22 , 2023 , 20.44 , 19.33 , 20.26 , 19.69 
11 , 24 , 2023 , 19.60 , 18.93 , 19.38 , 19.20 
11 , 27 , 2023 , 19.50 , 18.62 , 19.13 , 19.08 
11 , 28 , 2023 , 19.80 , 19.03 , 19.11 , 19.71 
11 , 29 , 2023 , 20.31 , 19.78 , 19.95 , 19.84 
11 , 30 , 2023 , 20.23 , 19.68 , 19.94 , 20.05 
12 , 1 , 2023 , 20.29 , 19.55 , 19.93 , 20.27 
12 , 4 , 2023 , 19.90 , 18.27 , 19.75 , 18.40 
12 , 5 , 2023 , 18.55 , 17.96 , 18.25 , 18.30 
12 , 6 , 2023 , 17.83 , 17.05 , 17.69 , 17.13 
12 , 7 , 2023 , 17.48 , 17.08 , 17.22 , 17.22 
12 , 8 , 2023 , 17.92 , 17.09 , 17.18 , 17.77 
12 , 11 , 2023 , 18.28 , 17.70 , 17.97 , 17.77 
12 , 12 , 2023 , 17.88 , 17.23 , 17.69 , 17.50 
12 , 13 , 2023 , 17.90 , 17.22 , 17.65 , 17.87 
12 , 14 , 2023 , 18.58 , 17.72 , 18.17 , 18.21 
12 , 15 , 2023 , 19.15 , 18.04 , 18.67 , 18.20 
12 , 18 , 2023 , 18.58 , 17.77 , 18.21 , 17.84 
12 , 19 , 2023 , 18.19 , 17.84 , 17.98 , 17.95 
12 , 20 , 2023 , 17.92 , 17.19 , 17.87 , 17.25 
12 , 21 , 2023 , 17.74 , 17.42 , 17.53 , 17.59 
12 , 22 , 2023 , 17.70 , 17.33 , 17.70 , 17.41 
12 , 26 , 2023 , 17.75 , 17.33 , 17.44 , 17.68 
12 , 27 , 2023 , 17.91 , 17.45 , 17.78 , 17.47 
12 , 28 , 2023 , 17.84 , 17.42 , 17.46 , 17.56 
12 , 29 , 2023 , 17.64 , 17.10 , 17.52 , 17.17 
1 , 2 , 2024 , 16.95 , 16.50 , 16.95 , 16.58 
1 , 3 , 2024 , 16.38 , 16.01 , 16.12 , 16.09 
1 , 4 , 2024 , 16.58 , 15.95 , 16.05 , 16.25 
1 , 5 , 2024 , 16.13 , 15.66 , 15.70 , 15.98 
1 , 8 , 2024 , 16.89 , 16.14 , 16.22 , 16.67 
1 , 9 , 2024 , 16.63 , 16.28 , 16.51 , 16.39 
1 , 10 , 2024 , 17.03 , 16.40 , 16.50 , 16.79 
1 , 11 , 2024 , 16.93 , 16.17 , 16.81 , 16.68 
1 , 12 , 2024 , 17.06 , 16.62 , 16.68 , 16.76 
1 , 16 , 2024 , 16.74 , 16.29 , 16.59 , 16.53 
1 , 17 , 2024 , 16.41 , 16.05 , 16.26 , 16.39 
1 , 18 , 2024 , 16.81 , 16.10 , 16.75 , 16.40 
1 , 19 , 2024 , 16.78 , 16.15 , 16.57 , 16.78 
1 , 22 , 2024 , 18.35 , 17.43 , 17.46 , 17.60 
1 , 23 , 2024 , 17.73 , 17.20 , 17.64 , 17.33 
1 , 24 , 2024 , 17.65 , 16.74 , 17.51 , 16.75 
1 , 25 , 2024 , 17.00 , 16.31 , 16.92 , 16.46 
1 , 26 , 2024 , 16.75 , 16.34 , 16.40 , 16.35 
1 , 29 , 2024 , 17.11 , 16.43 , 16.45 , 17.09 
1 , 30 , 2024 , 17.24 , 16.66 , 17.04 , 16.74 
1 , 31 , 2024 , 16.76 , 16.07 , 16.41 , 16.09 
2 , 1 , 2024 , 16.49 , 16.03 , 16.21 , 16.33 
2 , 2 , 2024 , 17.02 , 16.15 , 16.34 , 17.02 
2 , 5 , 2024 , 17.87 , 16.48 , 17.56 , 16.72 
2 , 6 , 2024 , 22.18 , 19.76 , 20.30 , 21.87 
2 , 7 , 2024 , 23.87 , 21.38 , 21.60 , 23.60 
2 , 8 , 2024 , 25.06 , 23.32 , 23.96 , 24.51 
2 , 9 , 2024 , 25.11 , 23.57 , 25.04 , 24.38 
2 , 12 , 2024 , 25.53 , 23.82 , 23.91 , 25.05 
2 , 13 , 2024 , 24.66 , 23.31 , 23.53 , 24.01 
2 , 14 , 2024 , 25.50 , 23.76 , 24.15 , 25.19 
2 , 15 , 2024 , 25.46 , 24.71 , 25.04 , 25.41 
2 , 16 , 2024 , 25.50 , 24.39 , 24.96 , 24.44 
2 , 20 , 2024 , 24.00 , 22.72 , 23.84 , 23.40 
2 , 21 , 2024 , 22.93 , 22.29 , 22.30 , 22.74 
2 , 22 , 2024 , 23.95 , 23.05 , 23.77 , 23.59 
2 , 23 , 2024 , 24.07 , 22.82 , 23.53 , 22.97 
2 , 26 , 2024 , 23.88 , 22.94 , 23.03 , 23.56 
2 , 27 , 2024 , 24.62 , 23.72 , 23.76 , 24.53 
2 , 28 , 2024 , 24.84 , 24.25 , 24.52 , 24.42 
2 , 29 , 2024 , 25.29 , 24.36 , 24.81 , 25.08 
3 , 1 , 2024 , 25.69 , 24.54 , 25.30 , 24.93 
3 , 4 , 2024 , 24.58 , 23.53 , 24.40 , 24.04 
3 , 5 , 2024 , 24.41 , 23.43 , 23.96 , 23.81 
3 , 6 , 2024 , 26.75 , 24.53 , 25.75 , 26.16 
3 , 7 , 2024 , 27.50 , 26.38 , 27.01 , 26.46 
3 , 8 , 2024 , 27.28 , 25.81 , 27.19 , 26.04 
3 , 11 , 2024 , 26.83 , 25.29 , 25.89 , 25.35 
3 , 12 , 2024 , 25.64 , 24.35 , 25.57 , 24.70 
3 , 13 , 2024 , 25.44 , 24.60 , 24.70 , 25.00 
3 , 14 , 2024 , 24.97 , 24.14 , 24.83 , 24.43 
3 , 15 , 2024 , 24.10 , 23.42 , 23.85 , 23.49 
3 , 18 , 2024 , 24.18 , 23.32 , 23.77 , 24.00 
3 , 19 , 2024 , 23.83 , 22.92 , 23.50 , 23.80 
3 , 20 , 2024 , 24.65 , 23.67 , 23.77 , 24.57 
3 , 21 , 2024 , 25.33 , 24.44 , 25.30 , 24.49 
3 , 22 , 2024 , 24.48 , 24.02 , 24.20 , 24.18 
3 , 25 , 2024 , 24.62 , 24.05 , 24.12 , 24.51 
3 , 26 , 2024 , 25.47 , 24.47 , 24.76 , 24.89 
3 , 27 , 2024 , 25.48 , 24.26 , 25.00 , 24.51 
3 , 28 , 2024 , 24.28 , 22.94 , 24.17 , 23.01 
4 , 1 , 2024 , 23.21 , 22.40 , 22.98 , 22.86 
4 , 2 , 2024 , 22.79 , 21.72 , 22.00 , 22.72 
4 , 3 , 2024 , 23.01 , 22.38 , 22.44 , 22.70 
4 , 4 , 2024 , 24.10 , 22.40 , 23.82 , 22.48 
4 , 5 , 2024 , 23.32 , 22.31 , 22.42 , 22.96 
4 , 8 , 2024 , 23.20 , 22.67 , 23.08 , 23.00 
4 , 9 , 2024 , 23.09 , 22.46 , 23.01 , 22.81 
4 , 10 , 2024 , 22.71 , 22.01 , 22.22 , 22.42 
4 , 11 , 2024 , 22.91 , 22.25 , 22.65 , 22.84 
4 , 12 , 2024 , 23.20 , 22.41 , 22.70 , 22.67 
4 , 15 , 2024 , 23.13 , 21.83 , 22.79 , 21.90 
4 , 16 , 2024 , 21.99 , 21.27 , 21.59 , 21.88 
4 , 17 , 2024 , 22.11 , 21.22 , 22.01 , 21.31 
4 , 18 , 2024 , 21.43 , 20.70 , 21.25 , 21.13 
4 , 19 , 2024 , 21.43 , 20.33 , 20.98 , 20.47 
4 , 22 , 2024 , 21.08 , 20.36 , 20.72 , 20.97 
4 , 23 , 2024 , 22.06 , 21.23 , 21.25 , 21.64 
4 , 24 , 2024 , 22.25 , 21.30 , 22.05 , 21.59 
4 , 25 , 2024 , 21.74 , 20.66 , 20.82 , 21.71 
4 , 26 , 2024 , 22.67 , 21.91 , 22.05 , 22.52 
4 , 29 , 2024 , 23.09 , 22.55 , 22.75 , 22.83 
4 , 30 , 2024 , 22.87 , 21.95 , 22.77 , 21.97 
5 , 1 , 2024 , 22.83 , 21.63 , 21.93 , 22.12 
5 , 2 , 2024 , 22.72 , 22.10 , 22.60 , 22.55 
5 , 3 , 2024 , 23.64 , 22.91 , 23.48 , 23.33 
5 , 6 , 2024 , 25.36 , 24.03 , 24.37 , 25.21 
5 , 7 , 2024 , 22.70 , 21.35 , 21.99 , 21.40 
5 , 8 , 2024 , 21.73 , 21.06 , 21.58 , 21.56 
5 , 9 , 2024 , 21.58 , 20.94 , 21.49 , 21.14 
5 , 10 , 2024 , 21.37 , 20.50 , 21.27 , 20.60 
5 , 13 , 2024 , 21.19 , 20.60 , 20.60 , 20.94 
5 , 14 , 2024 , 22.07 , 20.93 , 20.95 , 21.44 
5 , 15 , 2024 , 21.81 , 21.19 , 21.73 , 21.67 
5 , 16 , 2024 , 21.87 , 21.54 , 21.74 , 21.65 
5 , 17 , 2024 , 22.17 , 21.56 , 21.78 , 21.76 
5 , 20 , 2024 , 21.77 , 21.22 , 21.77 , 21.62 
5 , 21 , 2024 , 21.45 , 21.12 , 21.34 , 21.24 
5 , 22 , 2024 , 21.42 , 21.08 , 21.23 , 21.17 
5 , 23 , 2024 , 21.52 , 20.63 , 21.39 , 20.72 
5 , 24 , 2024 , 21.15 , 20.65 , 20.72 , 21.01 
5 , 28 , 2024 , 21.22 , 20.73 , 21.06 , 21.05 
5 , 29 , 2024 , 20.99 , 20.64 , 20.77 , 20.94 
5 , 30 , 2024 , 21.96 , 21.02 , 21.28 , 21.73 
5 , 31 , 2024 , 22.20 , 21.31 , 21.79 , 21.68 
6 , 3 , 2024 , 21.79 , 21.01 , 21.70 , 21.32 
6 , 4 , 2024 , 22.26 , 21.04 , 21.05 , 22.10 
6 , 5 , 2024 , 22.98 , 22.22 , 22.48 , 22.96 
6 , 6 , 2024 , 23.95 , 22.98 , 22.98 , 23.79 
6 , 7 , 2024 , 23.57 , 23.06 , 23.24 , 23.31 
6 , 10 , 2024 , 23.16 , 22.66 , 22.75 , 23.13 
6 , 11 , 2024 , 23.95 , 22.89 , 23.06 , 23.85 
6 , 12 , 2024 , 24.33 , 23.57 , 24.20 , 23.77 
6 , 13 , 2024 , 24.14 , 23.15 , 23.85 , 23.27 
6 , 14 , 2024 , 23.72 , 22.84 , 23.15 , 23.57 
6 , 17 , 2024 , 25.06 , 23.45 , 23.47 , 25.02 
6 , 18 , 2024 , 26.03 , 24.83 , 25.15 , 25.82 
6 , 20 , 2024 , 26.57 , 25.16 , 26.44 , 25.56 
6 , 21 , 2024 , 26.09 , 23.53 , 24.71 , 23.84 
6 , 24 , 2024 , 24.39 , 23.30 , 23.44 , 24.16 
6 , 25 , 2024 , 24.63 , 23.92 , 24.16 , 24.56 
6 , 26 , 2024 , 24.66 , 24.03 , 24.47 , 24.10 
6 , 27 , 2024 , 25.40 , 24.05 , 24.10 , 25.22 
6 , 28 , 2024 , 25.57 , 25.03 , 25.28 , 25.33 
7 , 1 , 2024 , 26.02 , 25.14 , 25.48 , 25.88 
7 , 2 , 2024 , 26.43 , 25.75 , 25.84 , 25.83 
7 , 3 , 2024 , 26.27 , 25.76 , 25.96 , 25.85 
7 , 5 , 2024 , 27.25 , 25.98 , 26.00 , 27.23 
7 , 8 , 2024 , 27.99 , 26.84 , 27.93 , 27.70 
7 , 9 , 2024 , 28.38 , 27.23 , 27.93 , 27.39 
7 , 10 , 2024 , 28.47 , 27.37 , 27.50 , 28.42 
7 , 11 , 2024 , 28.59 , 26.90 , 28.49 , 27.64 
7 , 12 , 2024 , 28.13 , 27.28 , 27.32 , 28.07 
7 , 15 , 2024 , 29.30 , 27.90 , 28.42 , 28.67 
7 , 16 , 2024 , 28.84 , 27.47 , 28.18 , 28.67 
7 , 17 , 2024 , 28.87 , 27.60 , 28.00 , 28.22 
7 , 18 , 2024 , 29.83 , 28.15 , 28.42 , 28.64 
7 , 19 , 2024 , 29.60 , 28.27 , 28.31 , 28.58 
7 , 22 , 2024 , 28.97 , 27.69 , 28.93 , 28.46 
7 , 23 , 2024 , 29.19 , 28.31 , 28.34 , 28.81 
7 , 24 , 2024 , 28.69 , 26.58 , 28.44 , 26.60 
7 , 25 , 2024 , 27.29 , 25.42 , 26.04 , 26.63 
7 , 26 , 2024 , 27.34 , 26.77 , 27.00 , 27.18 
7 , 29 , 2024 , 27.80 , 26.73 , 27.56 , 27.08 
7 , 30 , 2024 , 27.44 , 25.89 , 27.25 , 26.37 
7 , 31 , 2024 , 27.39 , 26.88 , 27.02 , 26.89 
8 , 1 , 2024 , 27.54 , 25.83 , 27.02 , 26.08 
8 , 2 , 2024 , 24.87 , 23.75 , 24.75 , 24.74 
8 , 5 , 2024 , 24.42 , 21.23 , 21.74 , 24.09 
8 , 6 , 2024 , 27.42 , 25.57 , 27.05 , 26.59 
8 , 7 , 2024 , 28.36 , 26.24 , 27.07 , 26.32 
8 , 8 , 2024 , 29.38 , 26.69 , 27.04 , 29.28 
8 , 9 , 2024 , 30.36 , 29.10 , 29.28 , 30.01 
8 , 12 , 2024 , 31.20 , 29.27 , 30.22 , 29.38 
8 , 13 , 2024 , 30.85 , 29.56 , 29.79 , 30.39 
8 , 14 , 2024 , 31.37 , 30.33 , 30.62 , 31.00 
8 , 15 , 2024 , 31.50 , 30.83 , 31.31 , 31.22 
8 , 16 , 2024 , 32.75 , 30.98 , 31.04 , 32.08 
8 , 19 , 2024 , 32.59 , 31.81 , 32.42 , 32.50 
8 , 20 , 2024 , 32.72 , 31.63 , 32.50 , 32.32 
8 , 21 , 2024 , 32.67 , 31.97 , 32.32 , 32.54 
8 , 22 , 2024 , 33.13 , 31.85 , 32.55 , 31.92 
8 , 23 , 2024 , 32.55 , 31.62 , 31.99 , 31.78 
8 , 26 , 2024 , 31.74 , 30.79 , 31.43 , 30.85 
8 , 27 , 2024 , 31.12 , 30.38 , 30.55 , 30.84 
8 , 28 , 2024 , 30.80 , 29.75 , 30.62 , 30.36 
8 , 29 , 2024 , 31.82 , 30.48 , 30.65 , 31.00 
8 , 30 , 2024 , 31.50 , 30.70 , 31.05 , 31.48 
9 , 3 , 2024 , 31.59 , 30.17 , 31.35 , 30.51 
9 , 4 , 2024 , 30.85 , 29.31 , 30.00 , 30.59 
9 , 5 , 2024 , 30.74 , 30.01 , 30.24 , 30.16 
9 , 6 , 2024 , 31.04 , 29.50 , 30.60 , 30.33 
9 , 9 , 2024 , 34.70 , 32.47 , 32.70 , 34.60 
9 , 10 , 2024 , 35.20 , 33.71 , 34.81 , 34.76 
9 , 11 , 2024 , 34.87 , 33.62 , 34.01 , 34.85 
9 , 12 , 2024 , 35.40 , 34.53 , 34.86 , 34.91 
9 , 13 , 2024 , 36.01 , 34.89 , 34.97 , 35.59 
9 , 16 , 2024 , 36.92 , 35.56 , 35.78 , 36.31 
9 , 17 , 2024 , 37.05 , 35.87 , 37.00 , 36.45 
9 , 18 , 2024 , 37.11 , 35.87 , 35.90 , 36.38 
9 , 19 , 2024 , 37.35 , 36.20 , 37.00 , 36.83 
9 , 20 , 2024 , 37.29 , 35.71 , 36.01 , 37.20 
9 , 23 , 2024 , 38.19 , 36.57 , 36.86 , 37.95 
9 , 24 , 2024 , 37.98 , 36.43 , 37.97 , 36.90 
9 , 25 , 2024 , 37.18 , 36.38 , 36.89 , 37.12 
9 , 26 , 2024 , 37.44 , 36.60 , 37.26 , 37.10 
9 , 27 , 2024 , 37.47 , 36.59 , 36.91 , 36.84 
9 , 30 , 2024 , 37.32 , 36.15 , 36.58 , 37.20 
10 , 1 , 2024 , 37.56 , 36.05 , 37.21 , 36.46 
10 , 2 , 2024 , 37.68 , 36.15 , 36.30 , 37.49 
10 , 3 , 2024 , 39.29 , 37.37 , 37.45 , 39.24 
10 , 4 , 2024 , 40.29 , 39.40 , 39.65 , 40.01 
10 , 7 , 2024 , 40.15 , 38.78 , 39.90 , 38.89 
10 , 8 , 2024 , 41.49 , 39.02 , 39.29 , 41.45 
10 , 9 , 2024 , 43.34 , 41.21 , 41.55 , 43.13 
10 , 10 , 2024 , 43.88 , 42.41 , 42.92 , 43.52 
10 , 11 , 2024 , 44.38 , 42.62 , 43.40 , 43.51 
10 , 14 , 2024 , 44.39 , 43.28 , 43.72 , 43.40 
10 , 15 , 2024 , 43.68 , 41.52 , 43.48 , 42.43 
10 , 16 , 2024 , 42.49 , 40.36 , 42.40 , 41.93 
10 , 17 , 2024 , 42.70 , 41.61 , 42.15 , 42.00 
10 , 18 , 2024 , 42.99 , 41.65 , 42.02 , 42.97 
10 , 21 , 2024 , 43.40 , 42.41 , 42.86 , 42.70 
10 , 22 , 2024 , 43.49 , 42.30 , 42.69 , 42.94 
10 , 23 , 2024 , 43.68 , 42.06 , 42.85 , 42.59 
10 , 24 , 2024 , 43.73 , 42.66 , 42.89 , 43.56 
10 , 25 , 2024 , 45.07 , 43.65 , 43.85 , 44.86 
10 , 28 , 2024 , 45.14 , 44.68 , 45.05 , 44.97 
10 , 29 , 2024 , 45.07 , 44.04 , 44.90 , 44.93 
10 , 30 , 2024 , 44.80 , 43.61 , 44.58 , 43.69 
10 , 31 , 2024 , 43.32 , 40.90 , 42.79 , 41.56 
11 , 1 , 2024 , 42.57 , 41.59 , 41.93 , 41.92 
11 , 4 , 2024 , 42.04 , 41.03 , 41.08 , 41.41 
11 , 5 , 2024 , 51.58 , 46.86 , 47.86 , 51.13 
11 , 6 , 2024 , 55.69 , 51.61 , 53.44 , 55.53 
11 , 7 , 2024 , 56.47 , 53.55 , 55.87 , 55.88 
11 , 8 , 2024 , 58.48 , 55.30 , 55.57 , 58.39 
11 , 11 , 2024 , 62.08 , 58.69 , 60.13 , 60.24 
11 , 12 , 2024 , 60.09 , 58.57 , 59.01 , 59.85 
11 , 13 , 2024 , 63.39 , 59.85 , 61.52 , 60.70 
11 , 14 , 2024 , 61.17 , 58.53 , 61.05 , 59.18 
11 , 15 , 2024 , 66.00 , 60.91 , 61.01 , 65.77 
11 , 18 , 2024 , 64.92 , 58.85 , 64.92 , 61.26 
11 , 19 , 2024 , 63.01 , 59.27 , 59.51 , 62.98 
11 , 20 , 2024 , 63.08 , 59.96 , 62.59 , 62.12 
11 , 21 , 2024 , 63.40 , 60.90 , 62.04 , 61.36 
11 , 22 , 2024 , 64.44 , 61.37 , 61.60 , 64.35 
11 , 25 , 2024 , 67.88 , 64.08 , 66.90 , 64.65 
11 , 26 , 2024 , 65.85 , 63.89 , 64.57 , 65.74 
11 , 27 , 2024 , 67.56 , 64.24 , 66.24 , 66.05 
11 , 29 , 2024 , 67.16 , 65.47 , 65.89 , 67.08 
12 , 2 , 2024 , 67.88 , 65.96 , 67.44 , 66.39 
12 , 3 , 2024 , 71.37 , 66.15 , 66.41 , 70.96 
12 , 4 , 2024 , 71.18 , 67.28 , 71.13 , 69.85 
12 , 5 , 2024 , 72.98 , 69.89 , 70.11 , 71.87 
12 , 6 , 2024 , 76.82 , 72.28 , 72.95 , 76.34 
12 , 9 , 2024 , 80.91 , 71.05 , 80.58 , 72.46 
12 , 10 , 2024 , 75.56 , 70.73 , 71.99 , 70.89 
12 , 11 , 2024 , 73.00 , 68.07 , 72.98 , 72.51 
12 , 12 , 2024 , 75.38 , 71.90 , 72.30 , 73.20 
12 , 13 , 2024 , 76.10 , 72.45 , 73.42 , 76.07 
12 , 16 , 2024 , 77.82 , 71.16 , 75.06 , 75.75 
12 , 17 , 2024 , 75.32 , 71.70 , 73.28 , 74.39 
12 , 18 , 2024 , 77.60 , 70.27 , 74.30 , 71.51 
12 , 19 , 2024 , 76.59 , 73.37 , 73.99 , 74.21 
12 , 20 , 2024 , 80.66 , 71.50 , 72.48 , 80.55 
12 , 23 , 2024 , 82.02 , 77.41 , 80.65 , 80.69 
12 , 24 , 2024 , 84.80 , 81.00 , 81.09 , 82.38 
12 , 26 , 2024 , 83.49 , 81.30 , 83.16 , 82.14 
12 , 27 , 2024 , 82.00 , 77.93 , 81.42 , 79.08 
12 , 30 , 2024 , 79.24 , 76.11 , 77.04 , 77.18 
12 , 31 , 2024 , 77.98 , 73.65 , 77.58 , 75.63 
1 , 2 , 2025 , 76.53 , 72.42 , 76.20 , 75.19 
1 , 3 , 2025 , 79.98 , 75.19 , 75.39 , 79.89 
1 , 6 , 2025 , 80.06 , 74.61 , 78.69 , 75.92 
1 , 7 , 2025 , 75.39 , 69.75 , 75.20 , 69.99 
1 , 8 , 2025 , 69.53 , 66.51 , 68.12 , 68.23 
1 , 10 , 2025 , 68.20 , 65.04 , 66.01 , 67.26 
1 , 13 , 2025 , 65.68 , 63.40 , 64.17 , 64.98 
1 , 14 , 2025 , 68.23 , 65.19 , 67.18 , 65.91 
1 , 15 , 2025 , 68.85 , 67.08 , 68.55 , 68.14 
1 , 16 , 2025 , 71.43 , 68.36 , 69.08 , 69.24 
1 , 17 , 2025 , 72.34 , 69.95 , 70.90 , 71.77 
1 , 21 , 2025 , 73.64 , 70.60 , 73.24 , 73.07 
1 , 22 , 2025 , 77.16 , 73.80 , 74.59 , 76.87 
1 , 23 , 2025 , 79.00 , 75.84 , 76.04 , 78.98 
1 , 24 , 2025 , 82.24 , 78.44 , 79.05 , 78.98 
1 , 27 , 2025 , 76.72 , 72.67 , 74.07 , 75.44 
1 , 28 , 2025 , 80.74 , 74.04 , 75.54 , 80.23 
1 , 29 , 2025 , 80.82 , 77.81 , 79.95 , 79.76 
1 , 30 , 2025 , 81.83 , 79.38 , 80.02 , 81.22 
1 , 31 , 2025 , 85.22 , 80.87 , 81.00 , 82.49 
2 , 3 , 2025 , 84.25 , 78.47 , 80.13 , 83.74 
2 , 4 , 2025 , 106.91 , 100.51 , 102.80 , 103.83 
2 , 5 , 2025 , 103.57 , 99.32 , 101.78 , 101.36 
2 , 6 , 2025 , 111.55 , 100.26 , 101.09 , 111.28 
2 , 7 , 2025 , 116.30 , 110.45 , 111.66 , 110.85 
2 , 10 , 2025 , 116.76 , 108.72 , 112.03 , 116.65 
2 , 11 , 2025 , 118.66 , 112.10 , 116.50 , 112.62 
2 , 12 , 2025 , 117.59 , 110.00 , 110.29 , 117.39 
2 , 13 , 2025 , 118.39 , 115.15 , 117.31 , 117.91 
2 , 14 , 2025 , 120.67 , 116.80 , 117.90 , 119.16 
2 , 18 , 2025 , 125.00 , 118.43 , 120.94 , 124.62 
2 , 19 , 2025 , 125.41 , 108.56 , 123.86 , 112.06 
2 , 20 , 2025 , 107.40 , 95.80 , 102.91 , 106.27 
2 , 21 , 2025 , 109.07 , 100.00 , 107.68 , 101.35 
2 , 24 , 2025 , 99.01 , 89.30 , 95.88 , 90.68 
2 , 25 , 2025 , 91.70 , 85.25 , 90.65 , 87.84 
2 , 26 , 2025 , 91.69 , 87.59 , 89.16 , 89.31 
2 , 27 , 2025 , 93.62 , 84.17 , 91.91 , 84.77 
2 , 28 , 2025 , 85.18 , 78.58 , 79.98 , 84.92 
3 , 3 , 2025 , 90.48 , 82.53 , 88.55 , 83.42 
3 , 4 , 2025 , 88.50 , 79.30 , 80.16 , 84.40 
3 , 5 , 2025 , 90.30 , 82.50 , 86.35 , 90.13 
3 , 6 , 2025 , 88.34 , 80.01 , 87.51 , 80.46 
3 , 7 , 2025 , 85.16 , 79.15 , 80.03 , 84.91 
3 , 10 , 2025 , 82.69 , 74.57 , 82.00 , 76.38 
3 , 11 , 2025 , 80.75 , 75.53 , 75.79 , 78.05 
3 , 12 , 2025 , 84.55 , 79.86 , 83.48 , 83.65 
3 , 13 , 2025 , 83.74 , 78.32 , 82.85 , 79.62 
3 , 14 , 2025 , 87.27 , 82.16 , 82.97 , 86.24 
3 , 17 , 2025 , 88.82 , 84.50 , 88.44 , 87.35 
3 , 18 , 2025 , 86.17 , 81.80 , 85.50 , 83.89 
3 , 19 , 2025 , 87.99 , 82.86 , 84.55 , 86.10 
3 , 20 , 2025 , 89.80 , 85.12 , 85.54 , 87.39 
3 , 21 , 2025 , 91.07 , 84.46 , 85.85 , 90.96 
3 , 24 , 2025 , 97.39 , 92.28 , 93.40 , 96.75 
3 , 25 , 2025 , 98.17 , 95.08 , 97.31 , 96.50 
3 , 26 , 2025 , 97.30 , 90.82 , 96.29 , 92.28 
3 , 27 , 2025 , 93.65 , 89.67 , 91.02 , 90.09 
3 , 28 , 2025 , 89.38 , 84.10 , 89.34 , 85.85 
3 , 31 , 2025 , 84.65 , 78.75 , 80.00 , 84.40 
4 , 1 , 2025 , 85.28 , 81.82 , 83.89 , 84.68 
4 , 2 , 2025 , 88.41 , 82.30 , 82.40 , 87.45 
4 , 3 , 2025 , 85.68 , 81.01 , 81.25 , 83.60 
4 , 4 , 2025 , 80.98 , 71.93 , 80.07 , 74.01 
4 , 7 , 2025 , 81.80 , 66.12 , 66.65 , 77.84 
4 , 8 , 2025 , 86.11 , 75.22 , 83.29 , 77.32 
4 , 9 , 2025 , 93.33 , 77.27 , 78.19 , 92.01 
4 , 10 , 2025 , 90.78 , 84.14 , 88.40 , 88.59 
4 , 11 , 2025 , 89.55 , 85.47 , 87.98 , 88.55 
4 , 14 , 2025 , 97.33 , 91.46 , 95.80 , 92.62 
4 , 15 , 2025 , 98.99 , 93.05 , 93.53 , 98.40 
4 , 16 , 2025 , 97.30 , 89.62 , 96.28 , 92.71 
4 , 17 , 2025 , 95.11 , 92.27 , 94.71 , 93.78 
4 , 21 , 2025 , 96.48 , 89.31 , 92.84 , 90.80 
4 , 22 , 2025 , 96.34 , 91.35 , 93.02 , 93.99 
4 , 23 , 2025 , 103.76 , 97.83 , 98.86 , 100.82 
4 , 24 , 2025 , 108.00 , 100.91 , 101.53 , 107.78 
4 , 25 , 2025 , 112.88 , 106.55 , 108.05 , 112.78 
4 , 28 , 2025 , 114.86 , 108.87 , 113.78 , 114.65 
4 , 29 , 2025 , 117.23 , 113.24 , 113.98 , 116.08 
4 , 30 , 2025 , 118.78 , 110.54 , 111.61 , 118.44 
