Month , Day , Year , High , Low , Open , Close
7 , 23 , 2019 , 44.31 , 43.11 , 43.75 , 43.36 
7 , 24 , 2019 , 43.87 , 43.36 , 43.36 , 43.76 
7 , 25 , 2019 , 43.96 , 43.21 , 43.72 , 43.40 
7 , 26 , 2019 , 44.96 , 43.39 , 43.42 , 44.52 
7 , 29 , 2019 , 45.63 , 43.12 , 45.00 , 43.88 
7 , 30 , 2019 , 43.74 , 42.49 , 43.71 , 42.59 
7 , 31 , 2019 , 42.98 , 41.84 , 42.60 , 42.14 
8 , 1 , 2019 , 42.54 , 41.00 , 42.21 , 41.31 
8 , 2 , 2019 , 41.06 , 39.95 , 41.03 , 40.40 
8 , 5 , 2019 , 39.42 , 38.43 , 39.35 , 39.05 
8 , 6 , 2019 , 40.81 , 38.36 , 39.68 , 39.15 
8 , 7 , 2019 , 39.99 , 38.32 , 39.06 , 39.70 
8 , 8 , 2019 , 43.00 , 41.25 , 41.98 , 42.97 
8 , 9 , 2019 , 40.68 , 38.71 , 39.56 , 40.05 
8 , 12 , 2019 , 39.95 , 37.00 , 39.83 , 37.00 
8 , 13 , 2019 , 37.46 , 36.12 , 37.00 , 36.45 
8 , 14 , 2019 , 36.30 , 33.36 , 36.00 , 33.96 
8 , 15 , 2019 , 34.55 , 32.92 , 34.52 , 33.22 
8 , 16 , 2019 , 35.48 , 33.40 , 33.46 , 35.23 
8 , 19 , 2019 , 35.80 , 34.37 , 35.53 , 34.61 
8 , 20 , 2019 , 36.07 , 34.39 , 34.48 , 35.29 
8 , 21 , 2019 , 35.83 , 34.75 , 35.50 , 34.91 
8 , 22 , 2019 , 34.91 , 33.52 , 34.80 , 34.00 
8 , 23 , 2019 , 34.23 , 33.12 , 33.65 , 33.43 
8 , 26 , 2019 , 33.83 , 33.06 , 33.67 , 33.31 
8 , 27 , 2019 , 34.24 , 32.98 , 33.69 , 33.11 
8 , 28 , 2019 , 33.05 , 32.26 , 32.56 , 32.59 
8 , 29 , 2019 , 33.30 , 32.60 , 32.90 , 32.76 
8 , 30 , 2019 , 33.13 , 32.04 , 33.00 , 32.57 
9 , 3 , 2019 , 32.53 , 30.67 , 32.10 , 30.70 
9 , 4 , 2019 , 32.36 , 30.85 , 30.91 , 31.99 
9 , 5 , 2019 , 33.03 , 32.25 , 32.33 , 32.51 
9 , 6 , 2019 , 32.74 , 31.41 , 32.71 , 31.86 
9 , 9 , 2019 , 32.39 , 31.46 , 32.05 , 32.24 
9 , 10 , 2019 , 33.74 , 31.65 , 32.00 , 33.51 
9 , 11 , 2019 , 35.14 , 33.02 , 33.38 , 34.00 
9 , 12 , 2019 , 34.49 , 33.33 , 34.14 , 34.07 
9 , 13 , 2019 , 34.44 , 32.94 , 34.25 , 33.25 
9 , 16 , 2019 , 34.80 , 33.47 , 33.60 , 34.43 
9 , 17 , 2019 , 34.75 , 33.55 , 34.75 , 34.29 
9 , 18 , 2019 , 34.89 , 33.75 , 34.35 , 34.26 
9 , 19 , 2019 , 34.64 , 33.68 , 34.20 , 33.82 
9 , 20 , 2019 , 34.22 , 32.50 , 33.98 , 32.60 
9 , 23 , 2019 , 33.01 , 32.06 , 32.52 , 33.00 
9 , 24 , 2019 , 33.15 , 31.01 , 33.00 , 31.30 
9 , 25 , 2019 , 31.72 , 30.76 , 31.27 , 31.68 
9 , 26 , 2019 , 32.13 , 31.13 , 31.72 , 31.57 
9 , 27 , 2019 , 31.90 , 30.13 , 31.71 , 30.29 
9 , 30 , 2019 , 30.74 , 30.17 , 30.40 , 30.47 
10 , 1 , 2019 , 30.51 , 28.65 , 30.37 , 29.15 
10 , 2 , 2019 , 29.55 , 28.31 , 28.67 , 29.00 
10 , 3 , 2019 , 29.88 , 28.52 , 28.97 , 29.72 
10 , 4 , 2019 , 30.18 , 28.90 , 29.90 , 29.67 
10 , 7 , 2019 , 30.75 , 29.83 , 30.60 , 30.37 
10 , 8 , 2019 , 30.15 , 29.17 , 30.01 , 29.28 
10 , 9 , 2019 , 29.62 , 28.81 , 29.62 , 29.07 
10 , 10 , 2019 , 29.28 , 28.58 , 29.21 , 28.87 
10 , 11 , 2019 , 30.40 , 28.94 , 28.95 , 30.13 
10 , 14 , 2019 , 31.54 , 29.82 , 30.22 , 31.12 
10 , 15 , 2019 , 32.17 , 31.20 , 31.20 , 32.00 
10 , 16 , 2019 , 32.38 , 31.44 , 31.80 , 31.87 
10 , 17 , 2019 , 32.93 , 31.45 , 31.80 , 32.62 
10 , 18 , 2019 , 32.66 , 31.27 , 32.55 , 32.06 
10 , 21 , 2019 , 32.28 , 31.19 , 31.95 , 31.41 
10 , 22 , 2019 , 33.89 , 30.22 , 31.41 , 32.53 
10 , 23 , 2019 , 33.27 , 32.17 , 32.87 , 33.05 
10 , 24 , 2019 , 33.42 , 32.51 , 33.00 , 33.28 
10 , 25 , 2019 , 33.48 , 32.61 , 33.20 , 32.71 
10 , 28 , 2019 , 33.36 , 32.50 , 32.90 , 33.22 
10 , 29 , 2019 , 32.92 , 31.81 , 32.37 , 32.42 
10 , 30 , 2019 , 33.80 , 32.11 , 32.51 , 33.75 
10 , 31 , 2019 , 33.36 , 31.26 , 33.23 , 31.50 
11 , 1 , 2019 , 31.70 , 30.74 , 31.45 , 31.37 
11 , 4 , 2019 , 31.75 , 30.12 , 31.45 , 31.08 
11 , 5 , 2019 , 29.30 , 27.97 , 29.13 , 28.02 
11 , 6 , 2019 , 27.55 , 25.58 , 26.06 , 26.94 
11 , 7 , 2019 , 27.42 , 26.45 , 26.80 , 27.38 
11 , 8 , 2019 , 27.62 , 26.92 , 27.48 , 27.01 
11 , 11 , 2019 , 27.21 , 26.23 , 27.03 , 27.14 
11 , 12 , 2019 , 27.66 , 26.66 , 27.38 , 26.70 
11 , 13 , 2019 , 26.82 , 26.14 , 26.47 , 26.71 
11 , 14 , 2019 , 26.86 , 25.67 , 26.80 , 25.99 
11 , 15 , 2019 , 26.80 , 25.96 , 26.18 , 26.79 
11 , 18 , 2019 , 27.00 , 26.30 , 26.80 , 26.75 
11 , 19 , 2019 , 27.22 , 26.61 , 26.77 , 27.05 
11 , 20 , 2019 , 28.40 , 26.95 , 27.06 , 28.03 
11 , 21 , 2019 , 29.60 , 28.50 , 28.67 , 29.46 
11 , 22 , 2019 , 30.13 , 29.21 , 29.84 , 29.56 
11 , 25 , 2019 , 29.60 , 28.38 , 28.69 , 29.11 
11 , 26 , 2019 , 30.15 , 29.36 , 29.49 , 29.53 
11 , 27 , 2019 , 29.59 , 28.88 , 29.42 , 29.49 
11 , 29 , 2019 , 29.85 , 29.25 , 29.41 , 29.60 
12 , 2 , 2019 , 29.53 , 28.70 , 29.32 , 28.98 
12 , 3 , 2019 , 29.33 , 28.15 , 28.20 , 29.02 
12 , 4 , 2019 , 29.20 , 28.70 , 29.10 , 29.06 
12 , 5 , 2019 , 28.99 , 28.18 , 28.94 , 28.65 
12 , 6 , 2019 , 28.93 , 27.80 , 28.40 , 27.86 
12 , 9 , 2019 , 28.36 , 27.68 , 27.96 , 27.68 
12 , 10 , 2019 , 27.99 , 27.61 , 27.73 , 27.89 
12 , 11 , 2019 , 28.55 , 27.85 , 27.99 , 28.42 
12 , 12 , 2019 , 28.75 , 28.19 , 28.29 , 28.69 
12 , 13 , 2019 , 28.84 , 28.27 , 28.58 , 28.49 
12 , 16 , 2019 , 30.13 , 29.10 , 29.11 , 30.05 
12 , 17 , 2019 , 30.42 , 29.53 , 30.37 , 29.75 
12 , 18 , 2019 , 30.14 , 29.34 , 29.62 , 30.13 
12 , 19 , 2019 , 30.17 , 29.53 , 29.84 , 29.99 
12 , 20 , 2019 , 31.03 , 29.85 , 30.10 , 30.45 
12 , 23 , 2019 , 30.94 , 29.83 , 30.49 , 30.33 
12 , 24 , 2019 , 30.84 , 30.11 , 30.33 , 30.44 
12 , 26 , 2019 , 30.79 , 30.03 , 30.47 , 30.67 
12 , 27 , 2019 , 31.06 , 30.17 , 30.80 , 30.17 
12 , 30 , 2019 , 30.20 , 29.35 , 30.13 , 29.74 
12 , 31 , 2019 , 29.95 , 28.90 , 29.11 , 29.74 
1 , 2 , 2020 , 31.00 , 29.79 , 29.94 , 30.99 
1 , 3 , 2020 , 31.43 , 30.48 , 30.62 , 31.37 
1 , 6 , 2020 , 32.06 , 31.00 , 31.01 , 31.58 
1 , 7 , 2020 , 32.84 , 31.36 , 31.79 , 32.81 
1 , 8 , 2020 , 34.52 , 32.46 , 32.73 , 33.93 
1 , 9 , 2020 , 34.47 , 33.22 , 34.45 , 33.97 
1 , 10 , 2020 , 34.99 , 33.84 , 34.08 , 34.01 
1 , 13 , 2020 , 34.34 , 33.55 , 34.29 , 34.14 
1 , 14 , 2020 , 35.02 , 33.92 , 34.20 , 34.84 
1 , 15 , 2020 , 35.15 , 34.51 , 34.90 , 35.01 
1 , 16 , 2020 , 35.06 , 34.18 , 35.03 , 34.68 
1 , 17 , 2020 , 35.25 , 34.65 , 34.97 , 35.13 
1 , 21 , 2020 , 37.80 , 35.41 , 35.50 , 37.60 
1 , 22 , 2020 , 37.94 , 36.92 , 37.94 , 37.04 
1 , 23 , 2020 , 37.95 , 36.73 , 36.97 , 37.40 
1 , 24 , 2020 , 37.67 , 36.25 , 37.50 , 36.80 
1 , 27 , 2020 , 36.65 , 34.19 , 35.23 , 36.30 
1 , 28 , 2020 , 37.33 , 36.04 , 37.14 , 37.01 
1 , 29 , 2020 , 37.57 , 36.80 , 36.98 , 36.99 
1 , 30 , 2020 , 37.13 , 35.95 , 36.82 , 36.68 
1 , 31 , 2020 , 37.04 , 35.69 , 37.00 , 36.29 
2 , 3 , 2020 , 37.64 , 36.53 , 36.75 , 37.59 
2 , 4 , 2020 , 38.99 , 37.26 , 37.87 , 38.53 
2 , 5 , 2020 , 38.97 , 36.74 , 38.89 , 36.81 
2 , 6 , 2020 , 37.39 , 36.73 , 37.30 , 37.09 
2 , 7 , 2020 , 41.00 , 38.86 , 39.98 , 40.63 
2 , 10 , 2020 , 41.34 , 39.96 , 40.65 , 40.01 
2 , 11 , 2020 , 41.47 , 40.05 , 40.25 , 41.27 
2 , 12 , 2020 , 41.86 , 41.07 , 41.50 , 41.25 
2 , 13 , 2020 , 41.55 , 40.00 , 40.93 , 40.09 
2 , 14 , 2020 , 40.31 , 38.70 , 40.02 , 39.66 
2 , 18 , 2020 , 40.27 , 39.45 , 39.49 , 40.18 
2 , 19 , 2020 , 41.23 , 40.12 , 40.42 , 41.05 
2 , 20 , 2020 , 41.19 , 39.85 , 41.00 , 40.92 
2 , 21 , 2020 , 40.89 , 40.05 , 40.89 , 40.72 
2 , 24 , 2020 , 39.14 , 37.75 , 38.21 , 38.31 
2 , 25 , 2020 , 39.15 , 35.50 , 38.90 , 35.89 
2 , 26 , 2020 , 36.17 , 33.89 , 35.53 , 34.45 
2 , 27 , 2020 , 34.16 , 30.67 , 32.03 , 32.45 
2 , 28 , 2020 , 34.29 , 31.00 , 31.81 , 33.87 
3 , 2 , 2020 , 34.08 , 31.74 , 34.05 , 32.85 
3 , 3 , 2020 , 34.18 , 31.90 , 34.02 , 33.04 
3 , 4 , 2020 , 35.34 , 32.28 , 33.93 , 34.53 
3 , 5 , 2020 , 33.57 , 31.97 , 33.47 , 32.21 
3 , 6 , 2020 , 32.41 , 30.45 , 31.23 , 31.68 
3 , 9 , 2020 , 30.32 , 28.15 , 28.50 , 28.17 
3 , 10 , 2020 , 29.86 , 27.00 , 29.47 , 28.97 
3 , 11 , 2020 , 28.14 , 25.61 , 27.91 , 26.24 
3 , 12 , 2020 , 24.69 , 22.11 , 23.26 , 22.61 
3 , 13 , 2020 , 24.81 , 21.13 , 24.01 , 22.60 
3 , 16 , 2020 , 21.49 , 19.10 , 20.15 , 20.29 
3 , 17 , 2020 , 20.31 , 18.01 , 20.31 , 18.91 
3 , 18 , 2020 , 17.80 , 13.71 , 17.76 , 14.82 
3 , 19 , 2020 , 21.26 , 15.70 , 15.96 , 20.49 
3 , 20 , 2020 , 23.89 , 20.61 , 22.53 , 21.33 
3 , 23 , 2020 , 22.73 , 19.73 , 21.07 , 22.40 
3 , 24 , 2020 , 26.84 , 23.59 , 24.41 , 26.39 
3 , 25 , 2020 , 28.45 , 25.31 , 26.18 , 26.19 
3 , 26 , 2020 , 28.44 , 25.78 , 26.60 , 28.12 
3 , 27 , 2020 , 28.03 , 25.07 , 25.82 , 27.28 
3 , 30 , 2020 , 28.39 , 25.31 , 26.40 , 27.83 
3 , 31 , 2020 , 28.25 , 26.92 , 27.75 , 27.92 
4 , 1 , 2020 , 26.77 , 24.81 , 26.50 , 25.42 
4 , 2 , 2020 , 25.20 , 23.00 , 25.01 , 23.68 
4 , 3 , 2020 , 23.79 , 21.67 , 23.73 , 22.82 
4 , 6 , 2020 , 26.09 , 23.93 , 24.13 , 25.99 
4 , 7 , 2020 , 28.11 , 25.50 , 27.95 , 25.74 
4 , 8 , 2020 , 27.88 , 25.79 , 26.00 , 26.94 
4 , 9 , 2020 , 28.89 , 26.46 , 27.87 , 27.11 
4 , 13 , 2020 , 28.08 , 26.47 , 27.04 , 27.99 
4 , 14 , 2020 , 28.77 , 27.01 , 28.00 , 27.75 
4 , 15 , 2020 , 27.79 , 26.44 , 26.92 , 27.41 
4 , 16 , 2020 , 28.05 , 26.46 , 27.21 , 27.03 
4 , 17 , 2020 , 28.79 , 27.26 , 28.69 , 28.00 
4 , 20 , 2020 , 28.76 , 26.90 , 27.07 , 28.19 
4 , 21 , 2020 , 28.15 , 26.60 , 27.50 , 27.19 
4 , 22 , 2020 , 28.56 , 27.51 , 27.97 , 28.24 
4 , 23 , 2020 , 29.25 , 28.24 , 28.75 , 28.33 
4 , 24 , 2020 , 29.59 , 28.14 , 28.51 , 29.49 
4 , 27 , 2020 , 30.49 , 29.41 , 29.74 , 30.08 
4 , 28 , 2020 , 31.83 , 29.36 , 31.00 , 30.12 
4 , 29 , 2020 , 32.00 , 30.33 , 31.00 , 31.37 
4 , 30 , 2020 , 31.05 , 29.75 , 30.50 , 30.27 
5 , 1 , 2020 , 29.72 , 28.33 , 29.13 , 28.39 
5 , 4 , 2020 , 28.07 , 26.58 , 27.56 , 27.42 
5 , 5 , 2020 , 28.91 , 27.44 , 28.25 , 28.07 
5 , 6 , 2020 , 28.06 , 26.81 , 27.50 , 27.82 
5 , 7 , 2020 , 31.65 , 29.58 , 29.60 , 30.93 
5 , 8 , 2020 , 33.30 , 31.64 , 32.59 , 32.79 
5 , 11 , 2020 , 32.38 , 31.41 , 31.98 , 31.64 
5 , 12 , 2020 , 34.45 , 30.41 , 31.42 , 32.40 
5 , 13 , 2020 , 33.06 , 30.83 , 32.30 , 33.02 
5 , 14 , 2020 , 33.04 , 31.24 , 32.53 , 32.79 
5 , 15 , 2020 , 32.89 , 31.59 , 32.26 , 32.47 
5 , 18 , 2020 , 36.00 , 32.99 , 33.70 , 33.62 
5 , 19 , 2020 , 34.00 , 32.86 , 33.68 , 33.40 
5 , 20 , 2020 , 34.77 , 33.82 , 34.12 , 34.48 
5 , 21 , 2020 , 35.01 , 33.47 , 34.45 , 34.26 
5 , 22 , 2020 , 34.93 , 33.57 , 34.15 , 34.83 
5 , 26 , 2020 , 36.00 , 34.50 , 35.97 , 34.56 
5 , 27 , 2020 , 35.00 , 33.10 , 34.42 , 34.88 
5 , 28 , 2020 , 35.10 , 33.82 , 34.90 , 34.15 
5 , 29 , 2020 , 36.45 , 34.00 , 34.18 , 36.32 
6 , 1 , 2020 , 36.39 , 35.16 , 35.60 , 35.82 
6 , 2 , 2020 , 36.42 , 35.26 , 36.16 , 35.81 
6 , 3 , 2020 , 37.37 , 36.14 , 36.20 , 36.75 
6 , 4 , 2020 , 37.30 , 36.28 , 36.42 , 36.43 
6 , 5 , 2020 , 38.78 , 36.92 , 37.53 , 37.21 
6 , 8 , 2020 , 37.90 , 36.09 , 37.87 , 37.08 
6 , 9 , 2020 , 37.33 , 36.25 , 36.70 , 36.59 
6 , 10 , 2020 , 36.80 , 34.27 , 36.69 , 34.83 
6 , 11 , 2020 , 33.25 , 30.89 , 32.63 , 31.10 
6 , 12 , 2020 , 32.74 , 31.04 , 32.73 , 32.24 
6 , 15 , 2020 , 32.68 , 31.02 , 31.16 , 32.67 
6 , 16 , 2020 , 34.17 , 32.43 , 34.00 , 33.49 
6 , 17 , 2020 , 33.60 , 33.01 , 33.50 , 33.29 
6 , 18 , 2020 , 33.44 , 32.80 , 33.00 , 33.40 
6 , 19 , 2020 , 34.02 , 32.27 , 33.98 , 32.30 
6 , 22 , 2020 , 32.85 , 31.43 , 32.43 , 32.68 
6 , 23 , 2020 , 33.21 , 32.59 , 32.88 , 33.05 
6 , 24 , 2020 , 32.93 , 30.46 , 32.75 , 30.46 
6 , 25 , 2020 , 30.86 , 29.56 , 30.00 , 30.58 
6 , 26 , 2020 , 30.44 , 29.21 , 30.44 , 29.61 
6 , 29 , 2020 , 29.75 , 28.39 , 29.51 , 29.63 
6 , 30 , 2020 , 31.25 , 30.13 , 30.83 , 31.08 
7 , 1 , 2020 , 31.27 , 30.16 , 30.96 , 30.43 
7 , 2 , 2020 , 31.57 , 30.51 , 31.02 , 30.68 
7 , 6 , 2020 , 33.20 , 31.76 , 33.10 , 32.52 
7 , 7 , 2020 , 33.56 , 32.39 , 32.46 , 32.82 
7 , 8 , 2020 , 33.97 , 32.68 , 33.21 , 33.93 
7 , 9 , 2020 , 34.46 , 32.26 , 34.24 , 33.15 
7 , 10 , 2020 , 33.55 , 32.65 , 33.14 , 33.14 
7 , 13 , 2020 , 33.60 , 31.66 , 33.21 , 31.72 
7 , 14 , 2020 , 31.38 , 30.48 , 31.35 , 30.93 
7 , 15 , 2020 , 32.97 , 31.68 , 32.10 , 32.81 
7 , 16 , 2020 , 32.59 , 31.55 , 32.05 , 32.35 
7 , 17 , 2020 , 32.82 , 31.85 , 32.58 , 32.55 
7 , 20 , 2020 , 33.93 , 32.35 , 32.48 , 33.66 
7 , 21 , 2020 , 34.23 , 32.53 , 34.16 , 32.55 
7 , 22 , 2020 , 32.88 , 32.33 , 32.44 , 32.66 
7 , 23 , 2020 , 33.02 , 31.98 , 32.33 , 32.17 
7 , 24 , 2020 , 31.80 , 30.47 , 31.74 , 31.18 
7 , 27 , 2020 , 31.60 , 30.75 , 31.21 , 30.99 
7 , 28 , 2020 , 31.24 , 30.35 , 30.79 , 30.81 
7 , 29 , 2020 , 31.26 , 30.77 , 30.92 , 31.02 
7 , 30 , 2020 , 30.68 , 29.97 , 30.65 , 30.24 
7 , 31 , 2020 , 30.42 , 29.79 , 30.40 , 30.26 
8 , 3 , 2020 , 31.30 , 30.06 , 30.24 , 31.19 
8 , 4 , 2020 , 32.85 , 31.17 , 31.17 , 32.68 
8 , 5 , 2020 , 33.32 , 32.50 , 33.10 , 33.20 
8 , 6 , 2020 , 34.80 , 33.21 , 33.27 , 34.71 
8 , 7 , 2020 , 33.70 , 32.45 , 33.09 , 32.90 
8 , 10 , 2020 , 33.18 , 31.51 , 33.04 , 32.27 
8 , 11 , 2020 , 32.21 , 30.65 , 31.66 , 31.21 
8 , 12 , 2020 , 32.22 , 30.69 , 31.46 , 30.84 
8 , 13 , 2020 , 31.33 , 30.32 , 30.52 , 30.46 
8 , 14 , 2020 , 30.49 , 29.82 , 30.40 , 29.99 
8 , 17 , 2020 , 30.12 , 29.14 , 30.05 , 29.48 
8 , 18 , 2020 , 30.46 , 29.41 , 29.50 , 30.08 
8 , 19 , 2020 , 30.35 , 29.39 , 30.15 , 29.42 
8 , 20 , 2020 , 31.70 , 28.48 , 29.13 , 31.41 
8 , 21 , 2020 , 31.82 , 30.71 , 31.39 , 30.83 
8 , 24 , 2020 , 31.30 , 30.37 , 30.97 , 31.04 
8 , 25 , 2020 , 31.19 , 30.60 , 31.04 , 31.19 
8 , 26 , 2020 , 32.71 , 30.95 , 31.01 , 32.30 
8 , 27 , 2020 , 33.07 , 32.27 , 32.40 , 32.80 
8 , 28 , 2020 , 33.94 , 32.82 , 33.00 , 33.80 
8 , 31 , 2020 , 33.92 , 33.14 , 33.62 , 33.63 
9 , 1 , 2020 , 34.51 , 33.15 , 33.45 , 34.30 
9 , 2 , 2020 , 34.51 , 33.29 , 34.21 , 34.37 
9 , 3 , 2020 , 34.74 , 32.95 , 34.08 , 33.41 
9 , 4 , 2020 , 33.65 , 31.55 , 33.33 , 33.24 
9 , 8 , 2020 , 35.10 , 32.16 , 32.36 , 34.32 
9 , 9 , 2020 , 35.50 , 34.11 , 34.11 , 35.01 
9 , 10 , 2020 , 36.78 , 35.19 , 35.20 , 35.98 
9 , 11 , 2020 , 37.15 , 36.25 , 36.30 , 36.98 
9 , 14 , 2020 , 38.00 , 37.08 , 37.10 , 37.95 
9 , 15 , 2020 , 38.48 , 37.27 , 37.95 , 37.47 
9 , 16 , 2020 , 38.52 , 37.39 , 37.39 , 37.66 
9 , 17 , 2020 , 37.45 , 36.14 , 36.68 , 37.06 
9 , 18 , 2020 , 37.57 , 36.39 , 37.15 , 37.12 
9 , 21 , 2020 , 36.58 , 35.12 , 35.86 , 36.49 
9 , 22 , 2020 , 36.55 , 34.10 , 36.53 , 34.40 
9 , 23 , 2020 , 34.81 , 33.40 , 34.45 , 33.55 
9 , 24 , 2020 , 34.00 , 32.89 , 33.66 , 33.35 
9 , 25 , 2020 , 34.50 , 33.20 , 33.20 , 34.46 
9 , 28 , 2020 , 36.63 , 35.26 , 35.80 , 35.56 
9 , 29 , 2020 , 35.65 , 34.60 , 35.56 , 35.43 
9 , 30 , 2020 , 36.50 , 35.28 , 35.28 , 36.48 
10 , 1 , 2020 , 37.83 , 36.58 , 36.86 , 37.14 
10 , 2 , 2020 , 37.99 , 35.94 , 36.00 , 37.72 
10 , 5 , 2020 , 38.00 , 36.88 , 37.70 , 37.14 
10 , 6 , 2020 , 37.37 , 36.04 , 37.17 , 36.26 
10 , 7 , 2020 , 37.11 , 36.37 , 36.59 , 36.78 
10 , 8 , 2020 , 37.83 , 36.96 , 37.00 , 37.34 
10 , 9 , 2020 , 38.35 , 37.19 , 37.91 , 37.27 
10 , 12 , 2020 , 37.56 , 36.18 , 37.56 , 36.26 
10 , 13 , 2020 , 36.23 , 35.02 , 36.22 , 35.56 
10 , 14 , 2020 , 36.09 , 35.08 , 35.69 , 35.11 
10 , 15 , 2020 , 34.81 , 34.02 , 34.68 , 34.26 
10 , 16 , 2020 , 34.80 , 33.61 , 34.78 , 33.72 
10 , 19 , 2020 , 34.59 , 34.00 , 34.16 , 34.22 
10 , 20 , 2020 , 36.76 , 34.53 , 34.53 , 36.31 
10 , 21 , 2020 , 36.25 , 34.88 , 36.25 , 35.20 
10 , 22 , 2020 , 36.89 , 34.91 , 35.42 , 36.70 
10 , 23 , 2020 , 36.99 , 35.92 , 36.50 , 36.75 
10 , 26 , 2020 , 36.74 , 35.12 , 36.50 , 35.49 
10 , 27 , 2020 , 35.70 , 34.02 , 35.51 , 34.16 
10 , 28 , 2020 , 33.66 , 32.90 , 33.62 , 33.65 
10 , 29 , 2020 , 34.94 , 33.33 , 33.71 , 34.06 
10 , 30 , 2020 , 34.39 , 33.16 , 33.91 , 33.41 
11 , 2 , 2020 , 35.05 , 34.06 , 34.15 , 34.81 
11 , 3 , 2020 , 36.15 , 35.15 , 35.27 , 35.77 
11 , 4 , 2020 , 42.15 , 39.00 , 40.66 , 40.99 
11 , 5 , 2020 , 42.05 , 40.01 , 40.33 , 41.96 
11 , 6 , 2020 , 45.38 , 41.62 , 42.09 , 44.87 
11 , 9 , 2020 , 49.62 , 47.30 , 48.01 , 48.18 
11 , 10 , 2020 , 49.36 , 46.05 , 46.74 , 47.00 
11 , 11 , 2020 , 47.52 , 45.91 , 46.72 , 46.23 
11 , 12 , 2020 , 47.47 , 45.05 , 45.39 , 46.40 
11 , 13 , 2020 , 47.79 , 45.93 , 47.11 , 47.61 
11 , 16 , 2020 , 50.09 , 48.48 , 48.74 , 49.21 
11 , 17 , 2020 , 49.62 , 48.50 , 48.72 , 48.89 
11 , 18 , 2020 , 49.95 , 48.33 , 48.77 , 49.11 
11 , 19 , 2020 , 49.91 , 48.65 , 49.10 , 49.26 
11 , 20 , 2020 , 50.75 , 48.27 , 49.98 , 48.43 
11 , 23 , 2020 , 50.88 , 48.51 , 48.66 , 50.04 
11 , 24 , 2020 , 52.15 , 50.48 , 50.62 , 51.26 
11 , 25 , 2020 , 51.45 , 49.92 , 51.45 , 50.80 
11 , 27 , 2020 , 51.19 , 50.20 , 50.93 , 50.72 
11 , 30 , 2020 , 51.01 , 48.53 , 50.22 , 49.66 
12 , 1 , 2020 , 51.41 , 49.07 , 50.00 , 49.63 
12 , 2 , 2020 , 53.45 , 48.53 , 49.26 , 53.09 
12 , 3 , 2020 , 53.49 , 52.12 , 53.30 , 52.52 
12 , 4 , 2020 , 54.86 , 52.71 , 52.71 , 54.86 
12 , 7 , 2020 , 54.87 , 53.65 , 54.59 , 53.80 
12 , 8 , 2020 , 54.22 , 52.35 , 52.40 , 53.01 
12 , 9 , 2020 , 56.02 , 53.06 , 53.98 , 53.79 
12 , 10 , 2020 , 54.62 , 51.30 , 52.33 , 54.35 
12 , 11 , 2020 , 55.03 , 52.33 , 54.47 , 52.63 
12 , 14 , 2020 , 53.44 , 51.24 , 53.27 , 51.46 
12 , 15 , 2020 , 52.83 , 50.87 , 52.12 , 51.00 
12 , 16 , 2020 , 51.68 , 50.29 , 51.18 , 50.49 
12 , 17 , 2020 , 51.30 , 50.17 , 50.59 , 50.63 
12 , 18 , 2020 , 50.95 , 49.52 , 50.81 , 50.62 
12 , 21 , 2020 , 52.35 , 48.79 , 49.00 , 51.80 
12 , 22 , 2020 , 54.36 , 51.92 , 52.11 , 53.78 
12 , 23 , 2020 , 54.09 , 52.99 , 53.80 , 53.71 
12 , 24 , 2020 , 53.63 , 52.29 , 53.60 , 52.88 
12 , 28 , 2020 , 53.13 , 51.56 , 53.02 , 51.97 
12 , 29 , 2020 , 52.99 , 51.47 , 52.33 , 52.27 
12 , 30 , 2020 , 53.85 , 52.22 , 52.72 , 53.15 
12 , 31 , 2020 , 53.28 , 51.00 , 53.28 , 51.00 
1 , 4 , 2021 , 52.32 , 49.64 , 52.22 , 51.14 
1 , 5 , 2021 , 54.19 , 50.76 , 51.00 , 54.01 
1 , 6 , 2021 , 54.07 , 52.00 , 53.31 , 52.48 
1 , 7 , 2021 , 56.25 , 53.20 , 53.37 , 56.13 
1 , 8 , 2021 , 54.79 , 52.58 , 54.40 , 53.28 
1 , 11 , 2021 , 55.00 , 52.99 , 53.11 , 54.59 
1 , 12 , 2021 , 59.39 , 55.00 , 55.50 , 58.54 
1 , 13 , 2021 , 59.88 , 57.53 , 58.54 , 59.40 
1 , 14 , 2021 , 60.03 , 56.70 , 60.00 , 56.91 
1 , 15 , 2021 , 57.90 , 55.00 , 57.49 , 55.52 
1 , 19 , 2021 , 56.84 , 55.00 , 56.39 , 56.30 
1 , 20 , 2021 , 57.98 , 55.47 , 57.00 , 56.38 
1 , 21 , 2021 , 57.00 , 55.31 , 56.57 , 55.79 
1 , 22 , 2021 , 55.47 , 54.01 , 55.25 , 54.31 
1 , 25 , 2021 , 54.52 , 49.65 , 54.50 , 54.29 
1 , 26 , 2021 , 55.52 , 51.53 , 54.62 , 51.92 
1 , 27 , 2021 , 50.86 , 47.15 , 49.97 , 48.11 
1 , 28 , 2021 , 52.52 , 49.88 , 50.12 , 51.58 
1 , 29 , 2021 , 51.49 , 49.64 , 50.63 , 50.93 
2 , 1 , 2021 , 52.90 , 51.35 , 52.12 , 52.76 
2 , 2 , 2021 , 58.03 , 54.89 , 55.11 , 56.46 
2 , 3 , 2021 , 58.13 , 56.74 , 57.87 , 57.12 
2 , 4 , 2021 , 57.85 , 56.11 , 56.45 , 57.85 
2 , 5 , 2021 , 58.71 , 57.37 , 58.16 , 58.58 
2 , 8 , 2021 , 60.11 , 58.69 , 59.70 , 59.29 
2 , 9 , 2021 , 61.06 , 58.62 , 58.91 , 59.61 
2 , 10 , 2021 , 63.50 , 60.80 , 62.00 , 63.18 
2 , 11 , 2021 , 64.05 , 60.40 , 63.25 , 60.71 
2 , 12 , 2021 , 60.93 , 59.32 , 60.12 , 60.63 
2 , 16 , 2021 , 61.31 , 59.84 , 61.02 , 60.52 
2 , 17 , 2021 , 60.95 , 58.95 , 60.33 , 60.81 
2 , 18 , 2021 , 60.29 , 58.23 , 60.00 , 59.00 
2 , 19 , 2021 , 60.46 , 58.11 , 58.36 , 58.39 
2 , 22 , 2021 , 58.10 , 54.82 , 57.76 , 55.31 
2 , 23 , 2021 , 56.37 , 51.89 , 53.50 , 56.00 
2 , 24 , 2021 , 55.15 , 53.66 , 54.95 , 53.91 
2 , 25 , 2021 , 54.60 , 50.86 , 54.58 , 51.45 
2 , 26 , 2021 , 52.75 , 50.61 , 52.07 , 51.75 
3 , 1 , 2021 , 54.76 , 53.30 , 53.67 , 54.40 
3 , 2 , 2021 , 55.62 , 54.19 , 55.54 , 54.65 
3 , 3 , 2021 , 57.80 , 54.65 , 55.93 , 56.11 
3 , 4 , 2021 , 57.16 , 51.61 , 55.75 , 53.07 
3 , 5 , 2021 , 55.83 , 50.81 , 54.28 , 55.54 
3 , 8 , 2021 , 56.45 , 52.89 , 55.50 , 53.20 
3 , 9 , 2021 , 56.15 , 54.72 , 56.00 , 55.25 
3 , 10 , 2021 , 58.90 , 56.27 , 57.21 , 57.68 
3 , 11 , 2021 , 59.48 , 58.22 , 58.80 , 58.95 
3 , 12 , 2021 , 60.59 , 57.62 , 58.97 , 60.35 
3 , 15 , 2021 , 60.53 , 59.12 , 60.35 , 60.19 
3 , 16 , 2021 , 61.02 , 58.38 , 59.99 , 58.85 
3 , 17 , 2021 , 57.57 , 55.54 , 57.07 , 56.36 
3 , 18 , 2021 , 57.48 , 55.21 , 56.63 , 55.69 
3 , 19 , 2021 , 57.18 , 54.34 , 55.48 , 57.08 
3 , 22 , 2021 , 57.61 , 55.47 , 57.25 , 55.69 
3 , 23 , 2021 , 55.63 , 53.11 , 55.63 , 53.49 
3 , 24 , 2021 , 54.96 , 52.54 , 54.46 , 52.57 
3 , 25 , 2021 , 54.28 , 51.80 , 52.00 , 53.89 
3 , 26 , 2021 , 55.25 , 53.52 , 54.41 , 54.71 
3 , 29 , 2021 , 54.80 , 52.85 , 54.80 , 53.35 
3 , 30 , 2021 , 54.12 , 52.64 , 52.99 , 53.46 
3 , 31 , 2021 , 55.18 , 53.58 , 53.96 , 54.51 
4 , 1 , 2021 , 57.63 , 54.81 , 55.61 , 57.60 
4 , 5 , 2021 , 58.42 , 56.64 , 58.10 , 57.40 
4 , 6 , 2021 , 58.99 , 57.16 , 57.34 , 58.05 
4 , 7 , 2021 , 58.13 , 55.95 , 58.02 , 56.89 
4 , 8 , 2021 , 57.94 , 56.54 , 56.65 , 57.83 
4 , 9 , 2021 , 57.88 , 56.40 , 57.32 , 57.68 
4 , 12 , 2021 , 60.77 , 58.75 , 59.05 , 59.44 
4 , 13 , 2021 , 61.01 , 58.53 , 59.65 , 60.64 
4 , 14 , 2021 , 61.50 , 59.18 , 60.11 , 59.23 
4 , 15 , 2021 , 61.09 , 59.55 , 59.88 , 60.74 
4 , 16 , 2021 , 60.85 , 59.54 , 60.74 , 60.35 
4 , 19 , 2021 , 60.22 , 57.52 , 60.00 , 57.85 
4 , 20 , 2021 , 58.12 , 55.24 , 58.00 , 55.48 
4 , 21 , 2021 , 56.20 , 54.61 , 55.00 , 55.77 
4 , 22 , 2021 , 57.22 , 55.19 , 55.85 , 56.28 
4 , 23 , 2021 , 57.95 , 56.39 , 56.56 , 57.93 
4 , 26 , 2021 , 58.36 , 57.33 , 58.05 , 57.61 
4 , 27 , 2021 , 58.40 , 57.05 , 58.32 , 57.16 
4 , 28 , 2021 , 58.48 , 56.66 , 56.88 , 58.44 
4 , 29 , 2021 , 59.22 , 53.11 , 59.00 , 54.93 
4 , 30 , 2021 , 55.65 , 54.11 , 54.30 , 54.77 
5 , 3 , 2021 , 56.13 , 54.84 , 55.12 , 54.85 
5 , 4 , 2021 , 54.72 , 52.01 , 54.52 , 52.99 
5 , 5 , 2021 , 53.87 , 50.63 , 53.87 , 51.18 
5 , 6 , 2021 , 49.81 , 45.72 , 48.39 , 46.65 
5 , 7 , 2021 , 48.60 , 46.53 , 47.22 , 47.03 
5 , 10 , 2021 , 47.85 , 45.60 , 47.71 , 45.79 
5 , 11 , 2021 , 46.79 , 44.18 , 44.50 , 46.21 
5 , 12 , 2021 , 46.11 , 43.17 , 45.90 , 43.81 
5 , 13 , 2021 , 46.10 , 43.56 , 44.99 , 44.48 
5 , 14 , 2021 , 47.71 , 44.85 , 45.03 , 47.42 
5 , 17 , 2021 , 47.94 , 46.51 , 47.24 , 47.51 
5 , 18 , 2021 , 50.29 , 48.53 , 49.67 , 49.17 
5 , 19 , 2021 , 49.83 , 47.37 , 47.63 , 49.47 
5 , 20 , 2021 , 49.95 , 48.76 , 49.57 , 49.33 
5 , 21 , 2021 , 49.95 , 48.76 , 49.57 , 48.82 
5 , 24 , 2021 , 50.40 , 48.85 , 49.33 , 50.03 
5 , 25 , 2021 , 51.59 , 50.44 , 50.74 , 50.46 
5 , 26 , 2021 , 51.36 , 49.76 , 50.32 , 51.12 
5 , 27 , 2021 , 51.69 , 48.72 , 51.44 , 50.71 
5 , 28 , 2021 , 51.74 , 50.47 , 50.68 , 50.83 
6 , 1 , 2021 , 51.66 , 49.84 , 51.62 , 50.98 
6 , 2 , 2021 , 51.41 , 50.55 , 51.19 , 50.79 
6 , 3 , 2021 , 50.50 , 48.53 , 50.43 , 48.70 
6 , 4 , 2021 , 50.22 , 49.07 , 49.56 , 50.18 
6 , 7 , 2021 , 51.22 , 49.75 , 50.49 , 50.76 
6 , 8 , 2021 , 51.40 , 48.66 , 50.70 , 49.88 
6 , 9 , 2021 , 50.17 , 49.11 , 50.00 , 49.14 
6 , 10 , 2021 , 49.90 , 48.43 , 49.69 , 49.55 
6 , 11 , 2021 , 50.36 , 49.54 , 50.03 , 50.01 
6 , 14 , 2021 , 51.49 , 49.56 , 50.06 , 50.77 
6 , 15 , 2021 , 49.96 , 49.09 , 49.55 , 49.30 
6 , 16 , 2021 , 49.66 , 48.29 , 49.35 , 48.89 
6 , 17 , 2021 , 49.84 , 48.31 , 48.96 , 49.70 
6 , 18 , 2021 , 50.39 , 48.78 , 49.31 , 49.70 
6 , 21 , 2021 , 49.86 , 47.90 , 49.72 , 48.12 
6 , 22 , 2021 , 49.34 , 47.75 , 48.30 , 49.05 
6 , 23 , 2021 , 50.77 , 49.01 , 49.06 , 50.51 
6 , 24 , 2021 , 51.55 , 50.22 , 51.30 , 50.82 
6 , 25 , 2021 , 51.83 , 50.53 , 51.18 , 51.73 
6 , 28 , 2021 , 52.36 , 50.37 , 51.75 , 51.11 
6 , 29 , 2021 , 51.30 , 50.24 , 51.00 , 50.76 
6 , 30 , 2021 , 51.13 , 49.71 , 51.11 , 50.12 
7 , 1 , 2021 , 51.60 , 50.02 , 50.88 , 50.59 
7 , 2 , 2021 , 51.83 , 50.39 , 50.57 , 51.71 
7 , 6 , 2021 , 52.03 , 50.40 , 50.60 , 50.80 
7 , 7 , 2021 , 51.03 , 48.54 , 50.80 , 48.68 
7 , 8 , 2021 , 48.21 , 46.57 , 47.16 , 47.55 
7 , 9 , 2021 , 49.25 , 47.71 , 47.84 , 49.07 
7 , 12 , 2021 , 49.29 , 48.09 , 48.87 , 48.41 
7 , 13 , 2021 , 48.59 , 47.75 , 48.49 , 48.08 
7 , 14 , 2021 , 48.59 , 47.11 , 48.28 , 47.15 
7 , 15 , 2021 , 47.46 , 46.15 , 46.86 , 46.42 
7 , 16 , 2021 , 47.09 , 46.01 , 46.40 , 46.19 
7 , 19 , 2021 , 45.75 , 44.44 , 45.00 , 45.56 
7 , 20 , 2021 , 46.66 , 45.07 , 45.46 , 46.32 
7 , 21 , 2021 , 47.94 , 46.35 , 46.53 , 47.52 
7 , 22 , 2021 , 48.17 , 47.24 , 47.70 , 47.57 
7 , 23 , 2021 , 47.69 , 46.78 , 47.61 , 47.46 
7 , 26 , 2021 , 47.60 , 46.37 , 47.04 , 46.81 
7 , 27 , 2021 , 46.66 , 44.77 , 46.54 , 45.82 
7 , 28 , 2021 , 46.96 , 45.81 , 45.88 , 46.14 
7 , 29 , 2021 , 45.21 , 44.00 , 44.12 , 44.69 
7 , 30 , 2021 , 44.73 , 43.34 , 44.38 , 43.46 
8 , 2 , 2021 , 44.29 , 43.45 , 44.10 , 43.49 
8 , 3 , 2021 , 43.68 , 41.62 , 43.56 , 42.79 
8 , 4 , 2021 , 42.82 , 41.37 , 42.70 , 41.81 
8 , 5 , 2021 , 44.65 , 40.15 , 40.50 , 43.07 
8 , 6 , 2021 , 44.94 , 43.65 , 43.74 , 44.28 
8 , 9 , 2021 , 44.27 , 43.21 , 44.19 , 43.25 
8 , 10 , 2021 , 44.24 , 43.25 , 43.70 , 43.50 
8 , 11 , 2021 , 43.50 , 42.00 , 43.41 , 43.08 
8 , 12 , 2021 , 42.97 , 42.18 , 42.86 , 42.73 
8 , 13 , 2021 , 43.03 , 42.20 , 42.80 , 42.22 
8 , 16 , 2021 , 41.79 , 40.86 , 41.76 , 41.50 
8 , 17 , 2021 , 41.48 , 40.58 , 41.00 , 41.00 
8 , 18 , 2021 , 41.53 , 40.80 , 40.97 , 40.88 
8 , 19 , 2021 , 40.60 , 39.51 , 40.28 , 39.86 
8 , 20 , 2021 , 40.08 , 39.24 , 39.69 , 39.95 
8 , 23 , 2021 , 41.08 , 38.84 , 39.00 , 41.00 
8 , 24 , 2021 , 41.21 , 39.97 , 41.10 , 40.17 
8 , 25 , 2021 , 42.11 , 40.04 , 40.71 , 41.55 
8 , 26 , 2021 , 41.94 , 40.54 , 41.49 , 40.62 
8 , 27 , 2021 , 41.31 , 40.50 , 40.53 , 40.69 
8 , 30 , 2021 , 40.74 , 39.11 , 40.58 , 39.59 
8 , 31 , 2021 , 40.28 , 39.13 , 39.81 , 39.14 
9 , 1 , 2021 , 41.67 , 39.87 , 39.98 , 40.62 
9 , 2 , 2021 , 41.86 , 40.54 , 40.75 , 41.40 
9 , 3 , 2021 , 41.58 , 40.23 , 41.22 , 40.32 
9 , 7 , 2021 , 41.08 , 40.31 , 40.49 , 40.95 
9 , 8 , 2021 , 41.34 , 39.83 , 40.85 , 40.07 
9 , 9 , 2021 , 40.95 , 39.84 , 40.10 , 40.35 
9 , 10 , 2021 , 40.83 , 39.87 , 40.62 , 39.89 
9 , 13 , 2021 , 41.19 , 39.26 , 40.26 , 40.07 
9 , 14 , 2021 , 40.10 , 38.55 , 39.90 , 39.01 
9 , 15 , 2021 , 39.00 , 38.08 , 39.00 , 38.48 
9 , 16 , 2021 , 39.67 , 38.09 , 38.30 , 39.52 
9 , 17 , 2021 , 40.23 , 39.29 , 39.90 , 39.75 
9 , 20 , 2021 , 40.22 , 38.73 , 38.88 , 39.79 
9 , 21 , 2021 , 45.00 , 42.18 , 42.34 , 44.36 
9 , 22 , 2021 , 46.62 , 44.61 , 44.90 , 44.87 
9 , 23 , 2021 , 45.84 , 44.71 , 45.35 , 45.48 
9 , 24 , 2021 , 47.05 , 45.29 , 45.46 , 46.63 
9 , 27 , 2021 , 47.43 , 46.19 , 46.77 , 47.25 
9 , 28 , 2021 , 47.00 , 45.76 , 46.70 , 45.98 
9 , 29 , 2021 , 46.53 , 44.30 , 46.00 , 44.52 
9 , 30 , 2021 , 45.37 , 43.86 , 44.71 , 44.80 
10 , 1 , 2021 , 47.25 , 45.79 , 45.92 , 47.05 
10 , 4 , 2021 , 46.83 , 45.20 , 46.47 , 45.72 
10 , 5 , 2021 , 46.08 , 45.35 , 45.91 , 45.61 
10 , 6 , 2021 , 47.18 , 45.00 , 45.33 , 47.01 
10 , 7 , 2021 , 48.24 , 46.89 , 47.64 , 47.91 
10 , 8 , 2021 , 48.88 , 47.61 , 48.08 , 47.77 
10 , 11 , 2021 , 47.87 , 46.28 , 47.70 , 46.29 
10 , 12 , 2021 , 47.05 , 46.16 , 46.33 , 46.72 
10 , 13 , 2021 , 47.00 , 45.94 , 46.26 , 46.41 
10 , 14 , 2021 , 47.94 , 46.84 , 46.98 , 47.28 
10 , 15 , 2021 , 48.84 , 47.34 , 47.91 , 48.36 
10 , 18 , 2021 , 47.95 , 46.75 , 47.68 , 47.07 
10 , 19 , 2021 , 47.69 , 46.74 , 47.20 , 47.05 
10 , 20 , 2021 , 47.54 , 45.93 , 47.15 , 46.00 
10 , 21 , 2021 , 47.54 , 45.52 , 45.90 , 46.47 
10 , 22 , 2021 , 46.50 , 45.23 , 46.00 , 45.51 
10 , 25 , 2021 , 46.07 , 45.02 , 45.67 , 45.72 
10 , 26 , 2021 , 47.69 , 45.86 , 46.28 , 46.02 
10 , 27 , 2021 , 46.55 , 44.17 , 46.47 , 44.73 
10 , 28 , 2021 , 45.41 , 44.38 , 45.00 , 44.62 
10 , 29 , 2021 , 44.80 , 43.57 , 44.49 , 43.82 
11 , 1 , 2021 , 45.03 , 43.65 , 44.07 , 44.36 
11 , 2 , 2021 , 44.35 , 42.33 , 44.34 , 42.89 
11 , 3 , 2021 , 46.26 , 44.71 , 45.33 , 45.72 
11 , 4 , 2021 , 46.53 , 44.99 , 45.54 , 45.27 
11 , 5 , 2021 , 48.74 , 46.61 , 47.50 , 47.19 
11 , 8 , 2021 , 47.65 , 45.82 , 47.08 , 45.89 
11 , 9 , 2021 , 45.98 , 43.68 , 45.91 , 45.51 
11 , 10 , 2021 , 45.25 , 42.60 , 44.90 , 43.38 
11 , 11 , 2021 , 43.72 , 42.44 , 43.32 , 43.28 
11 , 12 , 2021 , 45.13 , 43.57 , 43.57 , 45.12 
11 , 15 , 2021 , 45.26 , 43.56 , 45.11 , 43.61 
11 , 16 , 2021 , 46.66 , 44.86 , 45.54 , 45.76 
11 , 17 , 2021 , 45.64 , 43.90 , 45.36 , 44.11 
11 , 18 , 2021 , 45.33 , 43.58 , 44.53 , 45.00 
11 , 19 , 2021 , 44.72 , 43.50 , 43.93 , 44.23 
11 , 22 , 2021 , 44.40 , 41.81 , 43.96 , 42.60 
11 , 23 , 2021 , 43.14 , 41.60 , 42.38 , 42.68 
11 , 24 , 2021 , 42.37 , 41.24 , 42.00 , 42.08 
11 , 26 , 2021 , 40.62 , 38.77 , 39.61 , 40.52 
11 , 29 , 2021 , 41.25 , 38.78 , 41.06 , 39.70 
11 , 30 , 2021 , 39.95 , 37.04 , 39.25 , 38.00 
12 , 1 , 2021 , 39.50 , 35.80 , 39.45 , 36.02 
12 , 2 , 2021 , 38.40 , 36.45 , 36.55 , 38.12 
12 , 3 , 2021 , 37.84 , 35.26 , 37.42 , 35.85 
12 , 6 , 2021 , 38.69 , 35.44 , 35.95 , 38.49 
12 , 7 , 2021 , 40.22 , 37.76 , 39.40 , 38.08 
12 , 8 , 2021 , 39.41 , 38.01 , 38.30 , 38.81 
12 , 9 , 2021 , 38.70 , 37.48 , 38.44 , 37.54 
12 , 10 , 2021 , 37.87 , 36.61 , 37.41 , 36.67 
12 , 13 , 2021 , 36.31 , 34.88 , 36.18 , 35.73 
12 , 14 , 2021 , 38.45 , 35.21 , 35.25 , 37.26 
12 , 15 , 2021 , 38.38 , 36.24 , 36.91 , 37.83 
12 , 16 , 2021 , 38.58 , 37.13 , 38.25 , 37.70 
12 , 17 , 2021 , 40.00 , 36.74 , 37.20 , 39.68 
12 , 20 , 2021 , 40.15 , 38.08 , 38.45 , 39.70 
12 , 21 , 2021 , 42.08 , 39.82 , 39.82 , 41.97 
12 , 22 , 2021 , 43.23 , 41.45 , 41.95 , 43.02 
12 , 23 , 2021 , 44.35 , 42.76 , 43.03 , 43.91 
12 , 27 , 2021 , 44.24 , 42.82 , 43.44 , 42.96 
12 , 28 , 2021 , 43.74 , 42.30 , 42.60 , 42.54 
12 , 29 , 2021 , 42.93 , 41.82 , 42.72 , 42.46 
12 , 30 , 2021 , 43.34 , 42.20 , 42.29 , 42.66 
12 , 31 , 2021 , 43.12 , 41.93 , 42.53 , 41.93 
1 , 3 , 2022 , 44.41 , 41.89 , 42.48 , 43.95 
1 , 4 , 2022 , 44.80 , 42.58 , 44.23 , 44.42 
1 , 5 , 2022 , 45.90 , 42.86 , 44.29 , 43.24 
1 , 6 , 2022 , 44.08 , 40.97 , 43.11 , 42.03 
1 , 7 , 2022 , 42.65 , 41.20 , 42.00 , 41.51 
1 , 10 , 2022 , 42.81 , 40.16 , 41.48 , 42.60 
1 , 11 , 2022 , 44.17 , 42.19 , 42.36 , 43.62 
1 , 12 , 2022 , 44.10 , 42.54 , 43.99 , 43.04 
1 , 13 , 2022 , 43.92 , 42.73 , 43.34 , 42.87 
1 , 14 , 2022 , 42.72 , 40.36 , 42.40 , 41.51 
1 , 18 , 2022 , 40.96 , 38.37 , 40.96 , 38.41 
1 , 19 , 2022 , 38.89 , 37.12 , 38.21 , 37.86 
1 , 20 , 2022 , 39.64 , 37.75 , 38.29 , 37.82 
1 , 21 , 2022 , 37.60 , 35.85 , 37.41 , 35.94 
1 , 24 , 2022 , 36.42 , 33.51 , 34.91 , 36.28 
1 , 25 , 2022 , 36.09 , 34.52 , 35.47 , 34.82 
1 , 26 , 2022 , 36.68 , 34.45 , 36.07 , 34.80 
1 , 27 , 2022 , 35.79 , 33.94 , 35.37 , 34.09 
1 , 28 , 2022 , 35.22 , 32.81 , 34.17 , 35.21 
1 , 31 , 2022 , 37.54 , 35.30 , 35.34 , 37.40 
2 , 1 , 2022 , 38.71 , 37.20 , 37.63 , 38.61 
2 , 2 , 2022 , 38.62 , 37.03 , 38.53 , 37.17 
2 , 3 , 2022 , 36.74 , 34.30 , 36.08 , 34.54 
2 , 4 , 2022 , 37.36 , 34.36 , 35.00 , 37.05 
2 , 7 , 2022 , 39.05 , 36.99 , 36.99 , 37.54 
2 , 8 , 2022 , 38.57 , 36.95 , 37.25 , 38.34 
2 , 9 , 2022 , 40.40 , 38.16 , 38.81 , 40.19 
2 , 10 , 2022 , 42.56 , 37.35 , 41.00 , 37.75 
2 , 11 , 2022 , 38.65 , 34.48 , 37.96 , 35.29 
2 , 14 , 2022 , 35.99 , 34.32 , 35.20 , 34.59 
2 , 15 , 2022 , 37.21 , 35.11 , 35.44 , 37.09 
2 , 16 , 2022 , 37.39 , 36.27 , 36.63 , 36.58 
2 , 17 , 2022 , 37.43 , 35.41 , 36.25 , 35.71 
2 , 18 , 2022 , 36.33 , 34.67 , 35.52 , 34.68 
2 , 22 , 2022 , 35.10 , 33.28 , 34.21 , 33.68 
2 , 23 , 2022 , 34.21 , 32.30 , 33.89 , 32.39 
2 , 24 , 2022 , 34.95 , 29.71 , 29.97 , 34.87 
2 , 25 , 2022 , 35.27 , 34.01 , 34.84 , 34.98 
2 , 28 , 2022 , 36.31 , 34.98 , 35.26 , 36.03 
3 , 1 , 2022 , 35.60 , 33.65 , 35.45 , 33.89 
3 , 2 , 2022 , 34.22 , 32.97 , 34.00 , 34.04 
3 , 3 , 2022 , 34.29 , 31.42 , 34.22 , 31.72 
3 , 4 , 2022 , 31.73 , 29.27 , 31.50 , 29.83 
3 , 7 , 2022 , 31.94 , 28.55 , 31.48 , 28.57 
3 , 8 , 2022 , 31.57 , 28.28 , 28.51 , 30.74 
3 , 9 , 2022 , 32.73 , 31.20 , 31.75 , 31.50 
3 , 10 , 2022 , 31.15 , 29.84 , 30.86 , 30.41 
3 , 11 , 2022 , 31.39 , 30.42 , 31.30 , 30.76 
3 , 14 , 2022 , 30.55 , 28.80 , 30.51 , 29.27 
3 , 15 , 2022 , 30.41 , 29.06 , 29.52 , 29.80 
3 , 16 , 2022 , 32.63 , 30.27 , 30.53 , 32.61 
3 , 17 , 2022 , 32.92 , 31.57 , 32.34 , 32.85 
3 , 18 , 2022 , 33.42 , 32.33 , 32.52 , 33.36 
3 , 21 , 2022 , 32.82 , 31.25 , 32.82 , 31.98 
3 , 22 , 2022 , 33.60 , 31.84 , 31.93 , 33.35 
3 , 23 , 2022 , 33.68 , 32.57 , 32.71 , 33.06 
3 , 24 , 2022 , 34.95 , 33.44 , 34.74 , 34.70 
3 , 25 , 2022 , 34.92 , 33.55 , 34.55 , 34.06 
3 , 28 , 2022 , 34.91 , 33.73 , 34.14 , 34.77 
3 , 29 , 2022 , 37.45 , 35.57 , 35.57 , 37.19 
3 , 30 , 2022 , 37.09 , 36.21 , 36.66 , 36.58 
3 , 31 , 2022 , 36.73 , 35.37 , 36.50 , 35.68 
4 , 1 , 2022 , 36.48 , 35.40 , 35.68 , 35.98 
4 , 4 , 2022 , 36.93 , 36.22 , 36.40 , 36.51 
4 , 5 , 2022 , 36.61 , 34.72 , 36.35 , 34.96 
4 , 6 , 2022 , 34.00 , 32.55 , 33.86 , 33.41 
4 , 7 , 2022 , 33.34 , 31.02 , 33.34 , 32.27 
4 , 8 , 2022 , 32.55 , 31.58 , 31.92 , 32.05 
4 , 11 , 2022 , 32.69 , 31.11 , 31.36 , 32.04 
4 , 12 , 2022 , 33.10 , 31.71 , 32.40 , 31.99 
4 , 13 , 2022 , 33.11 , 31.93 , 32.00 , 32.63 
4 , 14 , 2022 , 33.47 , 32.64 , 32.86 , 32.68 
4 , 18 , 2022 , 32.61 , 31.42 , 32.55 , 31.79 
4 , 19 , 2022 , 33.99 , 31.97 , 32.16 , 33.80 
4 , 20 , 2022 , 34.32 , 33.18 , 33.99 , 33.21 
4 , 21 , 2022 , 34.41 , 31.37 , 34.25 , 31.68 
4 , 22 , 2022 , 32.23 , 30.80 , 31.62 , 30.83 
4 , 25 , 2022 , 32.50 , 30.46 , 30.59 , 32.44 
4 , 26 , 2022 , 32.20 , 31.00 , 32.04 , 31.33 
4 , 27 , 2022 , 31.98 , 30.16 , 31.10 , 30.68 
4 , 28 , 2022 , 32.87 , 30.98 , 31.00 , 32.82 
4 , 29 , 2022 , 33.15 , 31.41 , 32.52 , 31.48 
5 , 2 , 2022 , 31.35 , 29.51 , 31.24 , 30.39 
5 , 3 , 2022 , 30.59 , 28.85 , 30.15 , 29.47 
5 , 4 , 2022 , 28.40 , 25.90 , 27.41 , 28.10 
5 , 5 , 2022 , 28.83 , 26.20 , 27.87 , 26.83 
5 , 6 , 2022 , 26.84 , 24.75 , 26.84 , 26.07 
5 , 9 , 2022 , 26.07 , 22.80 , 25.41 , 23.05 
5 , 10 , 2022 , 24.55 , 22.80 , 23.85 , 23.67 
5 , 11 , 2022 , 24.15 , 22.50 , 23.28 , 22.57 
5 , 12 , 2022 , 24.06 , 21.69 , 22.15 , 23.29 
5 , 13 , 2022 , 24.87 , 23.68 , 23.73 , 24.39 
5 , 16 , 2022 , 24.46 , 23.40 , 24.31 , 23.59 
5 , 17 , 2022 , 24.90 , 23.59 , 24.32 , 24.20 
5 , 18 , 2022 , 24.19 , 22.34 , 23.98 , 22.46 
5 , 19 , 2022 , 23.81 , 22.20 , 22.29 , 23.24 
5 , 20 , 2022 , 24.10 , 22.41 , 23.81 , 23.35 
5 , 23 , 2022 , 23.83 , 22.71 , 23.32 , 23.78 
5 , 24 , 2022 , 23.74 , 21.41 , 23.69 , 21.55 
5 , 25 , 2022 , 22.36 , 21.28 , 21.71 , 22.04 
5 , 26 , 2022 , 23.28 , 21.93 , 22.15 , 23.10 
5 , 27 , 2022 , 24.13 , 23.33 , 23.49 , 23.67 
5 , 31 , 2022 , 23.90 , 23.03 , 23.50 , 23.20 
6 , 1 , 2022 , 23.87 , 22.57 , 23.53 , 22.94 
6 , 2 , 2022 , 24.83 , 22.94 , 23.20 , 24.74 
6 , 3 , 2022 , 24.50 , 23.73 , 24.17 , 24.15 
6 , 6 , 2022 , 25.44 , 24.28 , 24.86 , 24.73 
6 , 7 , 2022 , 25.70 , 24.07 , 24.20 , 25.30 
6 , 8 , 2022 , 26.55 , 25.30 , 25.70 , 25.83 
6 , 9 , 2022 , 26.69 , 25.36 , 25.94 , 25.44 
6 , 10 , 2022 , 24.97 , 23.65 , 24.80 , 23.72 
6 , 13 , 2022 , 22.59 , 21.34 , 22.33 , 21.57 
6 , 14 , 2022 , 21.95 , 20.89 , 21.72 , 21.09 
6 , 15 , 2022 , 22.39 , 21.24 , 21.34 , 22.03 
6 , 16 , 2022 , 21.40 , 20.16 , 21.04 , 20.47 
6 , 17 , 2022 , 21.96 , 20.37 , 20.37 , 21.81 
6 , 21 , 2022 , 22.46 , 21.69 , 22.00 , 21.76 
6 , 22 , 2022 , 22.21 , 21.30 , 21.41 , 21.50 
6 , 23 , 2022 , 22.44 , 21.39 , 21.63 , 22.37 
6 , 24 , 2022 , 23.19 , 22.30 , 22.48 , 23.03 
6 , 27 , 2022 , 23.64 , 22.35 , 23.45 , 22.86 
6 , 28 , 2022 , 23.46 , 22.04 , 22.97 , 22.08 
6 , 29 , 2022 , 22.15 , 21.08 , 22.11 , 21.47 
6 , 30 , 2022 , 21.13 , 19.90 , 21.11 , 20.46 
7 , 1 , 2022 , 21.37 , 20.43 , 20.70 , 21.34 
7 , 5 , 2022 , 22.55 , 20.83 , 21.17 , 22.52 
7 , 6 , 2022 , 22.08 , 21.32 , 21.50 , 21.50 
7 , 7 , 2022 , 22.76 , 21.61 , 21.64 , 22.74 
7 , 8 , 2022 , 22.96 , 21.83 , 22.43 , 22.34 
7 , 11 , 2022 , 22.25 , 21.14 , 21.95 , 21.19 
7 , 12 , 2022 , 21.78 , 20.98 , 21.28 , 21.57 
7 , 13 , 2022 , 21.61 , 20.72 , 20.93 , 21.50 
7 , 14 , 2022 , 21.47 , 20.59 , 21.25 , 20.65 
7 , 15 , 2022 , 21.78 , 20.77 , 21.00 , 21.67 
7 , 18 , 2022 , 23.20 , 22.11 , 22.17 , 22.58 
7 , 19 , 2022 , 23.08 , 22.19 , 22.75 , 22.67 
7 , 20 , 2022 , 24.22 , 22.81 , 22.89 , 24.12 
7 , 21 , 2022 , 24.25 , 23.60 , 24.02 , 24.23 
7 , 22 , 2022 , 24.81 , 23.09 , 24.33 , 23.30 
7 , 25 , 2022 , 23.54 , 22.63 , 23.27 , 23.35 
7 , 26 , 2022 , 23.15 , 22.45 , 23.15 , 22.55 
7 , 27 , 2022 , 23.32 , 22.49 , 23.00 , 23.09 
7 , 28 , 2022 , 23.42 , 22.14 , 22.89 , 23.31 
7 , 29 , 2022 , 23.49 , 22.39 , 23.18 , 23.45 
8 , 1 , 2022 , 24.62 , 22.89 , 23.43 , 24.60 
8 , 2 , 2022 , 29.43 , 27.10 , 28.49 , 29.25 
8 , 3 , 2022 , 31.43 , 29.36 , 29.72 , 30.19 
8 , 4 , 2022 , 32.23 , 29.60 , 29.78 , 31.85 
8 , 5 , 2022 , 32.63 , 31.04 , 31.20 , 32.01 
8 , 8 , 2022 , 32.96 , 31.66 , 32.33 , 31.85 
8 , 9 , 2022 , 31.55 , 30.72 , 31.37 , 31.06 
8 , 10 , 2022 , 33.19 , 32.23 , 32.44 , 32.80 
8 , 11 , 2022 , 33.36 , 32.04 , 33.16 , 32.24 
8 , 12 , 2022 , 32.76 , 31.70 , 32.59 , 32.47 
8 , 15 , 2022 , 32.91 , 31.93 , 32.10 , 32.49 
8 , 16 , 2022 , 32.73 , 31.33 , 32.08 , 32.38 
8 , 17 , 2022 , 31.71 , 30.44 , 31.65 , 30.72 
8 , 18 , 2022 , 30.62 , 29.86 , 30.56 , 30.15 
8 , 19 , 2022 , 29.57 , 28.63 , 29.50 , 29.01 
8 , 22 , 2022 , 28.81 , 27.87 , 28.34 , 28.00 
8 , 23 , 2022 , 28.68 , 27.75 , 28.06 , 27.81 
8 , 24 , 2022 , 29.22 , 27.85 , 27.93 , 28.71 
8 , 25 , 2022 , 29.64 , 28.81 , 28.89 , 29.62 
8 , 26 , 2022 , 29.71 , 28.36 , 29.51 , 28.58 
8 , 29 , 2022 , 29.19 , 28.06 , 28.10 , 28.74 
8 , 30 , 2022 , 29.29 , 28.12 , 29.18 , 28.71 
8 , 31 , 2022 , 29.88 , 28.75 , 29.11 , 28.76 
9 , 1 , 2022 , 28.95 , 27.69 , 28.17 , 28.92 
9 , 2 , 2022 , 29.64 , 28.65 , 29.50 , 29.05 
9 , 6 , 2022 , 29.37 , 28.28 , 29.34 , 28.89 
9 , 7 , 2022 , 30.15 , 28.82 , 28.91 , 30.03 
9 , 8 , 2022 , 30.90 , 29.29 , 29.42 , 30.68 
9 , 9 , 2022 , 32.05 , 30.89 , 31.00 , 31.78 
9 , 12 , 2022 , 32.62 , 31.85 , 31.95 , 32.50 
9 , 13 , 2022 , 31.78 , 30.22 , 30.69 , 31.32 
9 , 14 , 2022 , 33.14 , 31.10 , 31.25 , 33.05 
9 , 15 , 2022 , 34.33 , 32.74 , 32.95 , 33.13 
9 , 16 , 2022 , 32.15 , 30.88 , 30.96 , 31.93 
9 , 19 , 2022 , 31.98 , 31.06 , 31.44 , 31.49 
9 , 20 , 2022 , 32.56 , 31.19 , 31.49 , 31.49 
9 , 21 , 2022 , 31.68 , 30.35 , 31.45 , 30.47 
9 , 22 , 2022 , 30.19 , 28.53 , 30.19 , 28.58 
9 , 23 , 2022 , 28.34 , 27.36 , 28.01 , 27.82 
9 , 26 , 2022 , 28.16 , 26.82 , 27.71 , 26.89 
9 , 27 , 2022 , 28.49 , 27.16 , 27.67 , 27.57 
9 , 28 , 2022 , 28.16 , 27.19 , 27.43 , 28.04 
9 , 29 , 2022 , 27.72 , 26.00 , 27.66 , 26.42 
9 , 30 , 2022 , 27.31 , 26.16 , 26.16 , 26.50 
10 , 3 , 2022 , 26.90 , 25.96 , 26.76 , 26.72 
10 , 4 , 2022 , 29.25 , 27.60 , 27.63 , 29.19 
10 , 5 , 2022 , 29.65 , 28.31 , 28.48 , 29.18 
10 , 6 , 2022 , 30.24 , 28.96 , 29.20 , 29.73 
10 , 7 , 2022 , 28.86 , 27.92 , 28.83 , 28.07 
10 , 10 , 2022 , 28.45 , 27.23 , 28.24 , 27.53 
10 , 11 , 2022 , 26.05 , 22.94 , 25.55 , 24.66 
10 , 12 , 2022 , 26.12 , 24.56 , 25.05 , 25.98 
10 , 13 , 2022 , 26.03 , 24.19 , 24.30 , 25.00 
10 , 14 , 2022 , 26.07 , 24.66 , 25.65 , 24.71 
10 , 17 , 2022 , 26.27 , 25.08 , 25.26 , 25.94 
10 , 18 , 2022 , 27.71 , 26.50 , 27.07 , 27.61 
10 , 19 , 2022 , 27.73 , 26.85 , 27.06 , 27.53 
10 , 20 , 2022 , 28.68 , 27.24 , 27.32 , 27.87 
10 , 21 , 2022 , 28.44 , 27.16 , 27.50 , 28.02 
10 , 24 , 2022 , 27.98 , 26.51 , 27.71 , 27.65 
10 , 25 , 2022 , 28.55 , 27.33 , 28.00 , 28.36 
10 , 26 , 2022 , 28.98 , 27.87 , 28.17 , 28.20 
10 , 27 , 2022 , 28.76 , 27.66 , 28.40 , 27.82 
10 , 28 , 2022 , 27.88 , 26.49 , 27.81 , 27.50 
10 , 31 , 2022 , 27.73 , 26.30 , 27.61 , 26.57 
11 , 1 , 2022 , 31.00 , 29.12 , 30.07 , 29.75 
11 , 2 , 2022 , 30.16 , 28.63 , 29.57 , 28.81 
11 , 3 , 2022 , 29.52 , 27.71 , 28.03 , 28.73 
11 , 4 , 2022 , 29.73 , 28.04 , 29.44 , 28.39 
11 , 7 , 2022 , 28.83 , 27.62 , 28.71 , 27.69 
11 , 8 , 2022 , 28.33 , 26.82 , 27.57 , 27.44 
11 , 9 , 2022 , 28.01 , 26.44 , 27.31 , 26.55 
11 , 10 , 2022 , 29.32 , 28.10 , 28.38 , 28.85 
11 , 11 , 2022 , 30.44 , 28.70 , 28.95 , 29.15 
11 , 14 , 2022 , 29.70 , 28.79 , 28.85 , 29.07 
11 , 15 , 2022 , 31.82 , 30.00 , 30.25 , 31.57 
11 , 16 , 2022 , 31.16 , 29.83 , 30.95 , 30.04 
11 , 17 , 2022 , 29.50 , 28.40 , 29.10 , 28.88 
11 , 18 , 2022 , 29.41 , 28.70 , 29.21 , 28.96 
11 , 21 , 2022 , 28.71 , 28.01 , 28.52 , 28.25 
11 , 22 , 2022 , 28.33 , 27.31 , 28.27 , 28.08 
11 , 23 , 2022 , 28.94 , 28.14 , 28.36 , 28.79 
11 , 25 , 2022 , 28.88 , 28.24 , 28.71 , 28.50 
11 , 28 , 2022 , 28.66 , 27.73 , 28.11 , 27.76 
11 , 29 , 2022 , 28.23 , 27.58 , 28.05 , 27.76 
11 , 30 , 2022 , 29.14 , 27.64 , 27.80 , 29.14 
12 , 1 , 2022 , 29.60 , 28.30 , 29.22 , 28.34 
12 , 2 , 2022 , 28.78 , 27.19 , 27.38 , 28.75 
12 , 5 , 2022 , 28.86 , 27.65 , 28.41 , 27.70 
12 , 6 , 2022 , 27.86 , 26.70 , 27.70 , 26.92 
12 , 7 , 2022 , 26.87 , 26.02 , 26.61 , 26.40 
12 , 8 , 2022 , 27.03 , 26.28 , 26.52 , 26.45 
12 , 9 , 2022 , 26.96 , 26.24 , 26.40 , 26.55 
12 , 12 , 2022 , 27.23 , 26.11 , 26.42 , 27.03 
12 , 13 , 2022 , 28.46 , 26.91 , 28.03 , 26.98 
12 , 14 , 2022 , 27.82 , 26.77 , 27.07 , 27.47 
12 , 15 , 2022 , 27.11 , 25.88 , 26.98 , 26.24 
12 , 16 , 2022 , 26.45 , 25.66 , 26.06 , 25.97 
12 , 19 , 2022 , 26.02 , 24.69 , 26.02 , 24.95 
12 , 20 , 2022 , 25.28 , 24.61 , 24.72 , 24.96 
12 , 21 , 2022 , 25.67 , 24.87 , 25.15 , 25.36 
12 , 22 , 2022 , 25.10 , 24.04 , 24.93 , 24.64 
12 , 23 , 2022 , 24.73 , 24.16 , 24.46 , 24.64 
12 , 27 , 2022 , 24.70 , 23.90 , 24.29 , 24.40 
12 , 28 , 2022 , 24.72 , 24.02 , 24.21 , 24.59 
12 , 29 , 2022 , 25.38 , 24.29 , 24.75 , 24.91 
12 , 30 , 2022 , 24.85 , 24.24 , 24.42 , 24.73 
1 , 3 , 2023 , 25.75 , 25.02 , 25.37 , 25.36 
1 , 4 , 2023 , 25.97 , 25.32 , 25.73 , 25.91 
1 , 5 , 2023 , 26.01 , 25.55 , 25.73 , 25.55 
1 , 6 , 2023 , 26.54 , 25.40 , 25.86 , 26.40 
1 , 9 , 2023 , 28.05 , 27.15 , 27.30 , 27.40 
1 , 10 , 2023 , 28.25 , 27.15 , 27.40 , 28.04 
1 , 11 , 2023 , 28.52 , 27.92 , 28.24 , 28.35 
1 , 12 , 2023 , 29.19 , 28.20 , 28.85 , 29.03 
1 , 13 , 2023 , 29.50 , 28.66 , 28.68 , 29.44 
1 , 17 , 2023 , 29.78 , 28.96 , 29.44 , 29.20 
1 , 18 , 2023 , 30.09 , 28.89 , 29.95 , 28.96 
1 , 19 , 2023 , 29.29 , 28.34 , 28.47 , 29.03 
1 , 20 , 2023 , 30.39 , 29.12 , 29.30 , 30.36 
1 , 23 , 2023 , 31.11 , 30.27 , 30.63 , 30.53 
1 , 24 , 2023 , 30.54 , 29.81 , 30.01 , 29.93 
1 , 25 , 2023 , 30.40 , 28.80 , 29.22 , 30.29 
1 , 26 , 2023 , 30.65 , 29.31 , 30.53 , 30.02 
1 , 27 , 2023 , 30.60 , 29.50 , 29.70 , 30.36 
1 , 30 , 2023 , 30.54 , 29.59 , 30.20 , 29.63 
1 , 31 , 2023 , 30.96 , 29.74 , 29.75 , 30.93 
2 , 1 , 2023 , 31.85 , 30.64 , 30.88 , 31.49 
2 , 2 , 2023 , 33.47 , 32.42 , 32.42 , 33.05 
2 , 3 , 2023 , 33.95 , 32.15 , 32.17 , 33.09 
2 , 6 , 2023 , 34.21 , 32.90 , 33.53 , 33.90 
2 , 7 , 2023 , 35.06 , 33.41 , 33.66 , 34.90 
2 , 8 , 2023 , 37.58 , 34.50 , 37.43 , 36.83 
2 , 9 , 2023 , 37.36 , 35.65 , 36.89 , 35.89 
2 , 10 , 2023 , 35.40 , 34.05 , 34.40 , 34.30 
2 , 13 , 2023 , 34.52 , 33.35 , 34.50 , 33.44 
2 , 14 , 2023 , 35.36 , 32.72 , 33.11 , 35.23 
2 , 15 , 2023 , 36.24 , 34.72 , 35.01 , 36.23 
2 , 16 , 2023 , 36.73 , 35.45 , 35.60 , 36.22 
2 , 17 , 2023 , 36.23 , 34.57 , 35.96 , 34.77 
2 , 21 , 2023 , 34.39 , 33.49 , 33.78 , 34.20 
2 , 22 , 2023 , 35.17 , 34.22 , 34.41 , 34.54 
2 , 23 , 2023 , 34.80 , 33.70 , 34.79 , 34.47 
2 , 24 , 2023 , 33.92 , 33.02 , 33.70 , 33.40 
2 , 27 , 2023 , 33.85 , 33.06 , 33.68 , 33.55 
2 , 28 , 2023 , 34.00 , 33.17 , 33.75 , 33.26 
3 , 1 , 2023 , 33.58 , 32.89 , 33.43 , 32.99 
3 , 2 , 2023 , 33.80 , 32.23 , 32.54 , 33.69 
3 , 3 , 2023 , 34.59 , 33.80 , 34.00 , 34.57 
3 , 6 , 2023 , 35.11 , 33.85 , 34.59 , 33.88 
3 , 7 , 2023 , 35.00 , 33.60 , 33.85 , 34.14 
3 , 8 , 2023 , 34.63 , 33.52 , 34.01 , 34.01 
3 , 9 , 2023 , 34.52 , 32.28 , 34.41 , 32.32 
3 , 10 , 2023 , 32.04 , 30.77 , 32.00 , 31.11 
3 , 13 , 2023 , 31.09 , 29.97 , 30.59 , 30.82 
3 , 14 , 2023 , 33.42 , 32.16 , 32.94 , 32.36 
3 , 15 , 2023 , 32.24 , 31.39 , 31.83 , 31.97 
3 , 16 , 2023 , 32.90 , 31.55 , 31.59 , 32.73 
3 , 17 , 2023 , 32.47 , 31.51 , 32.38 , 31.78 
3 , 20 , 2023 , 32.36 , 31.46 , 31.60 , 31.93 
3 , 21 , 2023 , 33.14 , 32.23 , 32.33 , 32.86 
3 , 22 , 2023 , 32.72 , 31.50 , 32.58 , 31.52 
3 , 23 , 2023 , 32.20 , 30.75 , 31.88 , 31.18 
3 , 24 , 2023 , 31.15 , 30.29 , 30.94 , 30.75 
3 , 27 , 2023 , 31.04 , 30.14 , 31.03 , 30.62 
3 , 28 , 2023 , 30.86 , 29.98 , 30.53 , 30.07 
3 , 29 , 2023 , 30.90 , 30.20 , 30.62 , 30.87 
3 , 30 , 2023 , 31.85 , 30.88 , 31.50 , 31.19 
3 , 31 , 2023 , 31.85 , 31.21 , 31.42 , 31.70 
4 , 3 , 2023 , 31.76 , 31.17 , 31.50 , 31.46 
4 , 4 , 2023 , 32.13 , 31.29 , 31.94 , 31.39 
4 , 5 , 2023 , 31.24 , 30.47 , 30.95 , 31.12 
4 , 6 , 2023 , 31.49 , 30.50 , 30.93 , 31.18 
4 , 10 , 2023 , 31.79 , 30.61 , 30.96 , 31.74 
4 , 11 , 2023 , 31.80 , 30.88 , 31.75 , 31.12 
4 , 12 , 2023 , 31.45 , 30.40 , 31.19 , 30.59 
4 , 13 , 2023 , 31.59 , 30.69 , 30.84 , 31.44 
4 , 14 , 2023 , 31.62 , 30.93 , 31.31 , 31.48 
4 , 17 , 2023 , 32.19 , 31.63 , 32.19 , 32.08 
4 , 18 , 2023 , 32.93 , 31.61 , 32.37 , 31.73 
4 , 19 , 2023 , 32.37 , 31.16 , 31.35 , 32.04 
4 , 20 , 2023 , 32.04 , 31.40 , 31.52 , 31.50 
4 , 21 , 2023 , 31.46 , 29.71 , 31.36 , 30.83 
4 , 24 , 2023 , 31.06 , 30.23 , 30.68 , 30.68 
4 , 25 , 2023 , 30.47 , 29.55 , 30.34 , 29.59 
4 , 26 , 2023 , 30.12 , 29.47 , 29.70 , 29.68 
4 , 27 , 2023 , 30.17 , 29.22 , 30.07 , 29.70 
4 , 28 , 2023 , 31.27 , 29.42 , 29.62 , 31.05 
5 , 1 , 2023 , 33.00 , 31.76 , 32.00 , 32.74 
5 , 2 , 2023 , 36.63 , 34.23 , 35.02 , 36.52 
5 , 3 , 2023 , 38.35 , 36.35 , 36.75 , 37.84 
5 , 4 , 2023 , 37.80 , 36.69 , 37.48 , 37.49 
5 , 5 , 2023 , 37.95 , 36.87 , 37.48 , 37.75 
5 , 8 , 2023 , 38.93 , 37.48 , 37.82 , 38.83 
5 , 9 , 2023 , 38.58 , 37.91 , 38.49 , 38.19 
5 , 10 , 2023 , 38.95 , 38.17 , 38.60 , 38.79 
5 , 11 , 2023 , 39.18 , 38.34 , 38.64 , 38.42 
5 , 12 , 2023 , 39.23 , 38.20 , 38.64 , 38.45 
5 , 15 , 2023 , 38.48 , 37.99 , 38.34 , 38.14 
5 , 16 , 2023 , 38.15 , 37.44 , 37.93 , 37.44 
5 , 17 , 2023 , 37.96 , 37.36 , 37.73 , 37.84 
5 , 18 , 2023 , 39.49 , 37.76 , 37.98 , 39.25 
5 , 19 , 2023 , 39.49 , 38.92 , 39.25 , 39.18 
5 , 22 , 2023 , 40.50 , 39.08 , 39.13 , 39.17 
5 , 23 , 2023 , 39.65 , 38.51 , 38.99 , 38.66 
5 , 24 , 2023 , 38.66 , 37.77 , 38.05 , 37.96 
5 , 25 , 2023 , 38.59 , 37.53 , 38.48 , 37.95 
5 , 26 , 2023 , 38.76 , 38.22 , 38.24 , 38.45 
5 , 30 , 2023 , 39.06 , 37.56 , 38.73 , 37.56 
5 , 31 , 2023 , 38.05 , 37.07 , 37.25 , 37.93 
6 , 1 , 2023 , 38.50 , 37.27 , 37.50 , 38.48 
6 , 2 , 2023 , 39.89 , 39.00 , 39.00 , 39.73 
6 , 5 , 2023 , 40.79 , 39.50 , 39.50 , 40.42 
6 , 6 , 2023 , 40.73 , 39.93 , 40.25 , 40.25 
6 , 7 , 2023 , 40.25 , 38.61 , 40.24 , 38.99 
6 , 8 , 2023 , 40.63 , 39.04 , 39.18 , 40.26 
6 , 9 , 2023 , 41.00 , 40.02 , 40.05 , 40.99 
6 , 12 , 2023 , 41.75 , 41.06 , 41.26 , 41.74 
6 , 13 , 2023 , 41.83 , 40.89 , 41.75 , 41.41 
6 , 14 , 2023 , 41.59 , 40.57 , 41.30 , 41.27 
6 , 15 , 2023 , 43.75 , 40.94 , 41.02 , 43.36 
6 , 16 , 2023 , 43.67 , 42.53 , 43.07 , 43.52 
6 , 20 , 2023 , 43.47 , 42.02 , 42.77 , 42.17 
6 , 21 , 2023 , 43.22 , 41.77 , 42.50 , 42.66 
6 , 22 , 2023 , 43.87 , 42.21 , 42.30 , 42.81 
6 , 23 , 2023 , 43.76 , 42.33 , 42.59 , 43.34 
6 , 26 , 2023 , 45.04 , 43.68 , 43.75 , 44.42 
6 , 27 , 2023 , 44.83 , 43.75 , 44.69 , 43.83 
6 , 28 , 2023 , 45.24 , 43.32 , 43.50 , 44.24 
6 , 29 , 2023 , 44.28 , 42.11 , 44.09 , 42.58 
6 , 30 , 2023 , 43.43 , 42.92 , 43.11 , 43.17 
7 , 3 , 2023 , 43.40 , 42.58 , 43.17 , 43.09 
7 , 5 , 2023 , 43.88 , 42.89 , 42.89 , 43.66 
7 , 6 , 2023 , 43.00 , 41.87 , 42.99 , 42.11 
7 , 7 , 2023 , 43.12 , 41.94 , 42.07 , 42.91 
7 , 10 , 2023 , 43.20 , 42.44 , 42.58 , 42.78 
7 , 11 , 2023 , 44.67 , 41.75 , 42.10 , 44.36 
7 , 12 , 2023 , 45.22 , 43.97 , 45.00 , 44.52 
7 , 13 , 2023 , 45.94 , 44.62 , 45.21 , 45.64 
7 , 14 , 2023 , 46.40 , 44.56 , 45.91 , 44.75 
7 , 17 , 2023 , 45.65 , 44.50 , 44.68 , 45.51 
7 , 18 , 2023 , 47.75 , 45.34 , 45.34 , 47.41 
7 , 19 , 2023 , 47.90 , 46.55 , 47.10 , 47.12 
7 , 20 , 2023 , 47.50 , 45.86 , 46.07 , 46.57 
7 , 21 , 2023 , 47.34 , 46.28 , 46.55 , 47.23 
7 , 24 , 2023 , 47.55 , 46.84 , 47.06 , 47.32 
7 , 25 , 2023 , 47.73 , 46.93 , 47.20 , 47.17 
7 , 26 , 2023 , 47.56 , 46.62 , 47.05 , 47.31 
7 , 27 , 2023 , 48.09 , 46.36 , 48.00 , 46.61 
7 , 28 , 2023 , 48.43 , 46.71 , 47.14 , 48.14 
7 , 31 , 2023 , 49.49 , 48.15 , 48.77 , 49.46 
8 , 1 , 2023 , 49.03 , 46.01 , 48.67 , 46.65 
8 , 2 , 2023 , 47.71 , 45.67 , 46.06 , 46.96 
8 , 3 , 2023 , 47.85 , 45.79 , 46.22 , 45.91 
8 , 4 , 2023 , 46.38 , 45.02 , 46.00 , 45.20 
8 , 7 , 2023 , 45.53 , 44.38 , 45.01 , 44.95 
8 , 8 , 2023 , 45.24 , 44.09 , 44.50 , 45.16 
8 , 9 , 2023 , 45.46 , 43.84 , 45.25 , 44.11 
8 , 10 , 2023 , 45.18 , 44.09 , 44.13 , 44.60 
8 , 11 , 2023 , 44.30 , 43.31 , 44.00 , 43.71 
8 , 14 , 2023 , 44.89 , 42.95 , 43.50 , 44.85 
8 , 15 , 2023 , 44.88 , 44.01 , 44.70 , 44.08 
8 , 16 , 2023 , 44.33 , 43.40 , 43.98 , 43.65 
8 , 17 , 2023 , 44.86 , 43.91 , 44.18 , 43.97 
8 , 18 , 2023 , 44.84 , 43.19 , 43.27 , 44.69 
8 , 21 , 2023 , 45.30 , 44.01 , 44.98 , 44.63 
8 , 22 , 2023 , 45.18 , 44.02 , 44.94 , 44.35 
8 , 23 , 2023 , 45.62 , 44.00 , 44.00 , 45.14 
8 , 24 , 2023 , 45.72 , 44.64 , 45.24 , 44.68 
8 , 25 , 2023 , 44.84 , 43.08 , 44.71 , 43.96 
8 , 28 , 2023 , 44.52 , 43.71 , 44.11 , 44.15 
8 , 29 , 2023 , 45.59 , 44.12 , 44.21 , 45.35 
8 , 30 , 2023 , 46.75 , 45.30 , 45.35 , 46.51 
8 , 31 , 2023 , 47.57 , 46.52 , 46.69 , 47.23 
9 , 1 , 2023 , 47.70 , 46.83 , 47.51 , 47.04 
9 , 5 , 2023 , 47.14 , 46.30 , 46.87 , 46.55 
9 , 6 , 2023 , 46.85 , 45.61 , 46.34 , 45.90 
9 , 7 , 2023 , 46.68 , 45.25 , 45.50 , 46.27 
9 , 8 , 2023 , 47.25 , 46.27 , 46.34 , 47.24 
9 , 11 , 2023 , 48.97 , 47.65 , 47.74 , 48.94 
9 , 12 , 2023 , 49.19 , 47.90 , 48.34 , 47.92 
9 , 13 , 2023 , 48.36 , 47.28 , 47.51 , 48.16 
9 , 14 , 2023 , 48.70 , 47.81 , 48.63 , 48.32 
9 , 15 , 2023 , 48.49 , 47.27 , 48.19 , 47.52 
9 , 18 , 2023 , 47.35 , 46.48 , 47.30 , 46.51 
9 , 19 , 2023 , 47.76 , 46.21 , 46.40 , 47.59 
9 , 20 , 2023 , 47.54 , 46.40 , 46.87 , 46.55 
9 , 21 , 2023 , 45.79 , 43.93 , 45.79 , 44.60 
9 , 22 , 2023 , 45.35 , 44.03 , 45.16 , 44.41 
9 , 25 , 2023 , 45.11 , 44.11 , 44.14 , 44.91 
9 , 26 , 2023 , 45.39 , 44.05 , 44.50 , 44.27 
9 , 27 , 2023 , 45.47 , 44.44 , 44.51 , 45.14 
9 , 28 , 2023 , 46.58 , 44.92 , 44.92 , 46.14 
9 , 29 , 2023 , 46.92 , 45.85 , 46.75 , 45.99 
10 , 2 , 2023 , 46.29 , 45.10 , 45.57 , 45.68 
10 , 3 , 2023 , 45.61 , 44.33 , 45.36 , 44.51 
10 , 4 , 2023 , 45.49 , 44.18 , 44.79 , 44.94 
10 , 5 , 2023 , 44.93 , 43.65 , 44.84 , 44.61 
10 , 6 , 2023 , 45.95 , 44.06 , 44.06 , 45.78 
10 , 9 , 2023 , 45.60 , 44.58 , 45.15 , 45.45 
10 , 10 , 2023 , 47.28 , 45.55 , 45.75 , 46.63 
10 , 11 , 2023 , 47.21 , 46.27 , 46.90 , 46.64 
10 , 12 , 2023 , 47.04 , 45.60 , 46.54 , 45.95 
10 , 13 , 2023 , 46.29 , 42.70 , 45.82 , 43.48 
10 , 16 , 2023 , 45.00 , 43.47 , 43.77 , 44.71 
10 , 17 , 2023 , 45.26 , 44.05 , 44.41 , 44.38 
10 , 18 , 2023 , 44.20 , 42.91 , 43.90 , 43.00 
10 , 19 , 2023 , 43.27 , 42.19 , 43.02 , 42.72 
10 , 20 , 2023 , 43.35 , 42.26 , 42.72 , 42.96 
10 , 23 , 2023 , 43.97 , 42.25 , 42.53 , 43.04 
10 , 24 , 2023 , 44.33 , 43.39 , 43.50 , 44.19 
10 , 25 , 2023 , 43.49 , 42.07 , 43.30 , 42.35 
10 , 26 , 2023 , 42.30 , 40.09 , 42.14 , 40.62 
10 , 27 , 2023 , 42.15 , 40.80 , 41.21 , 41.23 
10 , 30 , 2023 , 43.00 , 42.01 , 42.01 , 42.73 
10 , 31 , 2023 , 43.53 , 42.20 , 42.82 , 43.28 
11 , 1 , 2023 , 44.00 , 42.91 , 43.25 , 43.83 
11 , 2 , 2023 , 46.86 , 45.25 , 45.35 , 46.48 
11 , 3 , 2023 , 48.15 , 46.63 , 46.92 , 47.75 
11 , 6 , 2023 , 48.30 , 47.43 , 47.94 , 48.14 
11 , 7 , 2023 , 50.04 , 46.68 , 47.00 , 49.92 
11 , 8 , 2023 , 50.30 , 48.90 , 50.04 , 49.50 
11 , 9 , 2023 , 50.68 , 49.02 , 49.30 , 50.05 
11 , 10 , 2023 , 52.10 , 49.90 , 50.01 , 51.58 
11 , 13 , 2023 , 52.42 , 50.72 , 51.17 , 52.24 
11 , 14 , 2023 , 54.31 , 52.39 , 52.90 , 53.88 
11 , 15 , 2023 , 54.26 , 53.16 , 53.92 , 53.76 
11 , 16 , 2023 , 54.51 , 53.15 , 53.50 , 54.42 
11 , 17 , 2023 , 54.51 , 54.01 , 54.13 , 54.44 
11 , 20 , 2023 , 55.36 , 53.76 , 53.83 , 54.75 
11 , 21 , 2023 , 55.08 , 53.89 , 54.23 , 54.85 
11 , 22 , 2023 , 55.82 , 54.96 , 55.10 , 55.37 
11 , 24 , 2023 , 55.94 , 55.07 , 55.15 , 55.32 
11 , 27 , 2023 , 56.46 , 55.29 , 55.47 , 56.06 
11 , 28 , 2023 , 56.45 , 55.69 , 55.98 , 56.21 
11 , 29 , 2023 , 57.13 , 56.15 , 56.49 , 56.40 
11 , 30 , 2023 , 56.77 , 55.53 , 56.61 , 56.38 
12 , 1 , 2023 , 57.87 , 56.25 , 56.67 , 57.35 
12 , 4 , 2023 , 60.92 , 58.57 , 60.01 , 58.63 
12 , 5 , 2023 , 58.66 , 57.70 , 58.01 , 57.97 
12 , 6 , 2023 , 59.98 , 58.36 , 58.37 , 59.75 
12 , 7 , 2023 , 61.00 , 59.53 , 59.67 , 60.98 
12 , 8 , 2023 , 62.25 , 60.51 , 60.51 , 61.70 
12 , 11 , 2023 , 62.99 , 60.94 , 61.53 , 62.46 
12 , 12 , 2023 , 63.03 , 61.83 , 62.07 , 62.72 
12 , 13 , 2023 , 62.88 , 61.45 , 62.71 , 61.97 
12 , 14 , 2023 , 62.81 , 60.61 , 62.01 , 62.50 
12 , 15 , 2023 , 63.53 , 61.41 , 62.16 , 61.86 
12 , 18 , 2023 , 62.49 , 61.33 , 62.01 , 61.73 
12 , 19 , 2023 , 62.70 , 61.69 , 61.88 , 62.12 
12 , 20 , 2023 , 62.28 , 60.62 , 61.49 , 60.68 
12 , 21 , 2023 , 61.76 , 60.83 , 61.24 , 61.46 
12 , 22 , 2023 , 62.24 , 61.28 , 61.70 , 61.71 
12 , 26 , 2023 , 62.20 , 61.31 , 61.71 , 61.98 
12 , 27 , 2023 , 63.43 , 62.00 , 62.00 , 63.28 
12 , 28 , 2023 , 63.53 , 62.84 , 63.45 , 63.14 
12 , 29 , 2023 , 63.14 , 61.30 , 62.36 , 61.57 
1 , 2 , 2024 , 60.91 , 57.93 , 60.73 , 58.38 
1 , 3 , 2024 , 58.90 , 57.33 , 57.48 , 58.25 
1 , 4 , 2024 , 58.99 , 57.73 , 58.25 , 57.80 
1 , 5 , 2024 , 58.51 , 57.22 , 58.11 , 57.58 
1 , 8 , 2024 , 59.16 , 57.85 , 58.09 , 59.01 
1 , 9 , 2024 , 60.54 , 58.45 , 58.50 , 60.30 
1 , 10 , 2024 , 62.61 , 60.28 , 60.28 , 62.41 
1 , 11 , 2024 , 63.61 , 61.86 , 62.99 , 63.47 
1 , 12 , 2024 , 64.92 , 63.00 , 63.20 , 63.20 
1 , 16 , 2024 , 64.00 , 62.92 , 63.00 , 63.65 
1 , 17 , 2024 , 63.42 , 61.68 , 62.95 , 63.12 
1 , 18 , 2024 , 65.00 , 63.39 , 64.00 , 64.88 
1 , 19 , 2024 , 65.39 , 64.41 , 64.90 , 65.11 
1 , 22 , 2024 , 65.61 , 64.15 , 65.44 , 64.55 
1 , 23 , 2024 , 64.81 , 63.69 , 64.50 , 64.32 
1 , 24 , 2024 , 64.40 , 63.22 , 64.00 , 63.76 
1 , 25 , 2024 , 66.03 , 63.71 , 64.28 , 66.00 
1 , 26 , 2024 , 66.05 , 65.29 , 65.65 , 65.52 
1 , 29 , 2024 , 67.10 , 65.56 , 65.60 , 66.98 
1 , 30 , 2024 , 67.69 , 66.22 , 66.90 , 66.84 
1 , 31 , 2024 , 66.25 , 64.85 , 65.70 , 65.27 
2 , 1 , 2024 , 66.85 , 65.59 , 66.12 , 66.73 
2 , 2 , 2024 , 68.25 , 66.51 , 66.98 , 68.07 
2 , 5 , 2024 , 69.99 , 67.86 , 68.24 , 68.99 
2 , 6 , 2024 , 70.68 , 68.44 , 69.06 , 70.47 
2 , 7 , 2024 , 71.90 , 67.24 , 67.60 , 70.65 
2 , 8 , 2024 , 73.05 , 71.20 , 71.93 , 71.61 
2 , 9 , 2024 , 72.04 , 69.69 , 71.43 , 70.91 
2 , 12 , 2024 , 71.38 , 68.74 , 71.00 , 69.12 
2 , 13 , 2024 , 69.55 , 66.71 , 67.90 , 68.99 
2 , 14 , 2024 , 79.20 , 74.31 , 74.60 , 79.15 
2 , 15 , 2024 , 81.87 , 78.28 , 79.00 , 81.39 
2 , 16 , 2024 , 80.88 , 78.11 , 80.55 , 78.41 
2 , 20 , 2024 , 78.42 , 75.82 , 78.23 , 76.60 
2 , 21 , 2024 , 77.49 , 75.88 , 76.32 , 76.44 
2 , 22 , 2024 , 79.72 , 77.51 , 79.59 , 78.03 
2 , 23 , 2024 , 78.97 , 77.72 , 78.50 , 78.20 
2 , 26 , 2024 , 78.50 , 77.30 , 78.28 , 78.36 
2 , 27 , 2024 , 79.75 , 77.81 , 78.64 , 78.75 
2 , 28 , 2024 , 78.66 , 77.42 , 78.60 , 77.73 
2 , 29 , 2024 , 79.68 , 77.93 , 78.35 , 79.50 
3 , 1 , 2024 , 81.47 , 79.32 , 79.50 , 81.03 
3 , 4 , 2024 , 82.14 , 80.79 , 81.94 , 81.30 
3 , 5 , 2024 , 80.85 , 77.43 , 80.83 , 79.09 
3 , 6 , 2024 , 80.99 , 78.53 , 80.17 , 78.64 
3 , 7 , 2024 , 80.08 , 78.26 , 79.40 , 79.41 
3 , 8 , 2024 , 81.98 , 78.21 , 79.94 , 78.70 
3 , 11 , 2024 , 78.89 , 76.53 , 78.70 , 77.47 
3 , 12 , 2024 , 78.48 , 77.48 , 78.01 , 78.32 
3 , 13 , 2024 , 79.69 , 77.93 , 78.00 , 78.25 
3 , 14 , 2024 , 78.48 , 76.90 , 78.34 , 77.65 
3 , 15 , 2024 , 77.84 , 75.77 , 77.00 , 76.07 
3 , 18 , 2024 , 77.00 , 73.66 , 77.00 , 75.70 
3 , 19 , 2024 , 77.18 , 74.19 , 75.38 , 77.08 
3 , 20 , 2024 , 78.95 , 76.75 , 77.09 , 78.64 
3 , 21 , 2024 , 81.23 , 79.09 , 79.60 , 80.25 
3 , 22 , 2024 , 80.45 , 79.20 , 79.80 , 80.23 
3 , 25 , 2024 , 81.04 , 79.39 , 79.99 , 79.41 
3 , 26 , 2024 , 80.18 , 77.78 , 79.80 , 77.91 
3 , 27 , 2024 , 79.00 , 76.85 , 78.96 , 78.11 
3 , 28 , 2024 , 78.05 , 76.90 , 77.90 , 76.99 
4 , 1 , 2024 , 77.78 , 76.00 , 77.00 , 76.40 
4 , 2 , 2024 , 77.33 , 74.97 , 75.66 , 76.98 
4 , 3 , 2024 , 78.85 , 76.54 , 76.84 , 76.81 
4 , 4 , 2024 , 77.67 , 74.48 , 77.24 , 74.92 
4 , 5 , 2024 , 78.40 , 74.92 , 75.34 , 77.16 
4 , 8 , 2024 , 76.86 , 73.95 , 76.70 , 75.03 
4 , 9 , 2024 , 75.50 , 73.33 , 74.77 , 75.14 
4 , 10 , 2024 , 75.31 , 73.54 , 74.40 , 74.35 
4 , 11 , 2024 , 76.56 , 74.71 , 74.80 , 76.18 
4 , 12 , 2024 , 75.82 , 74.49 , 75.05 , 75.28 
4 , 15 , 2024 , 76.68 , 72.88 , 76.38 , 73.40 
4 , 16 , 2024 , 74.70 , 72.70 , 73.39 , 74.13 
4 , 17 , 2024 , 75.62 , 71.04 , 75.00 , 71.94 
4 , 18 , 2024 , 72.86 , 70.64 , 72.26 , 71.30 
4 , 19 , 2024 , 71.15 , 68.38 , 71.15 , 69.20 
4 , 22 , 2024 , 70.89 , 68.48 , 70.48 , 68.98 
4 , 23 , 2024 , 71.14 , 69.62 , 70.02 , 70.80 
4 , 24 , 2024 , 70.22 , 67.37 , 70.15 , 69.36 
4 , 25 , 2024 , 70.29 , 67.38 , 67.86 , 69.31 
4 , 26 , 2024 , 70.15 , 68.70 , 69.98 , 69.05 
4 , 29 , 2024 , 68.66 , 67.20 , 68.50 , 67.40 
4 , 30 , 2024 , 68.60 , 66.07 , 67.23 , 66.27 
5 , 1 , 2024 , 69.41 , 65.86 , 66.04 , 67.79 
5 , 2 , 2024 , 69.04 , 67.63 , 68.40 , 68.57 
5 , 3 , 2024 , 70.34 , 69.03 , 69.85 , 69.23 
5 , 6 , 2024 , 73.82 , 70.83 , 71.00 , 71.51 
5 , 7 , 2024 , 72.64 , 69.80 , 72.64 , 70.43 
5 , 8 , 2024 , 67.20 , 63.84 , 64.50 , 66.40 
5 , 9 , 2024 , 68.57 , 66.75 , 66.81 , 67.93 
5 , 10 , 2024 , 67.90 , 66.40 , 67.82 , 66.99 
5 , 13 , 2024 , 67.06 , 64.72 , 67.00 , 66.02 
5 , 14 , 2024 , 66.10 , 64.75 , 65.85 , 65.32 
5 , 15 , 2024 , 66.66 , 65.22 , 66.00 , 66.62 
5 , 16 , 2024 , 67.33 , 66.00 , 66.97 , 66.05 
5 , 17 , 2024 , 66.64 , 65.52 , 66.50 , 65.67 
5 , 20 , 2024 , 65.87 , 64.31 , 65.64 , 64.65 
5 , 21 , 2024 , 64.65 , 63.81 , 64.13 , 63.97 
5 , 22 , 2024 , 66.09 , 64.52 , 64.82 , 65.48 
5 , 23 , 2024 , 65.80 , 63.25 , 65.56 , 63.60 
5 , 24 , 2024 , 64.76 , 63.62 , 63.78 , 64.26 
5 , 28 , 2024 , 64.61 , 63.10 , 64.61 , 63.52 
5 , 29 , 2024 , 65.37 , 62.91 , 63.01 , 64.93 
5 , 30 , 2024 , 65.41 , 63.72 , 64.79 , 64.12 
5 , 31 , 2024 , 64.63 , 63.14 , 64.20 , 64.56 
6 , 3 , 2024 , 64.96 , 62.94 , 64.78 , 63.79 
6 , 4 , 2024 , 65.19 , 63.70 , 64.06 , 64.55 
6 , 5 , 2024 , 66.28 , 64.21 , 65.02 , 65.82 
6 , 6 , 2024 , 69.69 , 67.33 , 67.45 , 68.90 
6 , 7 , 2024 , 69.71 , 68.11 , 68.90 , 69.31 
6 , 10 , 2024 , 69.69 , 66.56 , 69.28 , 68.60 
6 , 11 , 2024 , 69.60 , 67.76 , 68.60 , 69.59 
6 , 12 , 2024 , 73.60 , 71.00 , 71.31 , 73.15 
6 , 13 , 2024 , 73.16 , 70.24 , 73.16 , 70.86 
6 , 14 , 2024 , 71.00 , 69.32 , 70.91 , 70.06 
6 , 17 , 2024 , 70.83 , 69.83 , 69.91 , 70.49 
6 , 18 , 2024 , 71.21 , 69.89 , 70.60 , 70.33 
6 , 20 , 2024 , 71.12 , 69.73 , 70.51 , 70.30 
6 , 21 , 2024 , 70.25 , 69.23 , 70.04 , 70.21 
6 , 24 , 2024 , 71.23 , 69.75 , 69.83 , 70.54 
6 , 25 , 2024 , 72.94 , 70.22 , 71.86 , 71.38 
6 , 26 , 2024 , 71.60 , 70.55 , 70.94 , 70.85 
6 , 27 , 2024 , 71.32 , 70.07 , 70.98 , 70.34 
6 , 28 , 2024 , 73.26 , 70.77 , 70.81 , 72.68 
7 , 1 , 2024 , 72.58 , 69.40 , 72.20 , 71.10 
7 , 2 , 2024 , 71.26 , 68.88 , 71.25 , 70.67 
7 , 3 , 2024 , 72.14 , 70.50 , 70.66 , 71.30 
7 , 5 , 2024 , 71.42 , 70.39 , 70.99 , 71.06 
7 , 8 , 2024 , 71.78 , 70.75 , 71.31 , 71.25 
7 , 9 , 2024 , 72.28 , 71.13 , 71.40 , 71.32 
7 , 10 , 2024 , 71.50 , 68.38 , 71.50 , 69.27 
7 , 11 , 2024 , 73.65 , 68.85 , 69.51 , 73.53 
7 , 12 , 2024 , 73.80 , 72.11 , 72.11 , 72.43 
7 , 15 , 2024 , 73.25 , 70.76 , 73.06 , 72.29 
7 , 16 , 2024 , 75.40 , 73.11 , 73.11 , 74.30 
7 , 17 , 2024 , 73.41 , 68.56 , 73.38 , 68.62 
7 , 18 , 2024 , 69.34 , 65.81 , 69.00 , 66.26 
7 , 19 , 2024 , 67.44 , 66.10 , 66.78 , 67.31 
7 , 22 , 2024 , 68.78 , 67.09 , 67.53 , 67.73 
7 , 23 , 2024 , 69.10 , 67.28 , 68.05 , 67.52 
7 , 24 , 2024 , 67.79 , 65.78 , 67.27 , 66.14 
7 , 25 , 2024 , 69.37 , 64.40 , 66.00 , 65.74 
7 , 26 , 2024 , 66.26 , 64.18 , 66.10 , 64.40 
7 , 29 , 2024 , 65.26 , 63.72 , 64.84 , 63.76 
7 , 30 , 2024 , 64.77 , 62.61 , 64.15 , 63.09 
7 , 31 , 2024 , 65.18 , 63.66 , 63.88 , 64.47 
8 , 1 , 2024 , 65.00 , 60.76 , 64.86 , 61.02 
8 , 2 , 2024 , 59.58 , 56.86 , 59.38 , 58.99 
8 , 5 , 2024 , 58.65 , 54.84 , 55.53 , 58.48 
8 , 6 , 2024 , 65.82 , 60.50 , 62.55 , 64.87 
8 , 7 , 2024 , 68.40 , 65.49 , 65.56 , 65.54 
8 , 8 , 2024 , 69.17 , 65.95 , 66.53 , 69.01 
8 , 9 , 2024 , 69.38 , 67.75 , 69.14 , 68.54 
8 , 12 , 2024 , 69.31 , 68.02 , 68.61 , 69.26 
8 , 13 , 2024 , 71.19 , 69.38 , 69.77 , 71.06 
8 , 14 , 2024 , 72.00 , 70.61 , 71.60 , 71.93 
8 , 15 , 2024 , 73.42 , 72.29 , 72.51 , 72.73 
8 , 16 , 2024 , 73.35 , 71.76 , 72.50 , 72.04 
8 , 19 , 2024 , 74.22 , 71.80 , 72.00 , 74.18 
8 , 20 , 2024 , 74.48 , 73.28 , 74.27 , 73.31 
8 , 21 , 2024 , 74.29 , 73.06 , 73.72 , 73.48 
8 , 22 , 2024 , 74.12 , 72.67 , 73.55 , 73.31 
8 , 23 , 2024 , 74.46 , 72.35 , 72.85 , 74.30 
8 , 26 , 2024 , 74.30 , 72.11 , 74.30 , 72.61 
8 , 27 , 2024 , 73.09 , 71.80 , 72.49 , 72.56 
8 , 28 , 2024 , 72.55 , 71.02 , 72.50 , 71.85 
8 , 29 , 2024 , 73.28 , 72.13 , 72.50 , 72.24 
8 , 30 , 2024 , 73.42 , 72.06 , 72.89 , 73.13 
9 , 3 , 2024 , 73.61 , 71.21 , 72.57 , 71.89 
9 , 4 , 2024 , 72.69 , 71.30 , 71.52 , 71.56 
9 , 5 , 2024 , 72.62 , 70.92 , 71.08 , 71.25 
9 , 6 , 2024 , 72.02 , 68.73 , 71.13 , 69.58 
9 , 9 , 2024 , 71.19 , 69.63 , 70.95 , 69.80 
9 , 10 , 2024 , 70.46 , 67.64 , 70.00 , 68.99 
9 , 11 , 2024 , 70.22 , 67.12 , 68.83 , 70.11 
9 , 12 , 2024 , 70.49 , 67.85 , 70.06 , 68.09 
9 , 13 , 2024 , 72.76 , 70.94 , 72.40 , 72.48 
9 , 16 , 2024 , 72.50 , 71.04 , 72.36 , 71.52 
9 , 17 , 2024 , 73.73 , 71.31 , 71.97 , 72.78 
9 , 18 , 2024 , 74.74 , 72.19 , 72.77 , 73.50 
9 , 19 , 2024 , 76.46 , 74.56 , 74.98 , 75.28 
9 , 20 , 2024 , 75.05 , 73.45 , 74.82 , 73.94 
9 , 23 , 2024 , 75.27 , 73.78 , 75.11 , 74.71 
9 , 24 , 2024 , 77.51 , 75.97 , 76.00 , 77.44 
9 , 25 , 2024 , 78.28 , 77.08 , 77.51 , 77.14 
9 , 26 , 2024 , 78.45 , 75.13 , 78.36 , 76.69 
9 , 27 , 2024 , 77.08 , 75.70 , 77.03 , 75.75 
9 , 30 , 2024 , 75.72 , 74.26 , 75.32 , 75.16 
10 , 1 , 2024 , 75.77 , 73.84 , 75.77 , 74.24 
10 , 2 , 2024 , 74.31 , 72.79 , 74.09 , 72.87 
10 , 3 , 2024 , 73.21 , 71.90 , 72.56 , 72.94 
10 , 4 , 2024 , 74.32 , 73.22 , 74.11 , 74.28 
10 , 7 , 2024 , 75.74 , 73.73 , 74.26 , 74.59 
10 , 8 , 2024 , 77.02 , 75.06 , 75.25 , 76.17 
10 , 9 , 2024 , 77.96 , 75.96 , 76.00 , 77.87 
10 , 10 , 2024 , 78.24 , 76.90 , 77.65 , 77.92 
10 , 11 , 2024 , 87.00 , 81.86 , 82.00 , 86.34 
10 , 14 , 2024 , 86.18 , 84.18 , 85.64 , 84.94 
10 , 15 , 2024 , 84.77 , 82.65 , 84.77 , 83.20 
10 , 16 , 2024 , 83.48 , 81.62 , 82.93 , 81.90 
10 , 17 , 2024 , 80.88 , 79.41 , 79.92 , 79.90 
10 , 18 , 2024 , 80.55 , 78.80 , 80.53 , 79.16 
10 , 21 , 2024 , 80.57 , 79.55 , 79.94 , 80.46 
10 , 22 , 2024 , 81.25 , 79.98 , 80.47 , 80.41 
10 , 23 , 2024 , 80.32 , 79.36 , 80.06 , 79.83 
10 , 24 , 2024 , 78.60 , 77.14 , 78.01 , 78.38 
10 , 25 , 2024 , 78.84 , 76.96 , 78.26 , 77.62 
10 , 28 , 2024 , 78.38 , 77.47 , 78.20 , 77.69 
10 , 29 , 2024 , 79.99 , 77.77 , 77.85 , 79.21 
10 , 30 , 2024 , 80.08 , 78.82 , 79.23 , 79.43 
10 , 31 , 2024 , 74.99 , 69.87 , 74.50 , 72.05 
11 , 1 , 2024 , 74.15 , 72.25 , 73.94 , 73.25 
11 , 4 , 2024 , 74.22 , 72.66 , 72.75 , 73.25 
11 , 5 , 2024 , 74.34 , 73.24 , 73.55 , 74.15 
11 , 6 , 2024 , 74.62 , 70.74 , 73.46 , 74.36 
11 , 7 , 2024 , 76.40 , 72.74 , 76.10 , 73.13 
11 , 8 , 2024 , 73.56 , 71.56 , 73.44 , 72.04 
11 , 11 , 2024 , 73.00 , 71.34 , 72.50 , 71.65 
11 , 12 , 2024 , 72.68 , 71.20 , 71.97 , 71.37 
11 , 13 , 2024 , 72.08 , 70.55 , 71.53 , 71.16 
11 , 14 , 2024 , 72.75 , 70.76 , 71.16 , 71.44 
11 , 15 , 2024 , 73.63 , 71.76 , 72.10 , 73.25 
11 , 18 , 2024 , 72.04 , 67.80 , 72.04 , 69.33 
11 , 19 , 2024 , 69.60 , 68.20 , 68.51 , 69.13 
11 , 20 , 2024 , 70.33 , 68.95 , 69.29 , 69.60 
11 , 21 , 2024 , 70.87 , 68.80 , 70.25 , 69.64 
11 , 22 , 2024 , 71.54 , 69.35 , 70.00 , 71.51 
11 , 25 , 2024 , 73.55 , 71.83 , 72.51 , 73.42 
11 , 26 , 2024 , 73.50 , 71.34 , 73.49 , 71.56 
11 , 27 , 2024 , 72.70 , 71.01 , 72.06 , 71.62 
11 , 29 , 2024 , 72.44 , 71.52 , 71.70 , 71.96 
12 , 2 , 2024 , 73.44 , 71.47 , 71.93 , 73.07 
12 , 3 , 2024 , 73.25 , 71.25 , 73.06 , 71.27 
12 , 4 , 2024 , 72.40 , 70.65 , 71.40 , 72.16 
12 , 5 , 2024 , 72.03 , 64.28 , 71.93 , 65.23 
12 , 6 , 2024 , 67.10 , 65.20 , 66.45 , 66.09 
12 , 9 , 2024 , 66.17 , 65.06 , 65.50 , 65.74 
12 , 10 , 2024 , 65.76 , 64.64 , 65.67 , 64.96 
12 , 11 , 2024 , 64.70 , 60.23 , 64.50 , 61.18 
12 , 12 , 2024 , 63.54 , 61.25 , 63.17 , 61.41 
12 , 13 , 2024 , 62.26 , 59.74 , 61.86 , 59.93 
12 , 16 , 2024 , 61.30 , 60.12 , 60.31 , 60.25 
12 , 17 , 2024 , 61.04 , 59.33 , 59.42 , 61.03 
12 , 18 , 2024 , 63.94 , 60.85 , 61.39 , 61.23 
12 , 19 , 2024 , 62.31 , 59.98 , 61.85 , 60.21 
12 , 20 , 2024 , 61.39 , 59.75 , 60.09 , 60.73 
12 , 23 , 2024 , 62.22 , 60.76 , 60.88 , 61.87 
12 , 24 , 2024 , 61.98 , 60.88 , 61.97 , 61.71 
12 , 26 , 2024 , 61.97 , 61.16 , 61.60 , 61.56 
12 , 27 , 2024 , 61.26 , 60.02 , 61.19 , 61.13 
12 , 30 , 2024 , 61.37 , 60.12 , 60.58 , 60.77 
12 , 31 , 2024 , 61.10 , 60.17 , 61.00 , 60.32 
1 , 2 , 2025 , 63.39 , 61.31 , 62.19 , 63.17 
1 , 3 , 2025 , 65.22 , 63.44 , 63.69 , 64.59 
1 , 6 , 2025 , 67.35 , 66.04 , 66.97 , 66.31 
1 , 7 , 2025 , 68.84 , 65.95 , 68.49 , 66.15 
1 , 8 , 2025 , 66.68 , 64.12 , 66.40 , 64.91 
1 , 10 , 2025 , 66.60 , 63.96 , 64.02 , 65.97 
1 , 13 , 2025 , 67.20 , 65.02 , 65.16 , 65.70 
1 , 14 , 2025 , 66.81 , 64.62 , 66.16 , 64.84 
1 , 15 , 2025 , 67.25 , 66.01 , 66.01 , 67.02 
1 , 16 , 2025 , 69.58 , 67.64 , 67.75 , 68.58 
1 , 17 , 2025 , 69.02 , 67.23 , 68.80 , 67.34 
1 , 21 , 2025 , 68.18 , 66.85 , 68.00 , 67.74 
1 , 22 , 2025 , 68.43 , 67.50 , 68.39 , 67.82 
1 , 23 , 2025 , 68.37 , 67.24 , 67.60 , 68.30 
1 , 24 , 2025 , 69.31 , 68.40 , 68.69 , 68.56 
1 , 27 , 2025 , 69.41 , 67.37 , 67.64 , 68.77 
1 , 28 , 2025 , 69.68 , 67.16 , 68.33 , 68.07 
1 , 29 , 2025 , 68.06 , 65.82 , 67.80 , 66.75 
1 , 30 , 2025 , 67.22 , 63.42 , 63.42 , 66.59 
1 , 31 , 2025 , 67.87 , 66.33 , 67.09 , 66.85 
2 , 3 , 2025 , 68.85 , 65.18 , 65.30 , 67.29 
2 , 4 , 2025 , 70.19 , 67.69 , 67.69 , 69.75 
2 , 5 , 2025 , 66.75 , 63.50 , 66.50 , 64.48 
2 , 6 , 2025 , 70.05 , 65.54 , 65.67 , 69.99 
2 , 7 , 2025 , 76.78 , 70.13 , 70.36 , 74.60 
2 , 10 , 2025 , 78.99 , 76.80 , 77.10 , 78.63 
2 , 11 , 2025 , 79.20 , 76.60 , 78.91 , 76.95 
2 , 12 , 2025 , 80.10 , 74.15 , 74.97 , 79.35 
2 , 13 , 2025 , 80.53 , 78.51 , 79.12 , 80.29 
2 , 14 , 2025 , 80.35 , 78.87 , 80.35 , 79.42 
2 , 18 , 2025 , 81.51 , 79.75 , 79.85 , 81.49 
2 , 19 , 2025 , 81.90 , 79.26 , 80.79 , 81.16 
2 , 20 , 2025 , 81.84 , 80.06 , 81.23 , 81.26 
2 , 21 , 2025 , 82.10 , 78.36 , 81.26 , 78.89 
2 , 24 , 2025 , 78.88 , 74.85 , 78.65 , 76.42 
2 , 25 , 2025 , 76.37 , 73.53 , 76.36 , 74.95 
2 , 26 , 2025 , 76.49 , 75.31 , 75.33 , 75.87 
2 , 27 , 2025 , 77.69 , 73.71 , 75.95 , 74.21 
2 , 28 , 2025 , 76.11 , 73.58 , 74.28 , 76.01 
3 , 3 , 2025 , 77.74 , 73.68 , 77.06 , 74.44 
3 , 4 , 2025 , 76.68 , 71.60 , 72.93 , 75.26 
3 , 5 , 2025 , 76.94 , 74.93 , 75.65 , 76.48 
3 , 6 , 2025 , 77.22 , 74.73 , 75.32 , 74.96 
3 , 7 , 2025 , 76.70 , 73.78 , 73.99 , 76.27 
3 , 10 , 2025 , 75.49 , 71.97 , 74.94 , 73.06 
3 , 11 , 2025 , 74.25 , 69.57 , 71.44 , 70.65 
3 , 12 , 2025 , 72.42 , 69.55 , 72.31 , 71.20 
3 , 13 , 2025 , 72.00 , 69.36 , 71.68 , 69.51 
3 , 14 , 2025 , 71.79 , 70.33 , 70.55 , 71.55 
3 , 17 , 2025 , 73.81 , 71.78 , 72.02 , 72.73 
3 , 18 , 2025 , 72.68 , 70.48 , 72.20 , 71.55 
3 , 19 , 2025 , 73.79 , 70.73 , 71.92 , 73.02 
3 , 20 , 2025 , 75.54 , 72.46 , 72.56 , 74.35 
3 , 21 , 2025 , 76.00 , 72.77 , 73.72 , 75.84 
3 , 24 , 2025 , 77.58 , 75.44 , 76.97 , 76.51 
3 , 25 , 2025 , 76.71 , 75.05 , 76.60 , 75.61 
3 , 26 , 2025 , 75.64 , 73.23 , 75.55 , 74.18 
3 , 27 , 2025 , 75.62 , 73.53 , 73.90 , 74.86 
3 , 28 , 2025 , 74.92 , 72.38 , 74.50 , 72.75 
3 , 31 , 2025 , 73.30 , 70.50 , 71.40 , 72.86 
4 , 1 , 2025 , 73.07 , 70.83 , 72.60 , 72.99 
4 , 2 , 2025 , 75.41 , 72.00 , 72.00 , 74.50 
4 , 3 , 2025 , 72.44 , 69.77 , 71.72 , 69.85 
4 , 4 , 2025 , 67.56 , 63.94 , 66.70 , 64.62 
4 , 7 , 2025 , 67.59 , 60.63 , 62.52 , 65.64 
4 , 8 , 2025 , 70.07 , 63.50 , 69.31 , 65.07 
4 , 9 , 2025 , 73.40 , 64.95 , 65.00 , 72.68 
4 , 10 , 2025 , 72.87 , 68.34 , 71.75 , 70.94 
4 , 11 , 2025 , 72.40 , 69.33 , 70.46 , 72.28 
4 , 14 , 2025 , 73.65 , 72.23 , 73.52 , 73.10 
4 , 15 , 2025 , 74.72 , 73.10 , 73.10 , 74.02 
4 , 16 , 2025 , 74.80 , 72.05 , 73.58 , 73.06 
4 , 17 , 2025 , 75.91 , 73.76 , 73.98 , 75.24 
4 , 21 , 2025 , 75.44 , 71.27 , 74.44 , 72.92 
4 , 22 , 2025 , 75.56 , 73.35 , 73.85 , 74.44 
4 , 23 , 2025 , 77.58 , 73.23 , 76.93 , 73.77 
4 , 24 , 2025 , 78.38 , 73.86 , 74.16 , 78.10 
4 , 25 , 2025 , 80.55 , 77.47 , 78.57 , 77.75 
4 , 28 , 2025 , 78.78 , 77.04 , 78.11 , 78.33 
4 , 29 , 2025 , 79.73 , 78.03 , 78.33 , 79.42 
4 , 30 , 2025 , 81.22 , 77.30 , 77.77 , 81.01 
